100 0 1.77208e-40 0 0 0 0 0 0
200 0 5.56477e-40 0 0 0 0 0 0
300 0 9.35657e-40 0 0 0 0 0 0
400 0 1.23531e-39 0 0 0 0 0 0
500 0 1.44704e-39 0 0 0 0 0 0
600 0 1.59075e-39 0 0 0 0 0 0
700 0 1.68165e-39 0 0 0 0 0 0
800 0 1.74937e-39 0 0 0 0 0 0
900 0 1.78439e-39 0 0 0 0 0 0
1000 0 1.80756e-39 0 0 0 0 0 0
1100 0 1.83031e-39 0 0 0 0 0 0
1200 0 1.82698e-39 0 0 0 0 0 0
1300 0 1.84288e-39 0 0 0 0 0 0
1400 0 1.84216e-39 0 0 0 0 0 0
1500 0 1.82219e-39 0 0 0 0 0 0
1600 0 1.84029e-39 0 0 0 0 0 0
1700 0 1.84018e-39 0 0 0 0 0 0
1800 0 1.82522e-39 0 0 0 0 0 0
1900 0 1.81459e-39 0 0 0 0 0 0
2000 0 1.81489e-39 0 0 0 0 0 0
