100 0 2.12659e-40 0 0 0 0 0 0
200 0 6.58769e-40 0 0 0 0 0 0
300 0 1.09895e-39 0 0 0 0 0 0
400 0 1.44197e-39 0 0 0 0 0 0
500 0 1.68435e-39 0 0 0 0 0 0
600 0 1.84454e-39 0 0 0 0 0 0
700 0 1.95447e-39 0 0 0 0 0 0
800 0 2.02202e-39 0 0 0 0 0 0
900 0 2.0626e-39 0 0 0 0 0 0
1000 0 2.09005e-39 0 0 0 0 0 0
1100 0 2.09736e-39 0 0 0 0 0 0
1200 0 2.10398e-39 0 0 0 0 0 0
1300 0 2.11299e-39 0 0 0 0 0 0
1400 0 2.11809e-39 0 0 0 0 0 0
1500 0 2.10745e-39 0 0 0 0 0 0
1600 0 2.11594e-39 0 0 0 0 0 0
1700 0 2.11021e-39 0 0 0 0 0 0
1800 0 2.09645e-39 0 0 0 0 0 0
1900 0 2.08395e-39 0 0 0 0 0 0
2000 0 2.08557e-39 0 0 0 0 0 0
