100 0 1.67776e-40 0 0 0 0 0 0
200 0 5.0294e-40 0 0 0 0 0 0
300 0 8.21643e-40 0 0 0 0 0 0
400 0 1.06298e-39 0 0 0 0 0 0
500 0 1.22776e-39 0 0 0 0 0 0
600 0 1.33869e-39 0 0 0 0 0 0
700 0 1.4075e-39 0 0 0 0 0 0
800 0 1.45132e-39 0 0 0 0 0 0
900 0 1.47582e-39 0 0 0 0 0 0
1000 0 1.48894e-39 0 0 0 0 0 0
1100 0 1.4938e-39 0 0 0 0 0 0
1200 0 1.49784e-39 0 0 0 0 0 0
1300 0 1.49905e-39 0 0 0 0 0 0
1400 0 1.49862e-39 0 0 0 0 0 0
1500 0 1.488e-39 0 0 0 0 0 0
1600 0 1.48653e-39 0 0 0 0 0 0
1700 0 1.48087e-39 0 0 0 0 0 0
1800 0 1.47176e-39 0 0 0 0 0 0
1900 0 1.47168e-39 0 0 0 0 0 0
2000 0 1.44875e-39 0 0 0 0 0 0
