100 0 2.05843e-40 0 0 0 0 0 0
200 0 6.09837e-40 0 0 0 0 0 0
300 0 9.89738e-40 0 0 0 0 0 0
400 0 1.27547e-39 0 0 0 0 0 0
500 0 1.47001e-39 0 0 0 0 0 0
600 0 1.59816e-39 0 0 0 0 0 0
700 0 1.68032e-39 0 0 0 0 0 0
800 0 1.72941e-39 0 0 0 0 0 0
900 0 1.75943e-39 0 0 0 0 0 0
1000 0 1.77676e-39 0 0 0 0 0 0
1100 0 1.79083e-39 0 0 0 0 0 0
1200 0 1.7874e-39 0 0 0 0 0 0
1300 0 1.79318e-39 0 0 0 0 0 0
1400 0 1.78582e-39 0 0 0 0 0 0
1500 0 1.7764e-39 0 0 0 0 0 0
1600 0 1.78355e-39 0 0 0 0 0 0
1700 0 1.77444e-39 0 0 0 0 0 0
1800 0 1.76933e-39 0 0 0 0 0 0
1900 0 1.75669e-39 0 0 0 0 0 0
2000 0 1.73407e-39 0 0 0 0 0 0
