0.01 1.22491868711105
0.03 1.25825113683663
0.05 1.27127669695742
0.07 1.26512829729774
0.09 1.26232807521952
0.11 1.25151486178007
0.13 1.24050644665549
0.15 1.25691673122422
0.17 1.27120556061987
0.19 1.24905797101449
0.21 1.20602597780704
0.23 1.24383690245862
0.25 1.26440552439208
0.27 1.22252515887514
0.29 1.2278386677554
0.31 1.22432895390098
0.33 1.2532289846913
0.35 1.21696109473948
0.37 1.23727515342145
0.39 1.24199485348458
0.41 1.23081772102895
0.43 1.22671301606701
0.45 1.22382461443453
0.47 1.22049594330626
0.49 1.2315652262341
0.51 1.24901931034047
0.53 1.23852193531603
0.55 1.22523287028432
0.57 1.21544270009136
0.59 1.24417305502846
0.61 1.22918010638168
0.63 1.21549896644236
0.65 1.23536031455495
0.67 1.15619840985112
0.69 1.18459058079468
0.71 1.20594069751183
0.73 1.17931852554788
0.75 1.24805489886425
0.77 1.22466870444978
0.79 1.21258165249204
0.81 1.20692751930019
0.83 1.18319420938393
0.85 1.2330333276273
0.87 1.20098767057894
0.89 1.21918139207954
0.91 1.18860160648964
0.93 1.20929356856865
0.95 1.19476372581186
0.97 1.26935460131729
0.99 1.24447625258364
1.01 1.26454373454803
1.03 1.19181885179169
1.05 1.17035429750825
1.07 1.22542250556324
1.09 1.18167867772382
1.11 1.25696798860354
1.13 1.19347781340384
1.15 1.24341063133893
1.17 1.24052070106494
1.19 1.24800899291854
1.21 1.2112784060095
1.23 1.28428445234245
1.25 1.20111654155299
1.27 1.21664877162023
1.29 1.22280977074236
1.31 1.18716637201558
1.33 1.17875145076711
1.35 1.20866726652577
1.37 1.23631502341476
1.39 1.30176834577403
1.41 1.2535303369204
1.43 1.18304119701409
1.45 1.18055477330329
1.47 1.20145328202638
1.49 1.26949831886481
1.51 1.18893430493453
1.53 1.12437834268993
1.55 1.18851413877363
1.57 1.28874102933079
1.59 1.23908998029629
1.61 1.24802032687293
1.63 1.32225425583475
1.65 1.13712057810942
1.67 1.14823917308898
1.69 1.21893579401039
1.71 1.17048269565847
1.73 1.29943629259559
1.75 1.1357869848052
1.77 1.25429448844351
1.79 1.24568814677798
1.81 1.13654922123091
1.83 1.11291767594651
1.85 1.26240113464503
1.87 1.25040166846903
1.89 1.17769660345592
1.91 1.40964549495714
1.93 1.19980358613698
1.95 1.23448233562316
1.97 1.142043345791
1.99 1.13911975328002
