##############################################################################################
################################## BEAMS #####################################################
################################################################################################
#beam_type=2

# beam_content parameter is intended for mixed (neutino, antineutrino) beams
# to use it please set beam_type =1
# each beam_content line is of the form
# beam_content = beam_particle percentage% beam_energy 

beam_content = 14 50% 0 3000 
beam_content += -14 50% 0 6000  


#beam_energy = 1000















# new MB flux, antinumu mode, muon neutrino flux, relative multiplicity is 0.185191
#beam_energy = 0 7600 2.298e-12 5.903e-12 3.726e-12 2.338e-12 2.57e-12 1.797e-12 1.776e-12 1.855e-12 1.834e-12 1.77e-12 1.701e-12 1.618e-12 1.555e-12 1.493e-12 1.425e-12 1.357e-12 1.302e-12 1.236e-12 1.192e-12 1.141e-12 1.087e-12 1.044e-12 9.967e-13 9.435e-13 8.826e-13 8.32e-13 7.736e-13 7.18e-13 6.609e-13 6.053e-13 5.533e-13 5.058e-13 4.577e-13 4.134e-13 3.725e-13 3.336e-13 3.003e-13 2.663e-13 2.375e-13 2.126e-13 1.886e-13 1.669e-13 1.486e-13 1.31e-13 1.171e-13 1.03e-13 9.279e-14 8.199e-14 7.353e-14 6.577e-14 5.83e-14 5.318e-14 4.822e-14 4.317e-14 3.997e-14 3.619e-14 3.375e-14 3.05e-14 2.926e-14 2.705e-14 2.659e-14 2.502e-14 2.391e-14 2.297e-14 2.191e-14 2.118e-14 2.052e-14 1.945e-14 1.886e-14 1.828e-14 1.759e-14 1.638e-14 1.569e-14 1.51e-14 1.471e-14 1.385e-14 1.349e-14 1.301e-14 1.263e-14 1.19e-14 1.172e-14 1.088e-14 1.063e-14 1.012e-14 9.545e-15 9.358e-15 8.664e-15 8.389e-15 7.95e-15 7.503e-15 7.292e-15 7.194e-15 6.801e-15 6.302e-15 5.939e-15 5.668e-15 5.272e-15 5.099e-15 4.81e-15 4.621e-15 4.364e-15 4.039e-15 3.841e-15 3.546e-15 3.388e-15 3.201e-15 2.964e-15 2.803e-15 2.651e-15 2.521e-15 2.339e-15 2.161e-15 2.012e-15 1.878e-15 1.779e-15 1.627e-15 1.52e-15 1.419e-15 1.285e-15 1.207e-15 1.09e-15 9.855e-16 9.135e-16 8.085e-16 7.326e-16 6.565e-16 5.453e-16 4.648e-16 3.907e-16 3.184e-16 2.513e-16 2.045e-16 1.67e-16 1.282e-16 9.41e-17 5.239e-17 2.397e-17 6.894e-18 6.623e-19 2.247e-19 1.282e-19 7.659e-20 0 0 0 0 0 0 0 0 0 0

# new MB flux, antinumu mode, electron antineutrino flux, relative multiplicity is 0.00432435
#beam_energy = 0 7600 1.233e-14 4.476e-14 6.802e-14 7.441e-14 7.213e-14 7.111e-14 6.777e-14 6.465e-14 6.019e-14 5.61e-14 5.148e-14 4.753e-14 4.336e-14 4.109e-14 3.785e-14 3.469e-14 3.208e-14 2.943e-14 2.751e-14 2.504e-14 2.296e-14 2.16e-14 1.991e-14 1.836e-14 1.672e-14 1.564e-14 1.487e-14 1.33e-14 1.234e-14 1.142e-14 1.025e-14 9.568e-15 8.916e-15 8.401e-15 7.801e-15 7.274e-15 6.691e-15 6.169e-15 5.576e-15 4.993e-15 5.028e-15 4.529e-15 4.146e-15 3.79e-15 3.408e-15 3.214e-15 3.003e-15 2.755e-15 2.553e-15 2.435e-15 2.089e-15 1.987e-15 1.814e-15 1.685e-15 1.529e-15 1.529e-15 1.312e-15 1.278e-15 1.162e-15 1.136e-15 1.011e-15 9.384e-16 7.916e-16 7.51e-16 6.935e-16 6.31e-16 5.732e-16 5.215e-16 4.846e-16 4.412e-16 4.17e-16 3.833e-16 3.395e-16 3.098e-16 2.968e-16 2.715e-16 2.432e-16 2.314e-16 2.06e-16 1.951e-16 1.681e-16 1.572e-16 1.406e-16 1.268e-16 1.231e-16 1.077e-16 9.947e-17 9.775e-17 8.41e-17 7.331e-17 7.02e-17 6.27e-17 5.876e-17 4.995e-17 4.352e-17 3.974e-17 3.311e-17 3.234e-17 2.915e-17 2.783e-17 2.37e-17 2.097e-17 2.074e-17 1.746e-17 1.676e-17 1.429e-17 1.336e-17 1.111e-17 9.926e-18 8.299e-18 7.783e-18 5.029e-18 4.684e-18 5.25e-18 5.165e-18 4.512e-18 4.511e-18 4.759e-18 4.238e-18 4.177e-18 2.956e-18 3.042e-18 2.275e-18 2.627e-18 2.442e-18 2.066e-18 1.443e-18 1.399e-18 8.317e-19 5.43e-19 6.978e-19 5.496e-19 2.634e-19 1.412e-19 2.165e-19 1.661e-19 1.678e-19 1.92e-19 1.301e-19 1.633e-19 2.827e-19 2.54e-19 3.401e-19 3.84e-19 1.678e-19 1.588e-19 1.346e-19 2.027e-19 1.678e-19 7.266e-20 0 2.422e-20 

# new MB flux, antinumu mode, electron neutrino flux, relative multiplicity is 0.00229053
#beam_energy = 0 7600 6.084e-15 1.847e-14 7.452e-14 5.308e-14 2.186e-14 2.268e-14 2.355e-14 2.347e-14 2.206e-14 2.2e-14 2.075e-14 2.044e-14 1.875e-14 1.785e-14 1.602e-14 1.481e-14 1.37e-14 1.336e-14 1.298e-14 1.198e-14 1.153e-14 1.082e-14 1.034e-14 9.538e-15 9.357e-15 8.763e-15 8.658e-15 8.09e-15 7.874e-15 7.406e-15 7.016e-15 6.93e-15 6.523e-15 6.167e-15 6.032e-15 5.63e-15 5.567e-15 5.377e-15 5.212e-15 4.735e-15 4.58e-15 4.426e-15 4.024e-15 3.765e-15 3.626e-15 3.275e-15 3.228e-15 2.942e-15 2.767e-15 2.586e-15 2.509e-15 2.36e-15 2.095e-15 2.037e-15 1.915e-15 1.85e-15 1.708e-15 1.589e-15 1.377e-15 1.431e-15 1.227e-15 1.221e-15 1.11e-15 1.056e-15 1.01e-15 8.801e-16 7.992e-16 7.473e-16 7.088e-16 6.406e-16 5.861e-16 5.666e-16 5.348e-16 4.949e-16 4.187e-16 4.146e-16 3.647e-16 3.536e-16 3.845e-16 2.935e-16 2.524e-16 2.261e-16 2.237e-16 2.154e-16 1.884e-16 1.694e-16 1.65e-16 1.346e-16 1.187e-16 1.142e-16 9.965e-17 1.001e-16 8.928e-17 7.275e-17 7.226e-17 6.372e-17 6.069e-17 5.588e-17 4.919e-17 4.375e-17 3.763e-17 3.561e-17 3.264e-17 2.669e-17 2.274e-17 2.047e-17 1.863e-17 1.809e-17 1.686e-17 1.507e-17 1.354e-17 9.593e-18 9.7e-18 5.531e-18 4.388e-18 3.728e-18 3.285e-18 2.665e-18 2.035e-18 1.918e-18 1.503e-18 1.575e-18 1.358e-18 9.778e-19 1.387e-18 7.948e-19 1.305e-18 1.474e-18 8.011e-19 4.634e-19 3.624e-19 2.672e-19 2.113e-19 2.34e-19 1.633e-19 2.508e-19 2.236e-19 2.219e-19 3.985e-19 4.86e-19 6.373e-19 4.257e-19 2.612e-19 2.325e-19 4.544e-19 1.149e-19 5.743e-20 5.743e-20 0 0 0 0 

#OLD OLD OLD MiniBoone neutrino flux numu - OLD OLD OLD !!!!
#beam_energy = 0 8450 2.3561 9.06746 11.8038 14.2215 17.389 19.1638 20.4401 21.4362 22.4793 23.2345 23.5721 23.6469 23.3889 23.007 22.4158 21.6309 20.7409 19.6893 18.6391 17.4672 16.2584 15.0057 13.7703 12.4729 11.1806 9.93213 8.72764 7.58865 6.53168 5.58424 4.73628 3.98418 3.33935 2.78801 2.32593 1.93519 1.60475 1.33471 1.11494 0.934932 0.787692 0.667439 0.56517 0.486835 0.422183 0.365961 0.321469 0.287034 0.257746 0.234962 0.213297 0.199988 0.185865 0.174679 0.167383 0.158179 0.152397 0.146979 0.144533 0.140062 0.136235 0.132651 0.128687 0.127224 0.125294 0.122994 0.120648 0.118181 0.11611 0.113554 0.110296 0.108585 0.105394 0.102196 0.0999911 0.0973272 0.0931934 0.0906774 0.0874695 0.0833104 0.080815 0.0784737 0.0754913 0.0727418 0.0695865 0.0664974 0.0636073 0.0609538 0.0583698 0.0554892 0.0530428 0.0498951 0.0471264 0.0443832 0.0420877 0.0396845 0.0374912 0.0357447 0.0334283 0.0311878 0.0293487 0.0274329 0.0258394 0.0240817 0.0224726 0.0207038 0.0192356 0.0177347 0.0164241 0.0152761 0.0141309 0.0129399 0.0119681 0.0109096 0.00998003 0.00920387 0.00840737 0.00765594 0.0070125 0.0063637 0.00580331 0.00522112 0.00476745 0.00427391 0.00383021 0.00344294 0.00311098 0.00276683 0.00249054 0.00221242 0.00196667 0.00175146 0.00155393 0.00138369 0.00121225 0.001066 0.000932872 0.000814619 0.000716989 0.000622085 0.000556838 0.000482165 0.000416089 0.000358133 0.000309621 0.000261844 0.000224806 0.000187536 0.000155764 0.000130131 0.000108534 8.52344e-005 6.97182e-005 5.71869e-005 4.74176e-005 3.97973e-005 3.06009e-005 2.39919e-005 1.92459e-005 1.44977e-005 1.10594e-005 8.20101e-006 6.13309e-006 3.90599e-006 2.68516e-006 1.92311e-006 9.98254e-007 3.37645e-007 1.17442e-007

#T2K ND beam

#beam_energy = 50 15000 3.67e+02	1.70e+03 3.36e+03 5.00e+03 7.35e+03 1.05e+04 1.38e+04 1.72e+04 2.09e+04 2.48e+04 3.08e+04 3.79e+04 4.23e+04 3.95e+04 3.08e+04 2.23e+04 1.50e+04 9.83e+03 6.05e+03 3.93e+03 3.01e+03 2.29e+03 2.02e+03 1.78e+03 1.68e+03 1.43e+03 1.39e+03 1.19e+03 1.10e+03 8.70e+02 7.67e+02 7.10e+02 8.59e+02 7.05e+02 7.55e+02 6.04e+02 6.03e+02 5.64e+02 5.74e+02 4.09e+02 4.66e+02 4.26e+02 4.72e+02 3.65e+02 3.23e+02 4.02e+02 4.12e+02 3.76e+02 3.30e+02 3.09e+02 3.55e+02 3.37e+02 2.83e+02 3.54e+02 3.20e+02 2.40e+02 3.02e+02 3.28e+02 2.72e+02 2.91e+02 3.59e+02 4.20e+02 3.04e+02 3.35e+02 3.15e+02 2.56e+02 2.47e+02 2.96e+02 2.33e+02 2.18e+02 3.13e+02 2.80e+02 2.61e+02 3.78e+02 2.32e+02 2.76e+02 3.33e+02 3.07e+02 2.23e+02 2.51e+02 2.61e+02 3.13e+02 2.32e+02 2.80e+02 2.25e+02 2.70e+02 3.64e+02 2.45e+02 2.97e+02 2.78e+02 3.02e+02 2.35e+02 2.21e+02 3.05e+02 2.49e+02 2.28e+02 3.17e+02 1.82e+02 1.77e+02 1.75e+02 1.91e+02 2.38e+02 1.66e+02 1.47e+02 1.38e+02 1.44e+02 1.73e+02 1.30e+02 1.30e+02 1.41e+02 1.24e+02 1.85e+02 1.02e+02 1.18e+02 1.35e+02 9.62e+01 1.15e+02 1.12e+02 9.41e+01 8.64e+01 1.72e+02 9.16e+01 9.19e+01 9.01e+01 8.14e+01 9.43e+01 1.57e+02 9.61e+01 9.03e+01 7.82e+01 7.33e+01 7.94e+01 8.19e+01 5.97e+01 1.42e+02 6.30e+01 6.65e+01 6.89e+01 6.29e+01 5.11e+01 5.32e+01 5.12e+01 5.04e+01 6.91e+01 4.11e+01 4.63e+01 4.07e+01 5.08e+01 5.30e+01 4.73e+01 3.96e+01 4.52e+01 4.75e+01 3.26e+01 3.13e+01 4.94e+01 4.29e+01 5.97e+01 4.22e+01 3.33e+01 3.38e+01 3.42e+01 5.01e+01 2.92e+01 2.37e+01 4.99e+01 4.04e+01 3.07e+01 2.69e+01 3.35e+01 2.96e+01 1.72e+01 2.61e+01 3.29e+01 1.77e+01 4.49e+00 2.27e+01 1.84e+01 2.56e+01 2.35e+01 9.52e+00 2.16e+01 1.70e+01 2.70e+01 7.44e+00 1.76e+01 2.03e+01 2.31e+01 1.81e+01 2.10e+01 1.59e+01 5.34e+00 2.70e+01 1.09e+01 8.27e+00 1.67e+01 1.69e+01 2.56e+01 1.44e+01 1.16e+01 1.17e+01 1.78e+01 8.96e+00 1.51e+01 0.00e+00 1.85e+01 1.24e+01 1.25e+01 1.27e+01 2.56e+01 0.00e+00 1.63e+01 6.57e+00 9.97e+00 2.01e+01 1.36e+01 0.00e+00 3.46e+00 6.94e+00 7.02e+00 1.06e+01 3.59e+00 0.00e+00 1.09e+01 3.69e+00 1.11e+01 3.73e+00 7.54e+00 7.62e+00 1.15e+01 7.75e+00 3.91e+00 1.19e+01 3.96e+00 1.20e+01 0.00e+00 0.00e+00 1.64e+01 4.13e+00 8.36e+00 0.00e+00 0.00e+00 4.28e+00 8.64e+00 0.00e+00 1.32e+01 8.85e+00 1.34e+01 1.80e+01 4.55e+00 0.00e+00 0.00e+00 0.00e+00 4.69e+00 9.44e+00 0.00e+00 9.61e+00 0.00e+00 0.00e+00 9.82e+00 0.00e+00 4.99e+00 5.04e+00 0.00e+00 5.09e+00 0.00e+00 0.00e+00 0.00e+00 0.00e+00 0.00e+00 0.00e+00 0.00e+00 0.00e+00 1.09e+01 0.00e+00 5.52e+00 5.57e+00 0.00e+00 5.65e+00 0.00e+00 0.00e+00 0.00e+00 5.82e+00 0.00e+00 5.91e+00 0.00e+00 0.00e+00 0.00e+00 1.21e+01 0.00e+00 0.00e+00 0.00e+00 0.00e+00 0.00e+00 0.00e+00 0.00e+00 0.00e+00 0.00e+00 0.00e+00 0.00e+00

#Atmospheric

#beam_energy = 400 6200 1.22e+11 1.41e+11 1.16e+11 8.89e+10 6.27e+10 4.00e+10 2.49e+10 1.38e+10 7.40e+09 4.21e+09 2.72e+09 1.93e+09 1.44e+09 1.13e+09 9.34e+08 7.95e+08 7.07e+08 6.50e+08 6.18e+08 5.91e+08 5.47e+08 5.13e+08 4.52e+08 4.33e+08 3.89e+08 3.46e+08 3.02e+08 2.59e+08 2.17e+08


##############################################################################################
################################## END OF BEAMS #####################################################
################################################################################################



# the PDG code of the beam particle
# 12 - nu_e    
# 14 - nu_mu
# 16 - nu_tau
# -12 - anti_nu_e
# -14 - anti_nu_mu
# -16 - anti_nu_tau

beam_particle      = 14

# The direction of the beam given as a 3 coordinates of the vector alligned with the beam

beam_direction     = 0 0 1
