#MiniBooNE nu mode flux from http://www-boone.fnal.gov/for_physicists/data_release/flux/pospolarity_fluxes.dat
#numub 
beam_type=0
beam_energy = 0 10000   2.560e-12 5.671e-12 3.300e-12 2.028e-12 1.623e-12 1.395e-12 1.301e-12 1.249e-12 1.171e-12 1.054e-12 9.580e-13 8.695e-13 8.098e-13 7.434e-13 6.910e-13 6.314e-13 5.905e-13 5.504e-13 5.079e-13 4.708e-13 4.347e-13 4.021e-13 3.703e-13 3.443e-13 3.173e-13 2.872e-13 2.597e-13 2.337e-13 2.101e-13 1.903e-13 1.718e-13 1.507e-13 1.341e-13 1.173e-13 1.053e-13 9.241e-14 8.188e-14 7.115e-14 6.349e-14 5.547e-14 4.799e-14 4.071e-14 3.592e-14 3.082e-14 2.638e-14 2.248e-14 1.878e-14 1.623e-14 1.391e-14 1.162e-14 1.010e-14 8.691e-15 7.382e-15 5.999e-15 5.004e-15 4.204e-15 3.571e-15 3.047e-15 2.597e-15 2.138e-15 1.956e-15 1.584e-15 1.227e-15 1.021e-15 8.356e-16 7.777e-16 6.812e-16 7.386e-16 6.128e-16 6.251e-16 5.519e-16 3.936e-16 4.141e-16 3.395e-16 3.002e-16 2.502e-16 2.273e-16 2.299e-16 1.429e-16 1.574e-16 1.218e-16 1.280e-16 1.612e-16 8.604e-17 9.270e-17 5.371e-17 5.495e-17 4.276e-17 3.693e-17 6.592e-17 6.261e-17 2.266e-17 3.924e-17 5.036e-17 3.051e-17 7.985e-17 1.630e-16 1.787e-16 5.729e-17 6.383e-18 5.257e-18 5.222e-18 4.369e-18 3.186e-18 3.915e-18 2.197e-18 1.690e-18 1.177e-18 9.963e-19 9.197e-19 6.790e-19 5.695e-19 5.234e-19 3.209e-19 2.809e-19 2.700e-19 1.624e-19 1.383e-19 1.192e-19 9.024e-20 9.442e-20 5.076e-20 6.390e-20 4.695e-20 2.734e-20 3.940e-20 2.067e-20 2.327e-20 2.294e-20 1.385e-20 1.932e-21 8.299e-21 5.854e-21 1.843e-21 0.000e+00 1.783e-21 4.490e-21 4.205e-21 0.000e+00 0.000e+00 0.000e+00 0.000e+00 0.000e+00 1.211e-21 0.000e+00 0.000e+00 0.000e+00 0.000e+00 0.000e+00 0.000e+00 0.000e+00 0.000e+00 0.000e+00 0.000e+00 0.000e+00 0.000e+00 0.000e+00 0.000e+00 0.000e+00 0.000e+00 0.000e+00 0.000e+00 0.000e+00 0.000e+00 0.000e+00 0.000e+00 0.000e+00 0.000e+00 0.000e+00 0.000e+00 0.000e+00 0.000e+00 0.000e+00 0.000e+00 0.000e+00 0.000e+00 0.000e+00 0.000e+00 0.000e+00 0.000e+00 0.000e+00 0.000e+00 0.000e+00 0.000e+00 0.000e+00 0.000e+00 0.000e+00 0.000e+00 0.000e+00 0.000e+00 0.000e+00 0.000e+00 0.000e+00 0.000e+00 0.000e+00 0.000e+00 0.000e+00 0.000e+00 0.000e+00 0.000e+00
# the PDG code of the beam particle
# 12 - nu_e    
# 14 - nu_mu
# 16 - nu_tau
# -12 - anti_nu_e
# -14 - anti_nu_mu
# -16 - anti_nu_tau

beam_particle      = -14

# The direction of the beam given as a 3 coordinates of the vector alligned with the beam

beam_direction     = 0 0 1
