#MiniBooNE nu mode flux from http://www-boone.fnal.gov/for_physicists/data_release/flux/pospolarity_fluxes.dat
#nue  
beam_type=0
beam_energy = 0 10000       1.530e-14 5.722e-14 1.273e-13 1.231e-13 1.042e-13 1.078e-13 1.093e-13 1.086e-13 1.061e-13 1.034e-13 1.001e-13 9.654e-14 9.198e-14 8.800e-14 8.467e-14 8.008e-14 7.740e-14 7.390e-14 6.924e-14 6.618e-14 6.239e-14 6.037e-14 5.633e-14 5.446e-14 5.014e-14 4.838e-14 4.520e-14 4.350e-14 4.028e-14 3.933e-14 3.696e-14 3.455e-14 3.285e-14 3.059e-14 2.885e-14 2.803e-14 2.574e-14 2.431e-14 2.298e-14 2.165e-14 2.042e-14 1.867e-14 1.763e-14 1.656e-14 1.545e-14 1.485e-14 1.361e-14 1.281e-14 1.190e-14 1.130e-14 1.043e-14 9.800e-15 8.832e-15 8.607e-15 7.727e-15 7.285e-15 6.793e-15 6.371e-15 5.772e-15 5.490e-15 4.989e-15 4.656e-15 4.211e-15 4.071e-15 3.819e-15 3.496e-15 3.165e-15 2.922e-15 2.624e-15 2.489e-15 2.276e-15 2.078e-15 1.887e-15 1.716e-15 1.603e-15 1.448e-15 1.338e-15 1.215e-15 1.171e-15 9.923e-16 9.308e-16 8.357e-16 7.638e-16 6.755e-16 6.545e-16 5.973e-16 5.257e-16 4.645e-16 4.304e-16 3.828e-16 3.410e-16 3.141e-16 2.881e-16 2.498e-16 2.223e-16 2.055e-16 1.819e-16 1.592e-16 1.407e-16 1.242e-16 1.142e-16 1.028e-16 8.425e-17 7.409e-17 6.574e-17 5.592e-17 4.790e-17 4.200e-17 3.153e-17 2.980e-17 2.362e-17 2.218e-17 1.834e-17 1.757e-17 1.367e-17 1.136e-17 9.188e-18 7.469e-18 6.502e-18 5.513e-18 4.571e-18 4.365e-18 2.147e-18 2.322e-18 1.548e-18 1.282e-18 1.049e-18 8.226e-19 8.297e-19 6.143e-19 8.553e-19 4.705e-19 4.387e-19 5.170e-19 3.049e-19 1.612e-19 1.606e-19 1.181e-19 1.960e-19 7.793e-20 1.571e-19 1.169e-19 0.000e+00 0.000e+00 0.000e+00 0.000e+00 0.000e+00 0.000e+00 0.000e+00 0.000e+00 0.000e+00 0.000e+00 0.000e+00 0.000e+00 0.000e+00 0.000e+00 0.000e+00 0.000e+00 0.000e+00 0.000e+00 0.000e+00 0.000e+00 0.000e+00 0.000e+00 0.000e+00 0.000e+00 0.000e+00 0.000e+00 0.000e+00 0.000e+00 0.000e+00 0.000e+00 0.000e+00 0.000e+00 0.000e+00 0.000e+00 0.000e+00 0.000e+00 0.000e+00 0.000e+00 0.000e+00 0.000e+00 0.000e+00 0.000e+00 0.000e+00 0.000e+00 0.000e+00 0.000e+00 0.000e+00 0.000e+00 0.000e+00 0.000e+00 0.000e+00 0.000e+00 0.000e+00 0.000e+00 0.000e+00 0.000e+00 0.000e+00 0.000e+00
# the PDG code of the beam particle
# 12 - nu_e    
# 14 - nu_mu
# 16 - nu_tau
# -12 - anti_nu_e
# -14 - anti_nu_mu
# -16 - anti_nu_tau

beam_particle      = 12

# The direction of the beam given as a 3 coordinates of the vector alligned with the beam

beam_direction     = 0 0 1
