#MiniBooNE nu mode flux from http://www-boone.fnal.gov/for_physicists/data_release/flux/pospolarity_fluxes.dat
#nueb 
beam_type=0
beam_energy = 0 10000    5.047e-15 1.156e-14 1.705e-14 1.529e-14 1.002e-14 1.039e-14 9.661e-15 9.990e-15 9.711e-15 9.380e-15 9.049e-15 9.298e-15 8.340e-15 8.007e-15 7.769e-15 7.364e-15 6.980e-15 6.944e-15 6.564e-15 5.783e-15 6.041e-15 5.471e-15 5.113e-15 5.054e-15 4.918e-15 4.902e-15 4.552e-15 4.400e-15 4.388e-15 3.939e-15 3.598e-15 3.530e-15 3.588e-15 3.289e-15 3.112e-15 2.919e-15 2.733e-15 2.850e-15 2.564e-15 2.514e-15 2.387e-15 2.242e-15 2.093e-15 2.027e-15 1.812e-15 1.724e-15 1.665e-15 1.532e-15 1.470e-15 1.394e-15 1.305e-15 1.279e-15 1.140e-15 1.042e-15 9.795e-16 9.706e-16 8.481e-16 8.082e-16 7.190e-16 6.964e-16 6.877e-16 6.044e-16 5.312e-16 5.064e-16 4.558e-16 4.458e-16 3.910e-16 3.674e-16 3.457e-16 3.385e-16 2.937e-16 2.900e-16 2.523e-16 2.363e-16 2.107e-16 1.936e-16 1.801e-16 1.561e-16 1.465e-16 1.371e-16 1.249e-16 1.148e-16 1.079e-16 9.442e-17 8.323e-17 7.855e-17 6.963e-17 6.551e-17 5.711e-17 4.896e-17 4.631e-17 4.348e-17 3.697e-17 3.522e-17 3.216e-17 2.985e-17 2.577e-17 2.299e-17 2.077e-17 1.950e-17 1.843e-17 1.332e-17 1.044e-17 9.753e-18 8.689e-18 8.865e-18 7.198e-18 6.320e-18 5.182e-18 3.874e-18 3.370e-18 3.068e-18 2.157e-18 2.255e-18 1.785e-18 1.269e-18 1.316e-18 8.751e-19 8.883e-19 6.479e-19 5.714e-19 6.861e-19 4.251e-19 4.221e-19 3.999e-19 3.749e-19 1.223e-19 2.968e-19 7.318e-20 1.551e-20 3.392e-19 2.261e-19 1.258e-19 9.574e-20 8.005e-20 4.006e-20 1.595e-19 0.000e+00 3.208e-19 1.196e-19 1.993e-19 1.595e-19 3.987e-20 0.000e+00 0.000e+00 0.000e+00 0.000e+00 0.000e+00 0.000e+00 0.000e+00 0.000e+00 0.000e+00 0.000e+00 0.000e+00 0.000e+00 0.000e+00 0.000e+00 0.000e+00 0.000e+00 0.000e+00 0.000e+00 0.000e+00 0.000e+00 0.000e+00 0.000e+00 0.000e+00 0.000e+00 0.000e+00 0.000e+00 0.000e+00 0.000e+00 0.000e+00 0.000e+00 0.000e+00 0.000e+00 0.000e+00 0.000e+00 0.000e+00 0.000e+00 0.000e+00 0.000e+00 0.000e+00 0.000e+00 0.000e+00 0.000e+00 0.000e+00 0.000e+00 0.000e+00 0.000e+00 0.000e+00 0.000e+00 0.000e+00 0.000e+00 0.000e+00 0.000e+00 0.000e+00 0.000e+00 0.000e+00 0.000e+00 0.000e+00
# the PDG code of the beam particle
# 12 - nu_e    
# 14 - nu_mu
# 16 - nu_tau
# -12 - anti_nu_e
# -14 - anti_nu_mu
# -16 - anti_nu_tau

beam_particle      = -12

# The direction of the beam given as a 3 coordinates of the vector alligned with the beam

beam_direction     = 0 0 1
