beam_type=1

# beam_content parameter is intended for mixed (neutino, antineutrino) beams
# to use it please set beam_type =1
# each beam_content line is of the form
# beam_content = beam_particle percentage% beam_energy 

# beam_content = 14 50% 0 3000 
# beam_content += -14 50% 0 6000  

# new MB flux, antinumu mode, 
# muon antineutrino flux, the main component
beam_content = -14 100% 0 7600 2.157e-12 7.84e-12 9.731e-12 1.141e-11 1.319e-11 1.438e-11 1.477e-11 1.479e-11 1.5e-11 1.485e-11 1.447e-11 1.406e-11 1.345e-11 1.287e-11 1.221e-11 1.152e-11 1.075e-11 9.98e-12 9.177e-12 8.411e-12 7.658e-12 6.907e-12 6.18e-12 5.505e-12 4.877e-12 4.269e-12 3.686e-12 3.151e-12 2.678e-12 2.262e-12 1.898e-12 1.58e-12 1.311e-12 1.083e-12 8.917e-13 7.285e-13 5.941e-13 4.834e-13 3.937e-13 3.18e-13 2.577e-13 2.066e-13 1.665e-13 1.346e-13 1.081e-13 8.837e-14 7.136e-14 5.707e-14 4.62e-14 3.778e-14 3.028e-14 2.412e-14 1.977e-14 1.638e-14 1.323e-14 1.038e-14 8.707e-15 6.981e-15 6.078e-15 5.111e-15 3.919e-15 3.328e-15 2.861e-15 2.382e-15 2.295e-15 2.269e-15 1.828e-15 1.613e-15 1.537e-15 1.375e-15 1.247e-15 1.044e-15 9.532e-16 8.148e-16 7.485e-16 7.837e-16 6.202e-16 6.614e-16 5.495e-16 5.132e-16 4.9e-16 4.984e-16 4.479e-16 2.406e-16 2.196e-16 1.973e-16 1.762e-16 1.339e-16 1.256e-16 9.669e-17 7.546e-17 5.98e-17 6.291e-17 4.74e-17 3.581e-17 3.289e-17 2.808e-17 2.706e-17 2.439e-17 1.477e-17 1.24e-17 1.035e-17 9.001e-18 6.87e-18 8.575e-18 4.392e-18 4.736e-18 3.038e-18 2.413e-18 2.072e-18 2.061e-18 1.113e-18 9.256e-19 6.533e-19 8.079e-19 6.662e-19 3.475e-19 3.808e-19 3.495e-19 2.521e-19 1.967e-19 1.264e-19 6.892e-20 7.387e-20 3.467e-20 1.026e-19 1.603e-20 1.62e-20 1.13e-20 1.395e-20 2.114e-21 3.943e-21 1.888e-21 6.712e-21 5.944e-21 0 1.436e-21 0 0 0 0 0 0 1.436e-21 0 0 0 0 0 0 0 0 

# muon neutrino flux, relative multiplicity is 0.185191
beam_content += 14 18.5191% 0 7600 2.298e-12 5.903e-12 3.726e-12 2.338e-12 2.57e-12 1.797e-12 1.776e-12 1.855e-12 1.834e-12 1.77e-12 1.701e-12 1.618e-12 1.555e-12 1.493e-12 1.425e-12 1.357e-12 1.302e-12 1.236e-12 1.192e-12 1.141e-12 1.087e-12 1.044e-12 9.967e-13 9.435e-13 8.826e-13 8.32e-13 7.736e-13 7.18e-13 6.609e-13 6.053e-13 5.533e-13 5.058e-13 4.577e-13 4.134e-13 3.725e-13 3.336e-13 3.003e-13 2.663e-13 2.375e-13 2.126e-13 1.886e-13 1.669e-13 1.486e-13 1.31e-13 1.171e-13 1.03e-13 9.279e-14 8.199e-14 7.353e-14 6.577e-14 5.83e-14 5.318e-14 4.822e-14 4.317e-14 3.997e-14 3.619e-14 3.375e-14 3.05e-14 2.926e-14 2.705e-14 2.659e-14 2.502e-14 2.391e-14 2.297e-14 2.191e-14 2.118e-14 2.052e-14 1.945e-14 1.886e-14 1.828e-14 1.759e-14 1.638e-14 1.569e-14 1.51e-14 1.471e-14 1.385e-14 1.349e-14 1.301e-14 1.263e-14 1.19e-14 1.172e-14 1.088e-14 1.063e-14 1.012e-14 9.545e-15 9.358e-15 8.664e-15 8.389e-15 7.95e-15 7.503e-15 7.292e-15 7.194e-15 6.801e-15 6.302e-15 5.939e-15 5.668e-15 5.272e-15 5.099e-15 4.81e-15 4.621e-15 4.364e-15 4.039e-15 3.841e-15 3.546e-15 3.388e-15 3.201e-15 2.964e-15 2.803e-15 2.651e-15 2.521e-15 2.339e-15 2.161e-15 2.012e-15 1.878e-15 1.779e-15 1.627e-15 1.52e-15 1.419e-15 1.285e-15 1.207e-15 1.09e-15 9.855e-16 9.135e-16 8.085e-16 7.326e-16 6.565e-16 5.453e-16 4.648e-16 3.907e-16 3.184e-16 2.513e-16 2.045e-16 1.67e-16 1.282e-16 9.41e-17 5.239e-17 2.397e-17 6.894e-18 6.623e-19 2.247e-19 1.282e-19 7.659e-20 0 0 0 0 0 0 0 0 0 0

# electron antineutrino flux, relative multiplicity is 0.00432435
beam_content += -12 0.432435% 0 7600 1.233e-14 4.476e-14 6.802e-14 7.441e-14 7.213e-14 7.111e-14 6.777e-14 6.465e-14 6.019e-14 5.61e-14 5.148e-14 4.753e-14 4.336e-14 4.109e-14 3.785e-14 3.469e-14 3.208e-14 2.943e-14 2.751e-14 2.504e-14 2.296e-14 2.16e-14 1.991e-14 1.836e-14 1.672e-14 1.564e-14 1.487e-14 1.33e-14 1.234e-14 1.142e-14 1.025e-14 9.568e-15 8.916e-15 8.401e-15 7.801e-15 7.274e-15 6.691e-15 6.169e-15 5.576e-15 4.993e-15 5.028e-15 4.529e-15 4.146e-15 3.79e-15 3.408e-15 3.214e-15 3.003e-15 2.755e-15 2.553e-15 2.435e-15 2.089e-15 1.987e-15 1.814e-15 1.685e-15 1.529e-15 1.529e-15 1.312e-15 1.278e-15 1.162e-15 1.136e-15 1.011e-15 9.384e-16 7.916e-16 7.51e-16 6.935e-16 6.31e-16 5.732e-16 5.215e-16 4.846e-16 4.412e-16 4.17e-16 3.833e-16 3.395e-16 3.098e-16 2.968e-16 2.715e-16 2.432e-16 2.314e-16 2.06e-16 1.951e-16 1.681e-16 1.572e-16 1.406e-16 1.268e-16 1.231e-16 1.077e-16 9.947e-17 9.775e-17 8.41e-17 7.331e-17 7.02e-17 6.27e-17 5.876e-17 4.995e-17 4.352e-17 3.974e-17 3.311e-17 3.234e-17 2.915e-17 2.783e-17 2.37e-17 2.097e-17 2.074e-17 1.746e-17 1.676e-17 1.429e-17 1.336e-17 1.111e-17 9.926e-18 8.299e-18 7.783e-18 5.029e-18 4.684e-18 5.25e-18 5.165e-18 4.512e-18 4.511e-18 4.759e-18 4.238e-18 4.177e-18 2.956e-18 3.042e-18 2.275e-18 2.627e-18 2.442e-18 2.066e-18 1.443e-18 1.399e-18 8.317e-19 5.43e-19 6.978e-19 5.496e-19 2.634e-19 1.412e-19 2.165e-19 1.661e-19 1.678e-19 1.92e-19 1.301e-19 1.633e-19 2.827e-19 2.54e-19 3.401e-19 3.84e-19 1.678e-19 1.588e-19 1.346e-19 2.027e-19 1.678e-19 7.266e-20 0 2.422e-20 

# electron neutrino flux, relative multiplicity is 0.00229053
beam_content += 12 0.229053% 0 7600 6.084e-15 1.847e-14 7.452e-14 5.308e-14 2.186e-14 2.268e-14 2.355e-14 2.347e-14 2.206e-14 2.2e-14 2.075e-14 2.044e-14 1.875e-14 1.785e-14 1.602e-14 1.481e-14 1.37e-14 1.336e-14 1.298e-14 1.198e-14 1.153e-14 1.082e-14 1.034e-14 9.538e-15 9.357e-15 8.763e-15 8.658e-15 8.09e-15 7.874e-15 7.406e-15 7.016e-15 6.93e-15 6.523e-15 6.167e-15 6.032e-15 5.63e-15 5.567e-15 5.377e-15 5.212e-15 4.735e-15 4.58e-15 4.426e-15 4.024e-15 3.765e-15 3.626e-15 3.275e-15 3.228e-15 2.942e-15 2.767e-15 2.586e-15 2.509e-15 2.36e-15 2.095e-15 2.037e-15 1.915e-15 1.85e-15 1.708e-15 1.589e-15 1.377e-15 1.431e-15 1.227e-15 1.221e-15 1.11e-15 1.056e-15 1.01e-15 8.801e-16 7.992e-16 7.473e-16 7.088e-16 6.406e-16 5.861e-16 5.666e-16 5.348e-16 4.949e-16 4.187e-16 4.146e-16 3.647e-16 3.536e-16 3.845e-16 2.935e-16 2.524e-16 2.261e-16 2.237e-16 2.154e-16 1.884e-16 1.694e-16 1.65e-16 1.346e-16 1.187e-16 1.142e-16 9.965e-17 1.001e-16 8.928e-17 7.275e-17 7.226e-17 6.372e-17 6.069e-17 5.588e-17 4.919e-17 4.375e-17 3.763e-17 3.561e-17 3.264e-17 2.669e-17 2.274e-17 2.047e-17 1.863e-17 1.809e-17 1.686e-17 1.507e-17 1.354e-17 9.593e-18 9.7e-18 5.531e-18 4.388e-18 3.728e-18 3.285e-18 2.665e-18 2.035e-18 1.918e-18 1.503e-18 1.575e-18 1.358e-18 9.778e-19 1.387e-18 7.948e-19 1.305e-18 1.474e-18 8.011e-19 4.634e-19 3.624e-19 2.672e-19 2.113e-19 2.34e-19 1.633e-19 2.508e-19 2.236e-19 2.219e-19 3.985e-19 4.86e-19 6.373e-19 4.257e-19 2.612e-19 2.325e-19 4.544e-19 1.149e-19 5.743e-20 5.743e-20 0 0 0 0 


