#new Numi nu flux
beam_type=0

# the PDG code of the beam particle
# 12 - nu_e    
# 14 - nu_mu
# 16 - nu_tau
# -12 - anti_nu_e
# -14 - anti_nu_mu
# -16 - anti_nu_tau

beam_particle      = 14

# The direction of the beam given as a 3 coordinates of the vector alligned with the beam

beam_direction     = 0 0 1

beam_energy = 0 100000  1.18001e-06 1.70358e-06 1.67247e-06 1.76800e-06 1.77342e-06 1.78248e-06 1.70537e-06 1.61004e-06 1.46013e-06 1.34207e-06 1.29089e-06 1.24436e-06 1.20582e-06 1.12898e-06 1.06604e-06 9.72489e-07 9.11417e-07 8.19305e-07 7.40326e-07 6.76320e-07 6.16516e-07 5.54209e-07 5.10262e-07 4.52763e-07 4.10963e-07 3.73273e-07 3.37387e-07 3.03872e-07 2.71809e-07 2.39525e-07 2.19168e-07 1.95296e-07 1.76950e-07 1.61226e-07 1.45433e-07 1.25517e-07 1.16903e-07 1.08555e-07 9.49622e-08 8.71153e-08 8.08685e-08 7.03825e-08 6.28248e-08 5.86383e-08 5.29007e-08 4.61846e-08 4.34702e-08 4.04942e-08 3.66842e-08 3.30834e-08 3.11727e-08 2.67126e-08 2.45618e-08 2.31200e-08 2.09426e-08 2.00144e-08 1.83736e-08 1.73779e-08 1.57021e-08 1.50053e-08 1.39086e-08 1.29454e-08 1.24031e-08 1.13694e-08 1.04600e-08 1.04880e-08 1.01671e-08 8.65235e-09 7.97364e-09 8.63543e-09 7.03883e-09 7.32776e-09 6.83083e-09 9.33398e-09 6.04794e-09 5.79274e-09 5.29108e-09 4.45162e-09 4.51514e-09 3.60658e-09 3.96321e-09 3.37285e-09 3.41973e-09 3.36851e-09 2.85991e-09 2.91622e-09 2.82890e-09 2.61770e-09 2.88349e-09 2.53547e-09 2.19857e-09 2.36423e-09 2.24046e-09 2.30500e-09 2.12155e-09 2.09673e-09 1.91884e-09 2.01021e-09 1.82269e-09 1.53807e-09 1.60690e-09 1.35921e-09 1.44260e-09 1.22860e-09 1.45636e-09 1.22315e-09 1.32124e-09 1.18907e-09 1.01884e-09 1.15272e-09 8.69833e-10 8.34733e-10 6.82615e-10 6.97644e-10 6.66361e-10 7.15068e-10 6.10581e-10 5.19174e-10 8.68696e-10 4.78149e-10 4.47694e-10 4.52018e-10 4.10329e-10 2.61847e-10 3.67987e-10 3.45309e-10 2.51598e-10 2.54640e-10 2.13141e-10 2.45878e-10 3.80920e-10 2.82933e-10 1.92922e-10 2.30176e-10 1.76620e-10 1.41891e-10 1.06594e-10 1.21770e-10 1.69524e-10 8.08563e-11 1.62434e-10 1.03901e-10 9.21105e-11 1.41575e-10 1.14485e-10 1.53919e-10 7.71236e-11 5.28933e-11 1.26048e-10 9.94781e-11 7.36464e-11 2.79130e-11 3.28362e-11 8.01253e-11 6.48770e-11 5.62119e-11 4.21734e-11 7.12872e-12 1.41892e-11 3.56471e-11 7.22127e-12 0.00000e+00 7.27701e-12 0.00000e+00 0.00000e+00 7.03700e-12 7.08305e-12 0.00000e+00 6.98071e-12 0.00000e+00 0.00000e+00 6.75809e-12 0.00000e+00 6.68455e-12 0.00000e+00 0.00000e+00 1.33391e-11 0.00000e+00 0.00000e+00 0.00000e+00 0.00000e+00 0.00000e+00 0.00000e+00 0.00000e+00 0.00000e+00 0.00000e+00 0.00000e+00 0.00000e+00 0.00000e+00 0.00000e+00 0.00000e+00 0.00000e+00 0.00000e+00 0.00000e+00 0.00000e+00 0.00000e+00 0.00000e+00 0.00000e+00 0.00000e+00 0.00000e+00 