#new Numi nu flux
beam_type=0

# the PDG code of the beam particle
# 12 - nu_e    
# 14 - nu_mu
# 16 - nu_tau
# -12 - anti_nu_e
# -14 - anti_nu_mu
# -16 - anti_nu_tau

beam_particle      = -14

# The direction of the beam given as a 3 coordinates of the vector alligned with the beam

beam_direction     = 0 0 1

beam_energy = 0 100000 2.32864e-06 6.25619e-06 1.60002e-05 2.29500e-05 2.99316e-05 3.61717e-05 3.64453e-05 2.82484e-05 1.62189e-05 8.36204e-06 4.95442e-06 3.39086e-06 2.56585e-06 2.08784e-06 1.74572e-06 1.46005e-06 1.23360e-06 1.07991e-06 9.67436e-07 8.70120e-07 7.42388e-07 6.80907e-07 6.11291e-07 5.57863e-07 4.98813e-07 4.58315e-07 4.17480e-07 3.66968e-07 3.31689e-07 2.95811e-07 2.67799e-07 2.46969e-07 2.22799e-07 1.97898e-07 1.80388e-07 1.61270e-07 1.46700e-07 1.28982e-07 1.20322e-07 1.07828e-07 9.90447e-08 8.84847e-08 7.75478e-08 7.12567e-08 6.50200e-08 6.13990e-08 5.67506e-08 4.72413e-08 4.50734e-08 3.95679e-08 3.99078e-08 3.45991e-08 3.04799e-08 2.98679e-08 3.07108e-08 2.73375e-08 2.45225e-08 2.13034e-08 2.10049e-08 1.78209e-08 1.76523e-08 1.59170e-08 1.56011e-08 1.38286e-08 1.32639e-08 1.28411e-08 1.20399e-08 1.22118e-08 1.05882e-08 1.13714e-08 9.81063e-09 8.50859e-09 7.99719e-09 7.79621e-09 6.68593e-09 6.27130e-09 6.21651e-09 5.45273e-09 4.99728e-09 4.34392e-09 4.06847e-09 4.08786e-09 3.82218e-09 3.89077e-09 3.94874e-09 3.75069e-09 3.67789e-09 2.55179e-09 3.29578e-09 2.79767e-09 2.44189e-09 2.36590e-09 2.69112e-09 2.54411e-09 2.24309e-09 2.18838e-09 1.95720e-09 1.61793e-09 1.59798e-09 1.74074e-09 2.02082e-09 1.84990e-09 1.60751e-09 1.36398e-09 1.43431e-09 1.15889e-09 1.45397e-09 1.39629e-09 1.32168e-09 1.21122e-09 1.01406e-09 1.04290e-09 1.11527e-09 8.74329e-10 7.98792e-10 7.56622e-10 8.19432e-10 4.57881e-10 5.25877e-10 4.35187e-10 5.42570e-10 1.13583e-09 2.89107e-10 4.34407e-10 3.46553e-10 4.38086e-10 3.27860e-10 3.75259e-10 2.22900e-10 3.11765e-10 2.57336e-10 1.89327e-10 1.84442e-10 3.79652e-10 1.29924e-10 1.41786e-10 1.46865e-10 9.26825e-11 1.09545e-10 3.41406e-11 1.78636e-10 1.05416e-10 1.00919e-10 1.03629e-10 5.19358e-11 8.44780e-11 9.82103e-11 1.01109e-10 3.30909e-11 6.53732e-11 7.86398e-11 4.71905e-11 1.61775e-11 0.00000e+00 1.63829e-11 0.00000e+00 4.93460e-11 3.24196e-11 0.00000e+00 1.50814e-11 0.00000e+00 3.14713e-11 0.00000e+00 0.00000e+00 0.00000e+00 0.00000e+00 0.00000e+00 0.00000e+00 1.51744e-11 1.50828e-11 0.00000e+00 0.00000e+00 0.00000e+00 0.00000e+00 0.00000e+00 0.00000e+00 1.34646e-11 1.43661e-11 0.00000e+00 1.32210e-11 0.00000e+00 1.40743e-11 0.00000e+00 0.00000e+00 0.00000e+00 0.00000e+00 0.00000e+00 0.00000e+00 0.00000e+00 0.00000e+00 0.00000e+00 0.00000e+00 0.00000e+00 0.00000e+00 0.00000e+00 0.00000e+00 0.00000e+00 0.00000e+00 0.00000e+00 0.00000e+00