#T2K numu 92.67%
beam_type=0
beam_energy = 0 20000 1.27E+004	5.43E+004	1.09E+005	1.71E+005	2.56E+005	3.61E+005	4.75E+005	5.88E+005	7.13E+005	8.87E+005	1.13E+006	1.25E+006	1.23E+006	1.14E+006	9.03E+005	6.32E+005	4.16E+005	2.71E+005	1.87E+005	1.40E+005	1.11E+005	9.24E+004	7.87E+004	6.73E+004	5.95E+004	5.21E+004	4.67E+004	4.18E+004	3.85E+004	3.49E+004	3.12E+004	2.94E+004	2.72E+004	2.54E+004	2.38E+004	2.23E+004	2.09E+004	1.94E+004	1.87E+004	1.80E+004	1.68E+004	1.60E+004	1.53E+004	1.48E+004	1.41E+004	1.37E+004	1.33E+004	1.28E+004	1.22E+004	1.20E+004	1.14E+004	1.13E+004	1.10E+004	1.07E+004	1.07E+004	1.07E+004	1.06E+004	1.05E+004	1.03E+004	1.02E+004	1.00E+004	9.81E+003	9.68E+003	9.67E+003	9.48E+003	9.52E+003	9.47E+003	9.29E+003	9.30E+003	9.26E+003	9.07E+003	9.07E+003	9.00E+003	9.11E+003	8.90E+003	8.87E+003	8.79E+003	8.76E+003	8.71E+003	8.66E+003	8.60E+003	8.48E+003	8.38E+003	8.22E+003	8.00E+003	7.86E+003	7.71E+003	7.50E+003	7.32E+003	7.16E+003	6.96E+003	6.79E+003	6.60E+003	6.36E+003	6.15E+003	5.95E+003	5.71E+003	5.54E+003	5.33E+003	5.07E+003	4.97E+003	4.69E+003	4.53E+003	4.43E+003	4.21E+003	4.05E+003	3.90E+003	3.74E+003	3.63E+003	3.51E+003	3.39E+003	3.27E+003	3.21E+003	3.13E+003	3.02E+003	2.89E+003	2.87E+003	2.74E+003	2.64E+003	2.63E+003	2.54E+003	2.46E+003	2.45E+003	2.37E+003	2.28E+003	2.22E+003	2.21E+003	2.14E+003	2.10E+003	2.00E+003	1.98E+003	1.89E+003	1.84E+003	1.83E+003	1.78E+003	1.71E+003	1.69E+003	1.68E+003	1.55E+003	1.54E+003	1.50E+003	1.47E+003	1.42E+003	1.39E+003	1.38E+003	1.33E+003	1.30E+003	1.25E+003	1.23E+003	1.20E+003	1.17E+003	1.14E+003	1.07E+003	1.08E+003	1.05E+003	1.00E+003	9.92E+002	9.46E+002	9.47E+002	8.93E+002	8.76E+002	8.58E+002	8.33E+002	8.08E+002	7.76E+002	7.86E+002	7.42E+002	7.13E+002	7.00E+002	6.85E+002	6.39E+002	6.59E+002	6.30E+002	6.23E+002	6.14E+002	5.77E+002	5.58E+002	5.49E+002	5.08E+002	4.98E+002	5.01E+002	4.90E+002	4.44E+002	4.55E+002	4.53E+002	4.50E+002	4.38E+002	4.13E+002	4.04E+002	3.95E+002	3.84E+002	3.84E+002	3.61E+002	3.49E+002	3.39E+002	3.34E+002	3.26E+002	3.04E+002	3.16E+002	2.85E+002	2.33E+002	2.33E+002	2.33E+002	2.33E+002	2.33E+002	2.33E+002	2.33E+002	2.33E+002	2.33E+002	2.33E+002	2.33E+002	2.33E+002	2.33E+002	2.33E+002	2.33E+002	2.33E+002	2.33E+002	2.33E+002	2.33E+002	2.33E+002	1.36E+002	1.36E+002	1.36E+002	1.36E+002	1.36E+002	1.36E+002	1.36E+002	1.36E+002	1.36E+002	1.36E+002	1.36E+002	1.36E+002	1.36E+002	1.36E+002	1.36E+002	1.36E+002	1.36E+002	1.36E+002	1.36E+002	1.36E+002	7.59E+001	7.59E+001	7.59E+001	7.59E+001	7.59E+001	7.59E+001	7.59E+001	7.59E+001	7.59E+001	7.59E+001	7.59E+001	7.59E+001	7.59E+001	7.59E+001	7.59E+001	7.59E+001	7.59E+001	7.59E+001	7.59E+001	7.59E+001	4.66E+001	4.66E+001	4.66E+001	4.66E+001	4.66E+001	4.66E+001	4.66E+001	4.66E+001	4.66E+001	4.66E+001	4.66E+001	4.66E+001	4.66E+001	4.66E+001	4.66E+001	4.66E+001	4.66E+001	4.66E+001	4.66E+001	4.66E+001	2.68E+001	2.68E+001	2.68E+001	2.68E+001	2.68E+001	2.68E+001	2.68E+001	2.68E+001	2.68E+001	2.68E+001	2.68E+001	2.68E+001	2.68E+001	2.68E+001	2.68E+001	2.68E+001	2.68E+001	2.68E+001	2.68E+001	2.68E+001	1.62E+001	1.62E+001	1.62E+001	1.62E+001	1.62E+001	1.62E+001	1.62E+001	1.62E+001	1.62E+001	1.62E+001	1.62E+001	1.62E+001	1.62E+001	1.62E+001	1.62E+001	1.62E+001	1.62E+001	1.62E+001	1.62E+001	1.62E+001	7.00E+000	7.00E+000	7.00E+000	7.00E+000	7.00E+000	7.00E+000	7.00E+000	7.00E+000	7.00E+000	7.00E+000	7.00E+000	7.00E+000	7.00E+000	7.00E+000	7.00E+000	7.00E+000	7.00E+000	7.00E+000	7.00E+000	7.00E+000	4.47E+000	4.47E+000	4.47E+000	4.47E+000	4.47E+000	4.47E+000	4.47E+000	4.47E+000	4.47E+000	4.47E+000	4.47E+000	4.47E+000	4.47E+000	4.47E+000	4.47E+000	4.47E+000	4.47E+000	4.47E+000	4.47E+000	4.47E+000	1.85E+000	1.85E+000	1.85E+000	1.85E+000	1.85E+000	1.85E+000	1.85E+000	1.85E+000	1.85E+000	1.85E+000	1.85E+000	1.85E+000	1.85E+000	1.85E+000	1.85E+000	1.85E+000	1.85E+000	1.85E+000	1.85E+000	1.85E+000	9.24E-001	9.24E-001	9.24E-001	9.24E-001	9.24E-001	9.24E-001	9.24E-001	9.24E-001	9.24E-001	9.24E-001	9.24E-001	9.24E-001	9.24E-001	9.24E-001	9.24E-001	9.24E-001	9.24E-001	9.24E-001	9.24E-001	9.24E-001
# the PDG code of the beam particle
# 12 - nu_e    
# 14 - nu_mu
# 16 - nu_tau
# -12 - anti_nu_e
# -14 - anti_nu_mu
# -16 - anti_nu_tau

beam_particle      = 14

# The direction of the beam given as a 3 coordinates of the vector alligned with the beam

beam_direction     = 0 0 1
