#new Numi nu flux
beam_type=0

# the PDG code of the beam particle
# 12 - nu_e    
# 14 - nu_mu
# 16 - nu_tau
# -12 - anti_nu_e
# -14 - anti_nu_mu
# -16 - anti_nu_tau

beam_particle      = 14

# The direction of the beam given as a 3 coordinates of the vector alligned with the beam

beam_direction     = 0 0 1

beam_energy = 0 100000 2.57268e-06 6.53210e-06 1.69721e-05 2.51453e-05 3.31235e-05 4.07319e-05 4.27611e-05 3.41954e-05 2.04086e-05 1.10596e-05 6.78507e-06 4.86896e-06 3.94903e-06 3.34018e-06 2.90956e-06 2.54650e-06 2.28787e-06 2.04961e-06 1.85345e-06 1.69827e-06 1.53642e-06 1.41473e-06 1.28130e-06 1.18419e-06 1.07290e-06 9.88757e-07 9.06115e-07 8.42301e-07 7.60841e-07 6.94909e-07 6.19462e-07 5.78754e-07 5.31736e-07 4.75759e-07 4.40441e-07 4.02552e-07 3.71215e-07 3.40375e-07 3.16818e-07 2.90653e-07 2.66663e-07 2.48852e-07 2.28189e-07 2.11295e-07 1.93518e-07 1.81962e-07 1.68424e-07 1.51371e-07 1.36651e-07 1.23746e-07 1.12641e-07 1.02157e-07 9.78681e-08 9.39489e-08 8.96216e-08 8.63609e-08 8.37130e-08 7.78946e-08 7.54906e-08 7.44790e-08 7.10892e-08 6.84686e-08 6.56285e-08 6.30613e-08 6.03610e-08 5.91554e-08 5.70593e-08 5.46286e-08 5.34604e-08 5.38198e-08 5.23749e-08 5.26842e-08 5.08142e-08 5.09157e-08 5.13228e-08 5.28484e-08 5.19899e-08 5.13883e-08 5.21457e-08 5.28112e-08 5.30977e-08 5.27260e-08 5.08040e-08 4.72128e-08 4.70125e-08 4.45495e-08 4.35043e-08 4.12480e-08 4.03854e-08 3.97383e-08 3.77318e-08 3.72685e-08 3.30514e-08 3.33536e-08 3.31484e-08 3.23664e-08 3.06515e-08 2.99567e-08 2.88373e-08 2.52492e-08 2.28493e-08 2.14966e-08 2.14054e-08 2.04719e-08 1.88888e-08 1.71903e-08 1.68044e-08 1.51954e-08 1.28583e-08 1.22657e-08 1.10181e-08 9.87062e-09 8.60311e-09 7.42850e-09 6.43831e-09 6.12104e-09 5.62510e-09 5.48342e-09 5.34800e-09 4.92845e-09 4.71218e-09 4.32594e-09 4.44651e-09 3.71671e-09 3.60800e-09 3.44085e-09 3.20035e-09 3.28527e-09 2.95966e-09 2.72372e-09 2.59608e-09 2.52757e-09 2.60708e-09 2.48182e-09 2.26274e-09 2.00334e-09 1.91054e-09 1.90403e-09 1.72433e-09 1.62464e-09 1.76832e-09 1.52054e-09 1.30456e-09 1.36153e-09 1.30553e-09 1.09509e-09 1.20415e-09 7.82535e-10 9.73128e-10 9.70957e-10 8.63651e-10 8.56531e-10 6.97046e-10 7.88551e-10 7.07275e-10 6.18628e-10 4.95731e-10 5.08559e-10 5.20770e-10 4.88449e-10 4.36796e-10 3.84988e-10 3.81566e-10 3.04227e-10 3.48949e-10 3.09810e-10 2.78037e-10 2.87612e-10 1.87706e-10 2.70415e-10 1.95838e-10 2.51095e-10 1.77407e-10 2.06108e-10 1.96183e-10 1.62436e-10 1.30710e-10 1.51658e-10 1.88730e-10 1.13568e-10 1.23293e-10 1.24276e-10 8.74646e-11 1.04067e-10 6.43681e-11 6.58933e-11 7.45094e-11 5.98641e-11 4.79666e-11 4.26609e-11 3.71747e-11 4.82427e-11 1.36327e-11 2.24881e-11 2.78917e-11 3.31587e-11 2.72674e-11 3.84084e-11 4.13537e-11 1.68173e-11