#T2K numu 92.6%
beam_type=0
beam_energy = 50 9450 38571.4 82467.5 134286 208016 291786 389464 496786 601825 747946 945238 1.09036e+06 1.13119e+06 1.07349e+06 915000 676786 455000 293571 194048 141464 110714 91904.8 78285.7 68015.9 60918.4 53954.1 48452.4 43035.7 39365.1 35754 33992.3 32251.3 30510.2 28769.1 27028.1 25287 24085.1 22989.6 21894.1 20798.6 19703 18607.5 17512 16416.5 15321 14266.5 13917.1 13567.6 13218.1 12868.7 12519.2 12169.7 11820.3 11470.8 11121.4 10771.9 10507.9 10260.8 10013.6 9766.52 9519.39 9272.26 9025.14 8778.01 8530.88 8308.78 8206.78 8104.78 8002.77 7900.77 7798.77 7696.77 7594.77 7492.77 7390.76 7288.76 7196.35 7105.94 7015.53 6925.12 6834.71 6744.3 6653.89 6563.47 6473.06 6382.65 6245.64 6098.92 5952.2 5805.48 5658.75 5512.03 5365.31 5218.59 5071.87 4925.15 4787.18 4651.05 4514.91 4378.77 4242.63 4106.49 3970.35 3834.22 3698.08 3561.94 3425.8 3289.66 3153.53 3017.39 2881.25 2767.77 2704.64 2641.51 2578.38 2515.25 2452.12 2389 2325.87 2262.74 2199.61 2136.48 2073.35 2010.22 1947.09 1883.97 1820.84 1757.71 1694.58 1631.45 1568.32 1524.02 1489.62 1455.22 1420.82 1386.42 1352.02 1317.63 1283.23 1248.83 1214.43 1180.03 1145.63 1111.24 1076.84 1042.44 1008.04 973.643 939.245 904.847 870.448 847.568 830.749 813.93 797.111 780.292 763.473 746.654 729.835 713.016 696.197 679.377 662.558 645.739 628.92 612.101 595.282 578.463 561.644 544.825 528.006 514.286 502.196 490.106 478.017 465.927 453.837 441.748 429.658 417.568 405.478 393.389 381.299 369.209 357.12 345.03 332.94 320.85 308.761 296.671 
# the PDG code of the beam particle
# 12 - nu_e    
# 14 - nu_mu
# 16 - nu_tau
# -12 - anti_nu_e
# -14 - anti_nu_mu
# -16 - anti_nu_tau

beam_particle      = 14

# The direction of the beam given as a 3 coordinates of the vector alligned with the beam

beam_direction     = 0 0 1
