#T2K nue 1.1%
beam_type=0
beam_energy = 50 9450 682.68 1614.26 2547.81 3539.18 4497.06 4879.09 5261.12 5389.59 5493.08 5447.68 5400.58 5199.56 4992.35 4603.48 4214.62 3951.77 3690.69 3362.89 3035.08 2856.57 2678.66 2405.14 2135.59 1982.91 1833.19 1734.37 1635.54 1523.59 1411.2 1357.52 1304.49 1222.73 1139.13 1093.73 1048.33 1030.99 1015.27 983.975 952.147 928.287 904.697 897.463 890.229 866.417 841.434 820.08 798.725 782.205 766.49 750.775 731.959 712.76 693.561 674.362 651.394 627.623 603.851 580.08 558.781 537.857 516.933 496.01 477.714 460.207 442.699 425.192 409.079 393.749 378.419 363.089 352.524 342.774 333.024 323.273 310.985 297.728 284.472 271.215 259.332 251.523 243.713 235.904 228.094 220.285 212.476 204.683 197.583 190.483 183.383 176.282 169.182 162.082 154.982 147.882 140.782 135.001 131.267 127.533 123.799 120.065 116.331 112.597 108.863 105.129 101.396 97.6616 93.9277 90.1938 86.4599 82.7259 79.3897 77.2714 75.1531 73.0348 70.9164 68.7981 66.6798 64.5615 62.4431 60.3248 58.2065 56.0882 53.9698 51.8515 49.7332 47.6149 45.4965 43.3782 41.2599 39.1416 37.3594 36.4119 35.4644 34.5169 33.5694 32.6219 31.6744 30.7269 29.7794 28.8319 27.8844 26.9369 25.9894 25.042 24.0945 23.147 22.1995 21.252 20.3045 19.357 18.4095 17.8893 17.38 16.8706 16.3612 15.8519 15.3425 14.8332 14.3238 13.8145 13.3051 12.7958 12.2864 11.7771 11.2677 10.7583 10.249 9.73964 9.23028 8.72093 8.34094 8.18991 8.03887 7.88783 7.73679 7.58575 7.43471 7.28368 7.13264 6.9816 6.83056 6.67952 6.52848 6.37745 6.22641 6.07537 5.92433 5.77329 5.62226 
# the PDG code of the beam particle
# 12 - nu_e    
# 14 - nu_mu
# 16 - nu_tau
# -12 - anti_nu_e
# -14 - anti_nu_mu
# -16 - anti_nu_tau

beam_particle      = 12

# The direction of the beam given as a 3 coordinates of the vector alligned with the beam

beam_direction     = 0 0 1
