550 50 6.1e-39 0.8e-39
625 25 11.5e-39 1.3e-39
675 25 15.8e-39 1.7e-39
725 25 19.6e-39 2.1e-39
775 25 24.1e-39 2.5e-39
825 25 28.3e-39 2.9e-39
875 25 32.5e-39 3.3e-39 
925 25 37.3e-39 3.9e-39
975 25 41.6e-39 4.4e-39 
1025 25 46.6e-39 5.0e-39
1075 25 49.7e-39 5.6e-39
1125 25 52.9e-39 6.1e-39 
1175 25 56.3e-39 7.0e-39 
1225 25 59.1e-39 7.6e-39 
1275 25 63.3e-39 8.4e-39 
1325 25 66.7e-39 9.4e-39 
1375 25 70.3e-39 10.5e-39 
1425 25 72.3e-39 11.4e-39 
1475 25 77.6e-39 12.8e-39 
1525 25 80.8e-39 13.9e-39 
1575 25 83.7e-39 14.9e-39 
1625 25 86.4e-39 15.9e-39 
1675 25 88.5e-39 16.9e-39 
1725 25 93.0e-39 18.5e-39 
1775 25 92.6e-39 19.3e-39 
1850 50 97.1e-39 21.4e-39 
1950 50 99.2e-39 23.7e-39
