 25 25 23.1e-42 3.2e-42 
 75 25 34.4e-42 5.0e-42 
125 25 39.0e-42 5.8e-42 
175 25 41.6e-42 6.2e-42 
225 25 41.2e-42 6.1e-42 
275 25 39.0e-42 5.7e-42 
325 25 37.3e-42 5.4e-42 
375 25 35.0e-42 4.9e-42 
425 25 32.0e-42 4.4e-42 
475 25 28.8e-42 3.8e-42 
525 25 26.1e-42 3.5e-42 
575 25 23.2e-42 3.1e-42 
625 25 20.8e-42 2.8e-42 
675 25 18.6e-42 2.5e-42 
725 25 15.9e-42 2.1e-42 
775 25 14.2e-42 2.0e-42 
825 25 12.3e-42 1.8e-42 
875 25 10.7e-42 1.6e-42 
925 25  9.3e-42 1.4e-42 
975 25  7.7e-42 1.3e-42 
1050 50 5.9e-42 1.0e-42 
1150 50 4.3e-42 0.8e-42 
1350 150 2.2e-42 0.6e-42 
