0.025 0.025 36.2e-39 6.7e-39 
0.075 0.025 55.8e-39 7.8e-39 
0.125 0.025 56.1e-39 7.5e-39 
0.175 0.025 53.4e-39 7.0e-39 
0.225 0.025 47.8e-39 6.4e-39 
0.275 0.025 43.2e-39 5.9e-39 
0.325 0.025 38.8e-39 5.3e-39 
0.375 0.025 34.1e-39 4.8e-39 
0.425 0.025 30.3e-39 4.3e-39 
0.475 0.025 26.1e-39 3.7e-39 
0.525 0.025 22.9e-39 3.3e-39 
0.575 0.025 19.8e-39 2.9e-39 
0.625 0.025 17.3e-39 2.5e-39 
0.675 0.025 14.8e-39 2.1e-39 
0.725 0.025 12.9e-39 1.9e-39 
0.775 0.025 11.0e-39 1.7e-39 
0.825 0.025 9.3e-39 1.4e-39 
0.875 0.025 8.0e-39 1.3e-39 
0.925 0.025 6.8e-39 1.1e-39 
1.000 0.050 5.3e-39 1.0e-39 
1.100 0.050 3.9e-39 0.7e-39 
1.225 0.075 2.5e-39 0.5e-39 
1.400 0.100 1.4e-39 0.4e-39 
