46 12 4.000000e+01 10
58 12 4.950000e+02 47.51
70 12 1.902000e+03 154.4
82 12 2.722000e+03 225.66
94 12 2.908000e+03 225.66
106 12 2.878000e+03 219.7
118 12 2.934000e+03 231.58
130 12 3.003000e+03 216.16
142 12 2.892000e+03 285.03
154 12 2.720000e+03 255.06
166 12 2.651000e+03 249.36
178 12 2.656000e+03 255.35
190 12 2.633000e+03 273.16
202 12 2.409000e+03 243.46
214 12 2.364000e+03 285.04
226 12 2.250000e+03 290.98
238 12 2.104000e+03 302.85
250 12 2.070000e+03 332.55
262 12 1.929000e+03 356.31
274 12 1.832000e+03 350.36
286 12 1.762000e+03 385.99
298 12 1.618000e+03 380.05
310 12 1.546000e+03 409.73
322 12 1.458000e+03 397.86
334 12 1.371000e+03 415.68
346 12 1.203000e+03 421.63
358 12 1.174000e+03 385.98
370 12 1.055000e+03 385.99
382 12 9.930000e+02 385.99
394 12 9.080000e+02 362.24
406 12 8.320000e+02 344.43
418 12 7.570000e+02 374.12
430 12 6.840000e+02 338.48
442 12 6.330000e+02 374.1
454 12 6.520000e+02 385.98
466 12 7.090000e+02 391.93
478 12 7.010000e+02 362.23
490 12 6.710000e+02 350.35
502 12 5.890000e+02 273.17
514 12 5.110000e+02 285.03
526 12 4.890000e+02 225.65
538 12 3.920000e+02 207.84
550 12 3.590000e+02 124.7
562 12 3.320000e+02 112.85
574 12 3.450000e+02 100.94
586 12 3.430000e+02 106.89
598 12 3.560000e+02 95.02
610 12 3.410000e+02 89.08
622 12 3.150000e+02 95.04
634 12 3.240000e+02 89.08
646 12 3.360000e+02 59.39
