357.5 7.5 0.200 0.111
372.5 7.5 0.230 0.102
387.5 7.5 0.241 0.098
402.5 7.5 0.284 0.099
417.5 7.5 0.280 0.099
432.5 7.5 0.330 0.103
447.5 7.5 0.306 0.115
462.5 7.5 0.321 0.100
477.5 7.5 0.322 0.108
492.5 7.5 0.398 0.105
507.5 7.5 0.359 0.100
522.5 7.5 0.389 0.103
537.5 7.5 0.389 0.095
552.5 7.5 0.408 0.103
567.5 7.5 0.483 0.089
582.5 7.5 0.453 0.087
597.5 7.5 0.436 0.087
612.5 7.5 0.445 0.094
627.5 7.5 0.489 0.098
642.5 7.5 0.393 0.072
657.5 7.5 0.394 0.077
672.5 7.5 0.415 0.056
687.5 7.5 0.353 0.051
702.5 7.5 0.374 0.069
717.5 7.5 0.338 0.064
732.5 7.5 0.315 0.050
747.5 7.5 0.315 0.051
762.5 7.5 0.277 0.056
777.5 7.5 0.315 0.042
792.5 7.5 0.281 0.055