-0.810 0.190 0.82e-40 0.16e-40 
-0.480 0.140 1.10e-40 0.22e-40 
-0.235 0.105 1.37e-40 0.24e-40 
-0.035 0.095 1.64e-40 0.27e-40 
 0.130 0.070 1.99e-40 0.43e-40 
 0.260 0.060 2.26e-40 0.35e-40 
 0.370 0.050 2.58e-40 0.43e-40 
 0.470 0.050 2.82e-40 0.46e-40 
 0.560 0.040 3.16e-40 0.50e-40 
 0.635 0.035 3.68e-40 0.63e-40 
 0.700 0.030 3.94e-40 0.65e-40 
 0.755 0.025 4.38e-40 0.70e-40 
 0.805 0.025 4.96e-40 0.77e-40 
 0.850 0.020 5.49e-40 0.91e-40 
 0.890 0.020 6.33e-40 1.04e-40 
 0.930 0.020 7.28e-40 1.18e-40 
 0.9625 0.0125 8.42e-40 1.45e-40 
 0.9875 0.0125 9.56e-40 1.58e-40 
