0.00806452	0.421271	
0.0282258	0.406077	
0.0443548	0.385359	
0.0685484	0.367403	
0.0927419	0.348066	
0.104839	0.335635	
0.125	0.320442	
0.141129	0.309392	
0.157258	0.296961	
0.173387	0.28453	
0.193548	0.270718	
0.21371	0.258287	
0.241935	0.243094	
0.262097	0.232044	
0.282258	0.219613	
0.306452	0.208564	
0.33871	0.194751	
0.362903	0.180939	
0.379032	0.174033	
0.427419	0.15884	
0.451613	0.150552	
0.508065	0.132597	
0.548387	0.121547	
0.580645	0.114641	
0.608871	0.109116	
0.649194	0.0994475	
0.689516	0.0911602	
0.717742	0.0870166	
0.758065	0.0801105	
0.794355	0.0759669	
0.834677	0.0690608	
0.862903	0.0662983	
0.919355	0.058011	
0.951613	0.0566298	
0.979839	0.0538674	
1.0121	0.0497238	
1.05645	0.0455801	
1.07661	0.0455801	
1.1129	0.0414365	
1.14516	0.0400552	
1.16935	0.038674	
1.19758	0.0372928	
1.21371	0.0372928	
1.24194	0.0345304	
1.26613	0.0331492	
