     11.220    -0.950  1.7356E+00
     14.125    -0.950  1.0912E+00
     17.783    -0.950  6.8484E-01
     22.387    -0.950  4.2552E-01
     28.184    -0.950  2.6244E-01
     35.481    -0.950  1.6088E-01
     44.668    -0.950  9.7448E-02
     56.234    -0.950  5.8804E-02
     70.795    -0.950  3.5324E-02
     89.125    -0.950  2.0876E-02
    112.202    -0.950  1.2364E-02
    141.254    -0.950  7.3960E-03
    177.828    -0.950  4.3540E-03
    223.872    -0.950  2.5400E-03
    281.838    -0.950  1.4852E-03
    354.813    -0.950  8.6080E-04
    446.684    -0.950  4.9496E-04
    562.341    -0.950  2.9012E-04
    707.946    -0.950  1.6216E-04
    891.251    -0.950  9.1448E-05
   1122.018    -0.950  5.0644E-05
   1412.538    -0.950  2.7732E-05
   1778.279    -0.950  1.6168E-05
   2238.721    -0.950  8.0464E-06
   2818.383    -0.950  3.6888E-06
   3548.134    -0.950  1.8828E-06
   4466.837    -0.950  9.2120E-07
   5623.413    -0.950  4.4632E-07
   7079.456    -0.950  2.5516E-07
   8912.511    -0.950  9.5484E-08
     11.220    -0.850  1.8024E+00
     14.125    -0.850  1.1408E+00
     17.783    -0.850  7.1416E-01
     22.387    -0.850  4.4428E-01
     28.184    -0.850  2.7536E-01
     35.481    -0.850  1.6832E-01
     44.668    -0.850  1.0255E-01
     56.234    -0.850  6.2176E-02
     70.795    -0.850  3.7356E-02
     89.125    -0.850  2.2104E-02
    112.202    -0.850  1.3096E-02
    141.254    -0.850  7.8560E-03
    177.828    -0.850  4.6280E-03
    223.872    -0.850  2.6880E-03
    281.838    -0.850  1.5808E-03
    354.813    -0.850  9.2620E-04
    446.684    -0.850  5.3524E-04
    562.341    -0.850  3.0928E-04
    707.946    -0.850  1.7384E-04
    891.251    -0.850  9.7752E-05
   1122.018    -0.850  5.6756E-05
   1412.538    -0.850  3.0068E-05
   1778.279    -0.850  1.6992E-05
   2238.721    -0.850  9.0436E-06
   2818.383    -0.850  4.4792E-06
   3548.134    -0.850  2.0892E-06
   4466.837    -0.850  1.0258E-06
   5623.413    -0.850  5.2028E-07
   7079.456    -0.850  2.5944E-07
   8912.511    -0.850  9.4576E-08
     11.220    -0.750  1.8900E+00
     14.125    -0.750  1.2000E+00
     17.783    -0.750  7.5100E-01
     22.387    -0.750  4.6800E-01
     28.184    -0.750  2.9100E-01
     35.481    -0.750  1.7800E-01
     44.668    -0.750  1.0900E-01
     56.234    -0.750  6.6300E-02
     70.795    -0.750  3.9900E-02
     89.125    -0.750  2.3700E-02
    112.202    -0.750  1.4100E-02
    141.254    -0.750  8.4600E-03
    177.828    -0.750  4.9900E-03
    223.872    -0.750  2.9000E-03
    281.838    -0.750  1.7100E-03
    354.813    -0.750  1.0100E-03
    446.684    -0.750  5.8400E-04
    562.341    -0.750  3.3500E-04
    707.946    -0.750  1.9000E-04
    891.251    -0.750  1.0700E-04
   1122.018    -0.750  6.2900E-05
   1412.538    -0.750  3.3300E-05
   1778.279    -0.750  1.8200E-05
   2238.721    -0.750  1.0100E-05
   2818.383    -0.750  5.2600E-06
   3548.134    -0.750  2.3500E-06
   4466.837    -0.750  1.2000E-06
   5623.413    -0.750  6.2000E-07
   7079.456    -0.750  2.9300E-07
   8912.511    -0.750  9.7300E-08
     11.220    -0.650  1.9816E+00
     14.125    -0.650  1.2532E+00
     17.783    -0.650  7.8672E-01
     22.387    -0.650  4.9176E-01
     28.184    -0.650  3.0576E-01
     35.481    -0.650  1.8812E-01
     44.668    -0.650  1.1564E-01
     56.234    -0.650  7.0240E-02
     70.795    -0.650  4.2428E-02
     89.125    -0.650  2.5352E-02
    112.202    -0.650  1.5268E-02
    141.254    -0.650  9.1048E-03
    177.828    -0.650  5.3584E-03
    223.872    -0.650  3.1328E-03
    281.838    -0.650  1.8416E-03
    354.813    -0.650  1.0984E-03
    446.684    -0.650  6.2624E-04
    562.341    -0.650  3.5984E-04
    707.946    -0.650  2.0776E-04
    891.251    -0.650  1.1816E-04
   1122.018    -0.650  6.6088E-05
   1412.538    -0.650  3.7284E-05
   1778.279    -0.650  1.9024E-05
   2238.721    -0.650  1.0732E-05
   2818.383    -0.650  5.8056E-06
   3548.134    -0.650  2.5440E-06
   4466.837    -0.650  1.4000E-06
   5623.413    -0.650  7.7248E-07
   7079.456    -0.650  3.9388E-07
   8912.511    -0.650  7.5024E-08
     11.220    -0.550  2.1164E+00
     14.125    -0.550  1.3368E+00
     17.783    -0.550  8.4148E-01
     22.387    -0.550  5.2704E-01
     28.184    -0.550  3.2804E-01
     35.481    -0.550  2.0288E-01
     44.668    -0.550  1.2516E-01
     56.234    -0.550  7.6180E-02
     70.795    -0.550  4.6172E-02
     89.125    -0.550  2.7788E-02
    112.202    -0.550  1.6852E-02
    141.254    -0.550  1.0031E-02
    177.828    -0.550  5.9236E-03
    223.872    -0.550  3.4872E-03
    281.838    -0.550  2.0484E-03
    354.813    -0.550  1.2236E-03
    446.684    -0.550  6.9696E-04
    562.341    -0.550  4.0116E-04
    707.946    -0.550  2.3384E-04
    891.251    -0.550  1.3364E-04
   1122.018    -0.550  7.3292E-05
   1412.538    -0.550  4.2356E-05
   1778.279    -0.550  2.1256E-05
   2238.721    -0.550  1.2068E-05
   2818.383    -0.550  6.6424E-06
   3548.134    -0.550  2.9540E-06
   4466.837    -0.550  1.7280E-06
   5623.413    -0.550  9.1472E-07
   7079.456    -0.550  4.7332E-07
   8912.511    -0.550  9.4556E-08
     11.220    -0.450  2.2737E+00
     14.125    -0.450  1.4380E+00
     17.783    -0.450  9.0411E-01
     22.387    -0.450  5.6537E-01
     28.184    -0.450  3.5280E-01
     35.481    -0.450  2.1923E-01
     44.668    -0.450  1.3557E-01
     56.234    -0.450  8.3246E-02
     70.795    -0.450  5.0420E-02
     89.125    -0.450  3.0629E-02
    112.202    -0.450  1.8523E-02
    141.254    -0.450  1.1054E-02
    177.828    -0.450  6.6149E-03
    223.872    -0.450  3.9491E-03
    281.838    -0.450  2.3126E-03
    354.813    -0.450  1.3663E-03
    446.684    -0.450  8.0034E-04
    562.341    -0.450  4.5789E-04
    707.946    -0.450  2.6463E-04
    891.251    -0.450  1.4966E-04
   1122.018    -0.450  8.4874E-05
   1412.538    -0.450  4.8066E-05
   1778.279    -0.450  2.4629E-05
   2238.721    -0.450  1.3894E-05
   2818.383    -0.450  7.7994E-06
   3548.134    -0.450  3.7354E-06
   4466.837    -0.450  2.4526E-06
   5623.413    -0.450  8.8709E-07
   7079.456    -0.450  4.3694E-07
   8912.511    -0.450  1.9783E-07
     11.220    -0.350  2.4846E+00
     14.125    -0.350  1.5760E+00
     17.783    -0.350  9.9137E-01
     22.387    -0.350  6.1946E-01
     28.184    -0.350  3.8760E-01
     35.481    -0.350  2.4174E-01
     44.668    -0.350  1.4986E-01
     56.234    -0.350  9.2749E-02
     70.795    -0.350  5.6240E-02
     89.125    -0.350  3.4443E-02
    112.202    -0.350  2.0774E-02
    141.254    -0.350  1.2451E-02
    177.828    -0.350  7.5383E-03
    223.872    -0.350  4.5397E-03
    281.838    -0.350  2.6609E-03
    354.813    -0.350  1.5554E-03
    446.684    -0.350  9.3011E-04
    562.341    -0.350  5.3163E-04
    707.946    -0.350  3.0554E-04
    891.251    -0.350  1.7189E-04
   1122.018    -0.350  1.0029E-04
   1412.538    -0.350  5.5089E-05
   1778.279    -0.350  2.9543E-05
   2238.721    -0.350  1.6531E-05
   2818.383    -0.350  9.2331E-06
   3548.134    -0.350  4.6551E-06
   4466.837    -0.350  3.1709E-06
   5623.413    -0.350  9.2903E-07
   7079.456    -0.350  4.2631E-07
   8912.511    -0.350  3.2194E-07
     11.220    -0.250  2.7800E+00
     14.125    -0.250  1.7700E+00
     17.783    -0.250  1.1200E+00
     22.387    -0.250  7.0200E-01
     28.184    -0.250  4.4000E-01
     35.481    -0.250  2.7500E-01
     44.668    -0.250  1.7100E-01
     56.234    -0.250  1.0600E-01
     70.795    -0.250  6.4700E-02
     89.125    -0.250  3.9800E-02
    112.202    -0.250  2.4100E-02
    141.254    -0.250  1.4500E-02
    177.828    -0.250  8.8000E-03
    223.872    -0.250  5.2800E-03
    281.838    -0.250  3.1200E-03
    354.813    -0.250  1.8200E-03
    446.684    -0.250  1.0800E-03
    562.341    -0.250  6.2400E-04
    707.946    -0.250  3.6200E-04
    891.251    -0.250  2.0600E-04
   1122.018    -0.250  1.1900E-04
   1412.538    -0.250  6.4100E-05
   1778.279    -0.250  3.6400E-05
   2238.721    -0.250  2.0300E-05
   2818.383    -0.250  1.0900E-05
   3548.134    -0.250  5.4800E-06
   4466.837    -0.250  3.4800E-06
   5623.413    -0.250  1.2800E-06
   7079.456    -0.250  5.8300E-07
   8912.511    -0.250  4.0400E-07
     11.220    -0.150  3.1600E+00
     14.125    -0.150  2.0200E+00
     17.783    -0.150  1.2900E+00
     22.387    -0.150  8.1300E-01
     28.184    -0.150  5.1000E-01
     35.481    -0.150  3.1900E-01
     44.668    -0.150  1.9900E-01
     56.234    -0.150  1.2300E-01
     70.795    -0.150  7.5800E-02
     89.125    -0.150  4.6700E-02
    112.202    -0.150  2.8500E-02
    141.254    -0.150  1.7200E-02
    177.828    -0.150  1.0400E-02
    223.872    -0.150  6.1700E-03
    281.838    -0.150  3.6900E-03
    354.813    -0.150  2.1600E-03
    446.684    -0.150  1.2500E-03
    562.341    -0.150  7.3500E-04
    707.946    -0.150  4.3400E-04
    891.251    -0.150  2.5200E-04
   1122.018    -0.150  1.4100E-04
   1412.538    -0.150  7.5100E-05
   1778.279    -0.150  4.5200E-05
   2238.721    -0.150  2.5200E-05
   2818.383    -0.150  1.2800E-05
   3548.134    -0.150  6.2100E-06
   4466.837    -0.150  3.3800E-06
   5623.413    -0.150  1.9400E-06
   7079.456    -0.150  9.0700E-07
   8912.511    -0.150  4.4400E-07
     11.220    -0.050  3.6800E+00
     14.125    -0.050  2.4100E+00
     17.783    -0.050  1.5600E+00
     22.387    -0.050  9.9600E-01
     28.184    -0.050  6.3400E-01
     35.481    -0.050  4.0100E-01
     44.668    -0.050  2.5100E-01
     56.234    -0.050  1.5700E-01
     70.795    -0.050  9.7100E-02
     89.125    -0.050  6.0200E-02
    112.202    -0.050  3.6800E-02
    141.254    -0.050  2.2500E-02
    177.828    -0.050  1.3600E-02
    223.872    -0.050  8.2100E-03
    281.838    -0.050  4.8300E-03
    354.813    -0.050  2.9100E-03
    446.684    -0.050  1.6700E-03
    562.341    -0.050  9.9100E-04
    707.946    -0.050  5.8000E-04
    891.251    -0.050  3.2800E-04
   1122.018    -0.050  1.8500E-04
   1412.538    -0.050  1.0400E-04
   1778.279    -0.050  5.7200E-05
   2238.721    -0.050  3.2100E-05
   2818.383    -0.050  1.6600E-05
   3548.134    -0.050  9.1000E-06
   4466.837    -0.050  4.8800E-06
   5623.413    -0.050  2.8900E-06
   7079.456    -0.050  8.1400E-07
   8912.511    -0.050  4.6900E-07
     11.220     0.050  3.6800E+00
     14.125     0.050  2.4100E+00
     17.783     0.050  1.5600E+00
     22.387     0.050  9.9600E-01
     28.184     0.050  6.3400E-01
     35.481     0.050  4.0100E-01
     44.668     0.050  2.5100E-01
     56.234     0.050  1.5700E-01
     70.795     0.050  9.7100E-02
     89.125     0.050  6.0200E-02
    112.202     0.050  3.6800E-02
    141.254     0.050  2.2500E-02
    177.828     0.050  1.3600E-02
    223.872     0.050  8.2100E-03
    281.838     0.050  4.8300E-03
    354.813     0.050  2.9100E-03
    446.684     0.050  1.6700E-03
    562.341     0.050  9.9100E-04
    707.946     0.050  5.8000E-04
    891.251     0.050  3.2800E-04
   1122.018     0.050  1.8500E-04
   1412.538     0.050  1.0400E-04
   1778.279     0.050  5.7200E-05
   2238.721     0.050  3.2100E-05
   2818.383     0.050  1.6600E-05
   3548.134     0.050  9.1000E-06
   4466.837     0.050  4.8800E-06
   5623.413     0.050  2.8900E-06
   7079.456     0.050  8.1400E-07
   8912.511     0.050  4.6900E-07
     11.220     0.150  3.1600E+00
     14.125     0.150  2.0200E+00
     17.783     0.150  1.2900E+00
     22.387     0.150  8.1300E-01
     28.184     0.150  5.1000E-01
     35.481     0.150  3.1900E-01
     44.668     0.150  1.9900E-01
     56.234     0.150  1.2300E-01
     70.795     0.150  7.5800E-02
     89.125     0.150  4.6700E-02
    112.202     0.150  2.8500E-02
    141.254     0.150  1.7200E-02
    177.828     0.150  1.0400E-02
    223.872     0.150  6.1700E-03
    281.838     0.150  3.6900E-03
    354.813     0.150  2.1600E-03
    446.684     0.150  1.2500E-03
    562.341     0.150  7.3500E-04
    707.946     0.150  4.3400E-04
    891.251     0.150  2.5200E-04
   1122.018     0.150  1.4100E-04
   1412.538     0.150  7.5100E-05
   1778.279     0.150  4.5200E-05
   2238.721     0.150  2.5200E-05
   2818.383     0.150  1.2800E-05
   3548.134     0.150  6.2100E-06
   4466.837     0.150  3.3800E-06
   5623.413     0.150  1.9400E-06
   7079.456     0.150  9.0700E-07
   8912.511     0.150  4.4400E-07
     11.220     0.250  2.7800E+00
     14.125     0.250  1.7700E+00
     17.783     0.250  1.1200E+00
     22.387     0.250  7.0200E-01
     28.184     0.250  4.4000E-01
     35.481     0.250  2.7500E-01
     44.668     0.250  1.7100E-01
     56.234     0.250  1.0600E-01
     70.795     0.250  6.4700E-02
     89.125     0.250  3.9800E-02
    112.202     0.250  2.4100E-02
    141.254     0.250  1.4500E-02
    177.828     0.250  8.8000E-03
    223.872     0.250  5.2800E-03
    281.838     0.250  3.1200E-03
    354.813     0.250  1.8200E-03
    446.684     0.250  1.0800E-03
    562.341     0.250  6.2400E-04
    707.946     0.250  3.6200E-04
    891.251     0.250  2.0600E-04
   1122.018     0.250  1.1900E-04
   1412.538     0.250  6.4100E-05
   1778.279     0.250  3.6400E-05
   2238.721     0.250  2.0300E-05
   2818.383     0.250  1.0900E-05
   3548.134     0.250  5.4800E-06
   4466.837     0.250  3.4800E-06
   5623.413     0.250  1.2800E-06
   7079.456     0.250  5.8300E-07
   8912.511     0.250  4.0400E-07
     11.220     0.350  2.4846E+00
     14.125     0.350  1.5760E+00
     17.783     0.350  9.9137E-01
     22.387     0.350  6.1946E-01
     28.184     0.350  3.8760E-01
     35.481     0.350  2.4174E-01
     44.668     0.350  1.4986E-01
     56.234     0.350  9.2749E-02
     70.795     0.350  5.6240E-02
     89.125     0.350  3.4443E-02
    112.202     0.350  2.0774E-02
    141.254     0.350  1.2451E-02
    177.828     0.350  7.5383E-03
    223.872     0.350  4.5397E-03
    281.838     0.350  2.6609E-03
    354.813     0.350  1.5554E-03
    446.684     0.350  9.3011E-04
    562.341     0.350  5.3163E-04
    707.946     0.350  3.0554E-04
    891.251     0.350  1.7189E-04
   1122.018     0.350  1.0029E-04
   1412.538     0.350  5.5089E-05
   1778.279     0.350  2.9543E-05
   2238.721     0.350  1.6531E-05
   2818.383     0.350  9.2331E-06
   3548.134     0.350  4.6551E-06
   4466.837     0.350  3.1709E-06
   5623.413     0.350  9.2903E-07
   7079.456     0.350  4.2631E-07
   8912.511     0.350  3.2194E-07
     11.220     0.450  2.2944E+00
     14.125     0.450  1.4508E+00
     17.783     0.450  9.1528E-01
     22.387     0.450  5.7384E-01
     28.184     0.450  3.5784E-01
     35.481     0.450  2.2228E-01
     44.668     0.450  1.3756E-01
     56.234     0.450  8.4120E-02
     70.795     0.450  5.1132E-02
     89.125     0.450  3.1008E-02
    112.202     0.450  1.8852E-02
    141.254     0.450  1.1239E-02
    177.828     0.450  6.6856E-03
    223.872     0.450  3.9632E-03
    281.838     0.450  2.3304E-03
    354.813     0.450  1.3856E-03
    446.684     0.450  7.9616E-04
    562.341     0.450  4.5896E-04
    707.946     0.450  2.6824E-04
    891.251     0.450  1.5344E-04
   1122.018     0.450  8.4512E-05
   1412.538     0.450  4.8516E-05
   1778.279     0.450  2.4896E-05
   2238.721     0.450  1.4108E-05
   2818.383     0.450  7.7704E-06
   3548.134     0.450  3.5800E-06
   4466.837     0.450  2.1840E-06
   5623.413     0.450  1.0467E-06
   7079.456     0.450  5.3132E-07
   8912.511     0.450  1.5590E-07
     11.220     0.550  2.1164E+00
     14.125     0.550  1.3368E+00
     17.783     0.550  8.4148E-01
     22.387     0.550  5.2704E-01
     28.184     0.550  3.2804E-01
     35.481     0.550  2.0288E-01
     44.668     0.550  1.2516E-01
     56.234     0.550  7.6180E-02
     70.795     0.550  4.6172E-02
     89.125     0.550  2.7788E-02
    112.202     0.550  1.6852E-02
    141.254     0.550  1.0031E-02
    177.828     0.550  5.9236E-03
    223.872     0.550  3.4872E-03
    281.838     0.550  2.0484E-03
    354.813     0.550  1.2236E-03
    446.684     0.550  6.9696E-04
    562.341     0.550  4.0116E-04
    707.946     0.550  2.3384E-04
    891.251     0.550  1.3364E-04
   1122.018     0.550  7.3292E-05
   1412.538     0.550  4.2356E-05
   1778.279     0.550  2.1256E-05
   2238.721     0.550  1.2068E-05
   2818.383     0.550  6.6424E-06
   3548.134     0.550  2.9540E-06
   4466.837     0.550  1.7280E-06
   5623.413     0.550  9.1472E-07
   7079.456     0.550  4.7332E-07
   8912.511     0.550  9.4556E-08
     11.220     0.650  1.9816E+00
     14.125     0.650  1.2532E+00
     17.783     0.650  7.8672E-01
     22.387     0.650  4.9176E-01
     28.184     0.650  3.0576E-01
     35.481     0.650  1.8812E-01
     44.668     0.650  1.1564E-01
     56.234     0.650  7.0240E-02
     70.795     0.650  4.2428E-02
     89.125     0.650  2.5352E-02
    112.202     0.650  1.5268E-02
    141.254     0.650  9.1048E-03
    177.828     0.650  5.3584E-03
    223.872     0.650  3.1328E-03
    281.838     0.650  1.8416E-03
    354.813     0.650  1.0984E-03
    446.684     0.650  6.2624E-04
    562.341     0.650  3.5984E-04
    707.946     0.650  2.0776E-04
    891.251     0.650  1.1816E-04
   1122.018     0.650  6.6088E-05
   1412.538     0.650  3.7284E-05
   1778.279     0.650  1.9024E-05
   2238.721     0.650  1.0732E-05
   2818.383     0.650  5.8056E-06
   3548.134     0.650  2.5440E-06
   4466.837     0.650  1.4000E-06
   5623.413     0.650  7.7248E-07
   7079.456     0.650  3.9388E-07
   8912.511     0.650  7.5024E-08
     11.220     0.750  1.8900E+00
     14.125     0.750  1.2000E+00
     17.783     0.750  7.5100E-01
     22.387     0.750  4.6800E-01
     28.184     0.750  2.9100E-01
     35.481     0.750  1.7800E-01
     44.668     0.750  1.0900E-01
     56.234     0.750  6.6300E-02
     70.795     0.750  3.9900E-02
     89.125     0.750  2.3700E-02
    112.202     0.750  1.4100E-02
    141.254     0.750  8.4600E-03
    177.828     0.750  4.9900E-03
    223.872     0.750  2.9000E-03
    281.838     0.750  1.7100E-03
    354.813     0.750  1.0100E-03
    446.684     0.750  5.8400E-04
    562.341     0.750  3.3500E-04
    707.946     0.750  1.9000E-04
    891.251     0.750  1.0700E-04
   1122.018     0.750  6.2900E-05
   1412.538     0.750  3.3300E-05
   1778.279     0.750  1.8200E-05
   2238.721     0.750  1.0100E-05
   2818.383     0.750  5.2600E-06
   3548.134     0.750  2.3500E-06
   4466.837     0.750  1.2000E-06
   5623.413     0.750  6.2000E-07
   7079.456     0.750  2.9300E-07
   8912.511     0.750  9.7300E-08
     11.220     0.850  1.8024E+00
     14.125     0.850  1.1408E+00
     17.783     0.850  7.1416E-01
     22.387     0.850  4.4428E-01
     28.184     0.850  2.7536E-01
     35.481     0.850  1.6832E-01
     44.668     0.850  1.0255E-01
     56.234     0.850  6.2176E-02
     70.795     0.850  3.7356E-02
     89.125     0.850  2.2104E-02
    112.202     0.850  1.3096E-02
    141.254     0.850  7.8560E-03
    177.828     0.850  4.6280E-03
    223.872     0.850  2.6880E-03
    281.838     0.850  1.5808E-03
    354.813     0.850  9.2620E-04
    446.684     0.850  5.3524E-04
    562.341     0.850  3.0928E-04
    707.946     0.850  1.7384E-04
    891.251     0.850  9.7752E-05
   1122.018     0.850  5.6756E-05
   1412.538     0.850  3.0068E-05
   1778.279     0.850  1.6992E-05
   2238.721     0.850  9.0436E-06
   2818.383     0.850  4.4792E-06
   3548.134     0.850  2.0892E-06
   4466.837     0.850  1.0258E-06
   5623.413     0.850  5.2028E-07
   7079.456     0.850  2.5944E-07
   8912.511     0.850  9.4576E-08
     11.220     0.950  1.7356E+00
     14.125     0.950  1.0912E+00
     17.783     0.950  6.8484E-01
     22.387     0.950  4.2552E-01
     28.184     0.950  2.6244E-01
     35.481     0.950  1.6088E-01
     44.668     0.950  9.7448E-02
     56.234     0.950  5.8804E-02
     70.795     0.950  3.5324E-02
     89.125     0.950  2.0876E-02
    112.202     0.950  1.2364E-02
    141.254     0.950  7.3960E-03
    177.828     0.950  4.3540E-03
    223.872     0.950  2.5400E-03
    281.838     0.950  1.4852E-03
    354.813     0.950  8.6080E-04
    446.684     0.950  4.9496E-04
    562.341     0.950  2.9012E-04
    707.946     0.950  1.6216E-04
    891.251     0.950  9.1448E-05
   1122.018     0.950  5.0644E-05
   1412.538     0.950  2.7732E-05
   1778.279     0.950  1.6168E-05
   2238.721     0.950  8.0464E-06
   2818.383     0.950  3.6888E-06
   3548.134     0.950  1.8828E-06
   4466.837     0.950  9.2120E-07
   5623.413     0.950  4.4632E-07
   7079.456     0.950  2.5516E-07
   8912.511     0.950  9.5484E-08
