     11.220    -0.950  3.4912E-01
     14.125    -0.950  1.9820E-01
     17.783    -0.950  1.1156E-01
     22.387    -0.950  6.3584E-02
     28.184    -0.950  3.6044E-02
     35.481    -0.950  2.0756E-02
     44.668    -0.950  1.1896E-02
     56.234    -0.950  6.9200E-03
     70.795    -0.950  4.0292E-03
     89.125    -0.950  2.4336E-03
    112.202    -0.950  1.4192E-03
    141.254    -0.950  8.8616E-04
    177.828    -0.950  5.2704E-04
    223.872    -0.950  3.0716E-04
    281.838    -0.950  1.9004E-04
    354.813    -0.950  1.0764E-04
    446.684    -0.950  6.4180E-05
    562.341    -0.950  3.9328E-05
    707.946    -0.950  2.1052E-05
    891.251    -0.950  1.3304E-05
   1122.018    -0.950  6.6724E-06
   1412.538    -0.950  4.1296E-06
   1778.279    -0.950  2.1192E-06
   2238.721    -0.950  1.5540E-06
   2818.383    -0.950  7.6076E-07
   3548.134    -0.950  3.3772E-07
   4466.837    -0.950  1.3892E-07
   5623.413    -0.950  9.4036E-08
   7079.456    -0.950  4.2047E-08
   8912.511    -0.950  2.5364E-08
     11.220    -0.850  3.9208E-01
     14.125    -0.850  2.2240E-01
     17.783    -0.850  1.2524E-01
     22.387    -0.850  7.1156E-02
     28.184    -0.850  4.0116E-02
     35.481    -0.850  2.3084E-02
     44.668    -0.850  1.3144E-02
     56.234    -0.850  7.5860E-03
     70.795    -0.850  4.3568E-03
     89.125    -0.850  2.5944E-03
    112.202    -0.850  1.5348E-03
    141.254    -0.850  9.4384E-04
    177.828    -0.850  5.7396E-04
    223.872    -0.850  3.2864E-04
    281.838    -0.850  2.0536E-04
    354.813    -0.850  1.1636E-04
    446.684    -0.850  7.0140E-05
    562.341    -0.850  4.2232E-05
    707.946    -0.850  2.2608E-05
    891.251    -0.850  1.3616E-05
   1122.018    -0.850  7.2716E-06
   1412.538    -0.850  4.7744E-06
   1778.279    -0.850  2.0428E-06
   2238.721    -0.850  1.5980E-06
   2818.383    -0.850  8.0644E-07
   3548.134    -0.850  3.7308E-07
   4466.837    -0.850  1.3348E-07
   5623.413    -0.850  5.2884E-08
   7079.456    -0.850  9.3463E-08
   8912.511    -0.850  4.5484E-09
     11.220    -0.750  4.5200E-01
     14.125    -0.750  2.5700E-01
     17.783    -0.750  1.4500E-01
     22.387    -0.750  8.2200E-02
     28.184    -0.750  4.6300E-02
     35.481    -0.750  2.6500E-02
     44.668    -0.750  1.5000E-02
     56.234    -0.750  8.5800E-03
     70.795    -0.750  4.9100E-03
     89.125    -0.750  2.8800E-03
    112.202    -0.750  1.7000E-03
    141.254    -0.750  1.0300E-03
    177.828    -0.750  6.3000E-04
    223.872    -0.750  3.5700E-04
    281.838    -0.750  2.2500E-04
    354.813    -0.750  1.2700E-04
    446.684    -0.750  7.6900E-05
    562.341    -0.750  4.6000E-05
    707.946    -0.750  2.5300E-05
    891.251    -0.750  1.4600E-05
   1122.018    -0.750  8.3700E-06
   1412.538    -0.750  5.4800E-06
   1778.279    -0.750  2.3200E-06
   2238.721    -0.750  1.6900E-06
   2818.383    -0.750  9.1100E-07
   3548.134    -0.750  4.1900E-07
   4466.837    -0.750  1.5300E-07
   5623.413    -0.750  5.8100E-08
   7079.456    -0.750  1.2400E-07
   8912.511    -0.750  3.0100E-09
     11.220    -0.650  5.1040E-01
     14.125    -0.650  2.8940E-01
     17.783    -0.650  1.6256E-01
     22.387    -0.650  9.1376E-02
     28.184    -0.650  5.1584E-02
     35.481    -0.650  2.9072E-02
     44.668    -0.650  1.6312E-02
     56.234    -0.650  9.2384E-03
     70.795    -0.650  5.4080E-03
     89.125    -0.650  3.1284E-03
    112.202    -0.650  1.7936E-03
    141.254    -0.650  1.0736E-03
    177.828    -0.650  6.5640E-04
    223.872    -0.650  3.6992E-04
    281.838    -0.650  2.4296E-04
    354.813    -0.650  1.3428E-04
    446.684    -0.650  7.9384E-05
    562.341    -0.650  4.9384E-05
    707.946    -0.650  2.9536E-05
    891.251    -0.650  1.5704E-05
   1122.018    -0.650  1.0358E-05
   1412.538    -0.650  6.0568E-06
   1778.279    -0.650  3.3600E-06
   2238.721    -0.650  1.7232E-06
   2818.383    -0.650  1.0501E-06
   3548.134    -0.650  4.2832E-07
   4466.837    -0.650  1.6928E-07
   5623.413    -0.650  1.5549E-07
   7079.456    -0.650  1.1380E-07
   8912.511    -0.650  2.7405E-08
     11.220    -0.550  6.1040E-01
     14.125    -0.550  3.4900E-01
     17.783    -0.550  1.9724E-01
     22.387    -0.550  1.1114E-01
     28.184    -0.550  6.2996E-02
     35.481    -0.550  3.5308E-02
     44.668    -0.550  1.9768E-02
     56.234    -0.550  1.1110E-02
     70.795    -0.550  6.5060E-03
     89.125    -0.550  3.7176E-03
    112.202    -0.550  2.0984E-03
    141.254    -0.550  1.2404E-03
    177.828    -0.550  7.4360E-04
    223.872    -0.550  4.1948E-04
    281.838    -0.550  2.7324E-04
    354.813    -0.550  1.5052E-04
    446.684    -0.550  8.9436E-05
    562.341    -0.550  5.5296E-05
    707.946    -0.550  3.4364E-05
    891.251    -0.550  1.8216E-05
   1122.018    -0.550  1.2324E-05
   1412.538    -0.550  6.9472E-06
   1778.279    -0.550  4.2080E-06
   2238.721    -0.550  1.9468E-06
   2818.383    -0.550  1.2805E-06
   3548.134    -0.550  5.1108E-07
   4466.837    -0.550  2.4812E-07
   5623.413    -0.550  2.3817E-07
   7079.456    -0.550  1.0920E-07
   8912.511    -0.550  6.2201E-08
     11.220    -0.450  7.2811E-01
     14.125    -0.450  4.1906E-01
     17.783    -0.450  2.3709E-01
     22.387    -0.450  1.3326E-01
     28.184    -0.450  7.5086E-02
     35.481    -0.450  4.1749E-02
     44.668    -0.450  2.3291E-02
     56.234    -0.450  1.2914E-02
     70.795    -0.450  7.4320E-03
     89.125    -0.450  4.2140E-03
    112.202    -0.450  2.4229E-03
    141.254    -0.450  1.4417E-03
    177.828    -0.450  8.3457E-04
    223.872    -0.450  4.8400E-04
    281.838    -0.450  2.9657E-04
    354.813    -0.450  1.6546E-04
    446.684    -0.450  1.0886E-04
    562.341    -0.450  6.2086E-05
    707.946    -0.450  3.8869E-05
    891.251    -0.450  2.2434E-05
   1122.018    -0.450  1.3323E-05
   1412.538    -0.450  7.7926E-06
   1778.279    -0.450  4.3554E-06
   2238.721    -0.450  2.4423E-06
   2818.383    -0.450  1.7069E-06
   3548.134    -0.450  7.3200E-07
   4466.837    -0.450  5.3497E-07
   5623.413    -0.450  3.2240E-07
   7079.456    -0.450  1.1871E-07
   8912.511    -0.450  1.5837E-07
     11.220    -0.350  8.9937E-01
     14.125    -0.350  5.2469E-01
     17.783    -0.350  3.0003E-01
     22.387    -0.350  1.7009E-01
     28.184    -0.350  9.6029E-02
     35.481    -0.350  5.3583E-02
     44.668    -0.350  2.9997E-02
     56.234    -0.350  1.6571E-02
     70.795    -0.350  9.3440E-03
     89.125    -0.350  5.2680E-03
    112.202    -0.350  3.0543E-03
    141.254    -0.350  1.8106E-03
    177.828    -0.350  1.0149E-03
    223.872    -0.350  5.9600E-04
    281.838    -0.350  3.4186E-04
    354.813    -0.350  1.9449E-04
    446.684    -0.350  1.3495E-04
    562.341    -0.350  7.2229E-05
    707.946    -0.350  4.4423E-05
    891.251    -0.350  2.7911E-05
   1122.018    -0.350  1.4774E-05
   1412.538    -0.350  9.1309E-06
   1778.279    -0.350  4.5651E-06
   2238.721    -0.350  3.0874E-06
   2818.383    -0.350  2.1723E-06
   3548.134    -0.350  9.9400E-07
   4466.837    -0.350  8.1166E-07
   5623.413    -0.350  3.8380E-07
   7079.456    -0.350  1.2957E-07
   8912.511    -0.350  2.3946E-07
     11.220    -0.250  1.1600E+00
     14.125    -0.250  6.9100E-01
     17.783    -0.250  4.0400E-01
     22.387    -0.250  2.3400E-01
     28.184    -0.250  1.3400E-01
     35.481    -0.250  7.6000E-02
     44.668    -0.250  4.3000E-02
     56.234    -0.250  2.4000E-02
     70.795    -0.250  1.3400E-02
     89.125    -0.250  7.5300E-03
    112.202    -0.250  4.2800E-03
    141.254    -0.250  2.4800E-03
    177.828    -0.250  1.3700E-03
    223.872    -0.250  7.8800E-04
    281.838    -0.250  4.3800E-04
    354.813    -0.250  2.5300E-04
    446.684    -0.250  1.6500E-04
    562.341    -0.250  8.8200E-05
    707.946    -0.250  5.2400E-05
    891.251    -0.250  3.4200E-05
   1122.018    -0.250  1.8100E-05
   1412.538    -0.250  1.1500E-05
   1778.279    -0.250  5.6000E-06
   2238.721    -0.250  3.7600E-06
   2818.383    -0.250  2.5200E-06
   3548.134    -0.250  1.2000E-06
   4466.837    -0.250  8.6000E-07
   5623.413    -0.250  3.9800E-07
   7079.456    -0.250  1.2900E-07
   8912.511    -0.250  2.2900E-07
     11.220    -0.150  1.5100E+00
     14.125    -0.150  9.1800E-01
     17.783    -0.150  5.4900E-01
     22.387    -0.150  3.2500E-01
     28.184    -0.150  1.8900E-01
     35.481    -0.150  1.0900E-01
     44.668    -0.150  6.2300E-02
     56.234    -0.150  3.5200E-02
     70.795    -0.150  1.9600E-02
     89.125    -0.150  1.1000E-02
    112.202    -0.150  6.1000E-03
    141.254    -0.150  3.4500E-03
    177.828    -0.150  1.9000E-03
    223.872    -0.150  1.0600E-03
    281.838    -0.150  5.8500E-04
    354.813    -0.150  3.4100E-04
    446.684    -0.150  1.9900E-04
    562.341    -0.150  1.1000E-04
    707.946    -0.150  6.2800E-05
    891.251    -0.150  4.1300E-05
   1122.018    -0.150  2.3300E-05
   1412.538    -0.150  1.4900E-05
   1778.279    -0.150  7.4600E-06
   2238.721    -0.150  4.4600E-06
   2818.383    -0.150  2.7500E-06
   3548.134    -0.150  1.3500E-06
   4466.837    -0.150  6.8000E-07
   5623.413    -0.150  3.6500E-07
   7079.456    -0.150  1.1700E-07
   8912.511    -0.150  1.2700E-07
     11.220    -0.050  2.0100E+00
     14.125    -0.050  1.2800E+00
     17.783    -0.050  7.9800E-01
     22.387    -0.050  4.9100E-01
     28.184    -0.050  2.9700E-01
     35.481    -0.050  1.7800E-01
     44.668    -0.050  1.0400E-01
     56.234    -0.050  6.1000E-02
     70.795    -0.050  3.5100E-02
     89.125    -0.050  1.9800E-02
    112.202    -0.050  1.1300E-02
    141.254    -0.050  6.3800E-03
    177.828    -0.050  3.5000E-03
    223.872    -0.050  1.9900E-03
    281.838    -0.050  1.0600E-03
    354.813    -0.050  5.9100E-04
    446.684    -0.050  3.3700E-04
    562.341    -0.050  1.8700E-04
    707.946    -0.050  1.1000E-04
    891.251    -0.050  5.7400E-05
   1122.018    -0.050  3.7300E-05
   1412.538    -0.050  1.9800E-05
   1778.279    -0.050  1.1300E-05
   2238.721    -0.050  5.9500E-06
   2818.383    -0.050  4.2100E-06
   3548.134    -0.050  1.4300E-06
   4466.837    -0.050  8.8600E-07
   5623.413    -0.050  5.8500E-07
   7079.456    -0.050  2.3000E-07
   8912.511    -0.050  1.5500E-07
     11.220     0.050  2.0100E+00
     14.125     0.050  1.2800E+00
     17.783     0.050  7.9800E-01
     22.387     0.050  4.9100E-01
     28.184     0.050  2.9700E-01
     35.481     0.050  1.7800E-01
     44.668     0.050  1.0400E-01
     56.234     0.050  6.1000E-02
     70.795     0.050  3.5100E-02
     89.125     0.050  1.9800E-02
    112.202     0.050  1.1300E-02
    141.254     0.050  6.3800E-03
    177.828     0.050  3.5000E-03
    223.872     0.050  1.9900E-03
    281.838     0.050  1.0600E-03
    354.813     0.050  5.9100E-04
    446.684     0.050  3.3700E-04
    562.341     0.050  1.8700E-04
    707.946     0.050  1.1000E-04
    891.251     0.050  5.7400E-05
   1122.018     0.050  3.7300E-05
   1412.538     0.050  1.9800E-05
   1778.279     0.050  1.1300E-05
   2238.721     0.050  5.9500E-06
   2818.383     0.050  4.2100E-06
   3548.134     0.050  1.4300E-06
   4466.837     0.050  8.8600E-07
   5623.413     0.050  5.8500E-07
   7079.456     0.050  2.3000E-07
   8912.511     0.050  1.5500E-07
     11.220     0.150  1.5100E+00
     14.125     0.150  9.1800E-01
     17.783     0.150  5.4900E-01
     22.387     0.150  3.2500E-01
     28.184     0.150  1.8900E-01
     35.481     0.150  1.0900E-01
     44.668     0.150  6.2300E-02
     56.234     0.150  3.5200E-02
     70.795     0.150  1.9600E-02
     89.125     0.150  1.1000E-02
    112.202     0.150  6.1000E-03
    141.254     0.150  3.4500E-03
    177.828     0.150  1.9000E-03
    223.872     0.150  1.0600E-03
    281.838     0.150  5.8500E-04
    354.813     0.150  3.4100E-04
    446.684     0.150  1.9900E-04
    562.341     0.150  1.1000E-04
    707.946     0.150  6.2800E-05
    891.251     0.150  4.1300E-05
   1122.018     0.150  2.3300E-05
   1412.538     0.150  1.4900E-05
   1778.279     0.150  7.4600E-06
   2238.721     0.150  4.4600E-06
   2818.383     0.150  2.7500E-06
   3548.134     0.150  1.3500E-06
   4466.837     0.150  6.8000E-07
   5623.413     0.150  3.6500E-07
   7079.456     0.150  1.1700E-07
   8912.511     0.150  1.2700E-07
     11.220     0.250  1.1700E+00
     14.125     0.250  6.9100E-01
     17.783     0.250  4.0400E-01
     22.387     0.250  2.3400E-01
     28.184     0.250  1.3400E-01
     35.481     0.250  7.6000E-02
     44.668     0.250  4.3000E-02
     56.234     0.250  2.4000E-02
     70.795     0.250  1.3400E-02
     89.125     0.250  7.5300E-03
    112.202     0.250  4.2800E-03
    141.254     0.250  2.4800E-03
    177.828     0.250  1.3700E-03
    223.872     0.250  7.8800E-04
    281.838     0.250  4.3800E-04
    354.813     0.250  2.5300E-04
    446.684     0.250  1.6500E-04
    562.341     0.250  8.8200E-05
    707.946     0.250  5.2400E-05
    891.251     0.250  3.4200E-05
   1122.018     0.250  1.8100E-05
   1412.538     0.250  1.1500E-05
   1778.279     0.250  5.6000E-06
   2238.721     0.250  3.7600E-06
   2818.383     0.250  2.5200E-06
   3548.134     0.250  1.2000E-06
   4466.837     0.250  8.6000E-07
   5623.413     0.250  3.9800E-07
   7079.456     0.250  1.2900E-07
   8912.511     0.250  2.2900E-07
     11.220     0.350  9.1160E-01
     14.125     0.350  5.2469E-01
     17.783     0.350  3.0003E-01
     22.387     0.350  1.7009E-01
     28.184     0.350  9.6029E-02
     35.481     0.350  5.3583E-02
     44.668     0.350  2.9997E-02
     56.234     0.350  1.6571E-02
     70.795     0.350  9.3440E-03
     89.125     0.350  5.2680E-03
    112.202     0.350  3.0543E-03
    141.254     0.350  1.8106E-03
    177.828     0.350  1.0149E-03
    223.872     0.350  5.9600E-04
    281.838     0.350  3.4186E-04
    354.813     0.350  1.9449E-04
    446.684     0.350  1.3495E-04
    562.341     0.350  7.2229E-05
    707.946     0.350  4.4423E-05
    891.251     0.350  2.7911E-05
   1122.018     0.350  1.4774E-05
   1412.538     0.350  9.1309E-06
   1778.279     0.350  4.5651E-06
   2238.721     0.350  3.0874E-06
   2818.383     0.350  2.1723E-06
   3548.134     0.350  9.9400E-07
   4466.837     0.350  8.1166E-07
   5623.413     0.350  3.8380E-07
   7079.456     0.350  1.2957E-07
   8912.511     0.350  2.3946E-07
     11.220     0.450  7.5416E-01
     14.125     0.450  4.3580E-01
     17.783     0.450  2.4904E-01
     22.387     0.450  1.4150E-01
     28.184     0.450  8.0536E-02
     35.481     0.450  4.5208E-02
     44.668     0.450  2.5368E-02
     56.234     0.450  1.4194E-02
     70.795     0.450  8.2040E-03
     89.125     0.450  4.6476E-03
    112.202     0.450  2.6144E-03
    141.254     0.450  1.5304E-03
    177.828     0.450  8.9160E-04
    223.872     0.450  5.0568E-04
    281.838     0.450  3.1584E-04
    354.813     0.450  1.7572E-04
    446.684     0.450  1.0706E-04
    562.341     0.450  6.3736E-05
    707.946     0.450  3.9784E-05
    891.251     0.450  2.2136E-05
   1122.018     0.450  1.4270E-05
   1412.538     0.450  8.1512E-06
   1778.279     0.450  4.8640E-06
   2238.721     0.450  2.3608E-06
   2818.383     0.450  1.6023E-06
   3548.134     0.450  6.6728E-07
   4466.837     0.450  3.8952E-07
   5623.413     0.450  3.0615E-07
   7079.456     0.450  1.1020E-07
   8912.511     0.450  1.0740E-07
     11.220     0.550  6.1056E-01
     14.125     0.550  3.4900E-01
     17.783     0.550  1.9724E-01
     22.387     0.550  1.1114E-01
     28.184     0.550  6.2996E-02
     35.481     0.550  3.5308E-02
     44.668     0.550  1.9768E-02
     56.234     0.550  1.1110E-02
     70.795     0.550  6.5060E-03
     89.125     0.550  3.7176E-03
    112.202     0.550  2.0984E-03
    141.254     0.550  1.2404E-03
    177.828     0.550  7.4360E-04
    223.872     0.550  4.1948E-04
    281.838     0.550  2.7324E-04
    354.813     0.550  1.5052E-04
    446.684     0.550  8.9436E-05
    562.341     0.550  5.5296E-05
    707.946     0.550  3.4364E-05
    891.251     0.550  1.8216E-05
   1122.018     0.550  1.2324E-05
   1412.538     0.550  6.9472E-06
   1778.279     0.550  4.2080E-06
   2238.721     0.550  1.9468E-06
   2818.383     0.550  1.2805E-06
   3548.134     0.550  5.1108E-07
   4466.837     0.550  2.4812E-07
   5623.413     0.550  2.3817E-07
   7079.456     0.550  1.0920E-07
   8912.511     0.550  6.2201E-08
     11.220     0.650  5.0984E-01
     14.125     0.650  2.8940E-01
     17.783     0.650  1.6256E-01
     22.387     0.650  9.1376E-02
     28.184     0.650  5.1584E-02
     35.481     0.650  2.9072E-02
     44.668     0.650  1.6312E-02
     56.234     0.650  9.2384E-03
     70.795     0.650  5.4080E-03
     89.125     0.650  3.1284E-03
    112.202     0.650  1.7936E-03
    141.254     0.650  1.0736E-03
    177.828     0.650  6.5640E-04
    223.872     0.650  3.6992E-04
    281.838     0.650  2.4296E-04
    354.813     0.650  1.3428E-04
    446.684     0.650  7.9384E-05
    562.341     0.650  4.9384E-05
    707.946     0.650  2.9536E-05
    891.251     0.650  1.5704E-05
   1122.018     0.650  1.0358E-05
   1412.538     0.650  6.0568E-06
   1778.279     0.650  3.3600E-06
   2238.721     0.650  1.7232E-06
   2818.383     0.650  1.0501E-06
   3548.134     0.650  4.2832E-07
   4466.837     0.650  1.6928E-07
   5623.413     0.650  1.5549E-07
   7079.456     0.650  1.1380E-07
   8912.511     0.650  2.7405E-08
     11.220     0.750  4.5200E-01
     14.125     0.750  2.5700E-01
     17.783     0.750  1.4500E-01
     22.387     0.750  8.2200E-02
     28.184     0.750  4.6300E-02
     35.481     0.750  2.6500E-02
     44.668     0.750  1.5000E-02
     56.234     0.750  8.5800E-03
     70.795     0.750  4.9100E-03
     89.125     0.750  2.8800E-03
    112.202     0.750  1.7000E-03
    141.254     0.750  1.0300E-03
    177.828     0.750  6.3000E-04
    223.872     0.750  3.5700E-04
    281.838     0.750  2.2500E-04
    354.813     0.750  1.2700E-04
    446.684     0.750  7.6900E-05
    562.341     0.750  4.6000E-05
    707.946     0.750  2.5300E-05
    891.251     0.750  1.4600E-05
   1122.018     0.750  8.3700E-06
   1412.538     0.750  5.4800E-06
   1778.279     0.750  2.3200E-06
   2238.721     0.750  1.6900E-06
   2818.383     0.750  9.1100E-07
   3548.134     0.750  4.1900E-07
   4466.837     0.750  1.5300E-07
   5623.413     0.750  5.8100E-08
   7079.456     0.750  1.2400E-07
   8912.511     0.750  3.0100E-09
     11.220     0.850  3.9196E-01
     14.125     0.850  2.2240E-01
     17.783     0.850  1.2524E-01
     22.387     0.850  7.1156E-02
     28.184     0.850  4.0116E-02
     35.481     0.850  2.3084E-02
     44.668     0.850  1.3144E-02
     56.234     0.850  7.5860E-03
     70.795     0.850  4.3568E-03
     89.125     0.850  2.5944E-03
    112.202     0.850  1.5348E-03
    141.254     0.850  9.4384E-04
    177.828     0.850  5.7396E-04
    223.872     0.850  3.2864E-04
    281.838     0.850  2.0536E-04
    354.813     0.850  1.1636E-04
    446.684     0.850  7.0140E-05
    562.341     0.850  4.2232E-05
    707.946     0.850  2.2608E-05
    891.251     0.850  1.3616E-05
   1122.018     0.850  7.2716E-06
   1412.538     0.850  4.7744E-06
   1778.279     0.850  2.0428E-06
   2238.721     0.850  1.5980E-06
   2818.383     0.850  8.0644E-07
   3548.134     0.850  3.7308E-07
   4466.837     0.850  1.3348E-07
   5623.413     0.850  5.2884E-08
   7079.456     0.850  9.3463E-08
   8912.511     0.850  4.5484E-09
     11.220     0.950  3.4904E-01
     14.125     0.950  1.9820E-01
     17.783     0.950  1.1156E-01
     22.387     0.950  6.3584E-02
     28.184     0.950  3.6044E-02
     35.481     0.950  2.0756E-02
     44.668     0.950  1.1896E-02
     56.234     0.950  6.9200E-03
     70.795     0.950  4.0292E-03
     89.125     0.950  2.4336E-03
    112.202     0.950  1.4192E-03
    141.254     0.950  8.8616E-04
    177.828     0.950  5.2704E-04
    223.872     0.950  3.0716E-04
    281.838     0.950  1.9004E-04
    354.813     0.950  1.0764E-04
    446.684     0.950  6.4180E-05
    562.341     0.950  3.9328E-05
    707.946     0.950  2.1052E-05
    891.251     0.950  1.3304E-05
   1122.018     0.950  6.6724E-06
   1412.538     0.950  4.1296E-06
   1778.279     0.950  2.1192E-06
   2238.721     0.950  1.5540E-06
   2818.383     0.950  7.6076E-07
   3548.134     0.950  3.3772E-07
   4466.837     0.950  1.3892E-07
   5623.413     0.950  9.4036E-08
   7079.456     0.950  4.2047E-08
   8912.511     0.950  2.5364E-08
