     11.220    -0.950  2.7404E-01
     14.125    -0.950  1.5444E-01
     17.783    -0.950  8.7456E-02
     22.387    -0.950  4.9000E-02
     28.184    -0.950  2.7632E-02
     35.481    -0.950  1.5616E-02
     44.668    -0.950  8.8256E-03
     56.234    -0.950  5.0736E-03
     70.795    -0.950  2.8808E-03
     89.125    -0.950  1.6620E-03
    112.202    -0.950  9.5616E-04
    141.254    -0.950  5.7400E-04
    177.828    -0.950  3.2372E-04
    223.872    -0.950  1.9260E-04
    281.838    -0.950  1.1336E-04
    354.813    -0.950  6.1508E-05
    446.684    -0.950  3.5112E-05
    562.341    -0.950  1.8488E-05
    707.946    -0.950  9.3560E-06
    891.251    -0.950  5.7792E-06
   1122.018    -0.950  3.1840E-06
   1412.538    -0.950  1.8848E-06
   1778.279    -0.950  9.3072E-07
   2238.721    -0.950  4.0172E-07
   2818.383    -0.950  1.9016E-07
   3548.134    -0.950  8.3216E-08
   4466.837    -0.950  8.0568E-08
   5623.413    -0.950  3.6088E-08
   7079.456    -0.950  1.6260E-08
   8912.511    -0.950  1.6198E-08
     11.220    -0.850  3.0796E-01
     14.125    -0.850  1.7356E-01
     17.783    -0.850  9.8344E-02
     22.387    -0.850  5.4960E-02
     28.184    -0.850  3.1048E-02
     35.481    -0.850  1.7344E-02
     44.668    -0.850  9.8744E-03
     56.234    -0.850  5.5604E-03
     70.795    -0.850  3.1612E-03
     89.125    -0.850  1.8120E-03
    112.202    -0.850  1.0318E-03
    141.254    -0.850  6.2220E-04
    177.828    -0.850  3.5308E-04
    223.872    -0.850  2.0580E-04
    281.838    -0.850  1.2144E-04
    354.813    -0.850  6.6252E-05
    446.684    -0.850  3.9908E-05
    562.341    -0.850  2.0372E-05
    707.946    -0.850  1.0044E-05
    891.251    -0.850  6.3848E-06
   1122.018    -0.850  3.6700E-06
   1412.538    -0.850  1.6232E-06
   1778.279    -0.850  1.0883E-06
   2238.721    -0.850  4.5228E-07
   2818.383    -0.850  1.5504E-07
   3548.134    -0.850  8.5684E-08
   4466.837    -0.850  1.1773E-07
   5623.413    -0.850  6.3132E-08
   7079.456    -0.850  2.7514E-08
   8912.511    -0.850  3.7902E-08
     11.220    -0.750  3.5500E-01
     14.125    -0.750  2.0100E-01
     17.783    -0.750  1.1400E-01
     22.387    -0.750  6.3800E-02
     28.184    -0.750  3.6000E-02
     35.481    -0.750  2.0000E-02
     44.668    -0.750  1.1400E-02
     56.234    -0.750  6.3400E-03
     70.795    -0.750  3.6000E-03
     89.125    -0.750  2.0500E-03
    112.202    -0.750  1.1600E-03
    141.254    -0.750  6.9200E-04
    177.828    -0.750  3.9300E-04
    223.872    -0.750  2.2700E-04
    281.838    -0.750  1.3400E-04
    354.813    -0.750  7.3300E-05
    446.684    -0.750  4.5200E-05
    562.341    -0.750  2.3200E-05
    707.946    -0.750  1.1500E-05
    891.251    -0.750  7.3200E-06
   1122.018    -0.750  4.1000E-06
   1412.538    -0.750  1.7200E-06
   1778.279    -0.750  1.2700E-06
   2238.721    -0.750  5.5500E-07
   2818.383    -0.750  2.2200E-07
   3548.134    -0.750  1.1300E-07
   4466.837    -0.750  1.4400E-07
   5623.413    -0.750  9.1600E-08
   7079.456    -0.750  3.1400E-08
   8912.511    -0.750  5.0100E-08
     11.220    -0.650  3.9884E-01
     14.125    -0.650  2.2656E-01
     17.783    -0.650  1.2756E-01
     22.387    -0.650  7.1344E-02
     28.184    -0.650  3.9824E-02
     35.481    -0.650  2.2060E-02
     44.668    -0.650  1.2488E-02
     56.234    -0.650  6.9000E-03
     70.795    -0.650  3.9176E-03
     89.125    -0.650  2.2140E-03
    112.202    -0.650  1.2648E-03
    141.254    -0.650  7.3000E-04
    177.828    -0.650  4.1360E-04
    223.872    -0.650  2.4480E-04
    281.838    -0.650  1.4672E-04
    354.813    -0.650  7.8344E-05
    446.684    -0.650  4.8720E-05
    562.341    -0.650  2.5976E-05
    707.946    -0.650  1.3892E-05
    891.251    -0.650  8.3016E-06
   1122.018    -0.650  3.9232E-06
   1412.538    -0.650  2.5484E-06
   1778.279    -0.650  1.4148E-06
   2238.721    -0.650  7.5080E-07
   2818.383    -0.650  5.2448E-07
   3548.134    -0.650  2.0516E-07
   4466.837    -0.650  1.3560E-07
   5623.413    -0.650  1.4216E-07
   7079.456    -0.650  1.6003E-08
   8912.511    -0.650  4.4124E-08
     11.220    -0.550  4.7756E-01
     14.125    -0.550  2.7404E-01
     17.783    -0.550  1.5504E-01
     22.387    -0.550  8.7336E-02
     28.184    -0.550  4.8736E-02
     35.481    -0.550  2.7080E-02
     44.668    -0.550  1.5272E-02
     56.234    -0.550  8.4360E-03
     70.795    -0.550  4.7664E-03
     89.125    -0.550  2.6820E-03
    112.202    -0.550  1.5232E-03
    141.254    -0.550  8.6080E-04
    177.828    -0.550  4.8460E-04
    223.872    -0.550  2.8580E-04
    281.838    -0.550  1.6968E-04
    354.813    -0.550  9.1436E-05
    446.684    -0.550  5.5760E-05
    562.341    -0.550  3.1024E-05
    707.946    -0.550  1.6828E-05
    891.251    -0.550  9.9904E-06
   1122.018    -0.550  4.4248E-06
   1412.538    -0.550  3.2376E-06
   1778.279    -0.550  1.6652E-06
   2238.721    -0.550  9.4420E-07
   2818.383    -0.550  7.5112E-07
   3548.134    -0.550  2.6884E-07
   4466.837    -0.550  1.4800E-07
   5623.413    -0.550  1.6658E-07
   7079.456    -0.550  9.1248E-09
   8912.511    -0.550  4.0196E-08
     11.220    -0.450  5.7437E-01
     14.125    -0.450  3.3006E-01
     17.783    -0.450  1.8677E-01
     22.387    -0.450  1.0543E-01
     28.184    -0.450  5.8240E-02
     35.481    -0.450  3.2249E-02
     44.668    -0.450  1.8029E-02
     56.234    -0.450  9.9023E-03
     70.795    -0.450  5.5674E-03
     89.125    -0.450  3.1551E-03
    112.202    -0.450  1.7246E-03
    141.254    -0.450  1.0050E-03
    177.828    -0.450  5.5531E-04
    223.872    -0.450  3.2480E-04
    281.838    -0.450  1.8371E-04
    354.813    -0.450  1.0809E-04
    446.684    -0.450  6.2069E-05
    562.341    -0.450  3.8211E-05
    707.946    -0.450  1.8454E-05
    891.251    -0.450  1.2563E-05
   1122.018    -0.450  5.9520E-06
   1412.538    -0.450  3.1683E-06
   1778.279    -0.450  1.7277E-06
   2238.721    -0.450  1.0820E-06
   2818.383    -0.450  8.4743E-07
   3548.134    -0.450  2.1026E-07
   4466.837    -0.450  2.3680E-07
   5623.413    -0.450  1.4152E-07
   7079.456    -0.450  2.4192E-08
   8912.511    -0.450  4.4620E-08
     11.220    -0.350  7.1446E-01
     14.125    -0.350  4.1469E-01
     17.783    -0.350  2.3726E-01
     22.387    -0.350  1.3514E-01
     28.184    -0.350  7.5080E-02
     35.481    -0.350  4.1783E-02
     44.668    -0.350  2.3343E-02
     56.234    -0.350  1.2867E-02
     70.795    -0.350  7.1891E-03
     89.125    -0.350  4.0817E-03
    112.202    -0.350  2.1849E-03
    141.254    -0.350  1.2817E-03
    177.828    -0.350  7.0177E-04
    223.872    -0.350  3.9960E-04
    281.838    -0.350  2.1757E-04
    354.813    -0.350  1.3503E-04
    446.684    -0.350  7.4023E-05
    562.341    -0.350  4.7737E-05
    707.946    -0.350  2.1551E-05
    891.251    -0.350  1.5754E-05
   1122.018    -0.350  7.9840E-06
   1412.538    -0.350  3.2694E-06
   1778.279    -0.350  2.0426E-06
   2238.721    -0.350  1.2440E-06
   2818.383    -0.350  8.9514E-07
   3548.134    -0.350  1.7009E-07
   4466.837    -0.350  3.1860E-07
   5623.413    -0.350  1.0201E-07
   7079.456    -0.350  4.1064E-08
   8912.511    -0.350  4.7940E-08
     11.220    -0.250  9.2300E-01
     14.125    -0.250  5.4800E-01
     17.783    -0.250  3.2100E-01
     22.387    -0.250  1.8600E-01
     28.184    -0.250  1.0600E-01
     35.481    -0.250  5.9900E-02
     44.668    -0.250  3.3800E-02
     56.234    -0.250  1.8900E-02
     70.795    -0.250  1.0500E-02
     89.125    -0.250  5.9100E-03
    112.202    -0.250  3.2200E-03
    141.254    -0.250  1.8100E-03
    177.828    -0.250  1.0000E-03
    223.872    -0.250  5.4800E-04
    281.838    -0.250  3.0000E-04
    354.813    -0.250  1.7900E-04
    446.684    -0.250  9.8000E-05
    562.341    -0.250  5.9800E-05
    707.946    -0.250  2.8900E-05
    891.251    -0.250  1.9300E-05
   1122.018    -0.250  1.0000E-05
   1412.538    -0.250  4.4700E-06
   1778.279    -0.250  3.0500E-06
   2238.721    -0.250  1.5100E-06
   2818.383    -0.250  9.7600E-07
   3548.134    -0.250  2.8900E-07
   4466.837    -0.250  3.1000E-07
   5623.413    -0.250  8.3100E-08
   7079.456    -0.250  3.9600E-08
   8912.511    -0.250  4.0700E-08
     11.220    -0.150  1.2000E+00
     14.125    -0.150  7.3000E-01
     17.783    -0.150  4.3800E-01
     22.387    -0.150  2.5800E-01
     28.184    -0.150  1.5100E-01
     35.481    -0.150  8.6600E-02
     44.668    -0.150  4.9400E-02
     56.234    -0.150  2.8000E-02
     70.795    -0.150  1.5500E-02
     89.125    -0.150  8.6400E-03
    112.202    -0.150  4.8300E-03
    141.254    -0.150  2.5900E-03
    177.828    -0.150  1.4500E-03
    223.872    -0.150  7.7000E-04
    281.838    -0.150  4.3100E-04
    354.813    -0.150  2.4000E-04
    446.684    -0.150  1.3400E-04
    562.341    -0.150  7.4400E-05
    707.946    -0.150  4.0500E-05
    891.251    -0.150  2.3200E-05
   1122.018    -0.150  1.2000E-05
   1412.538    -0.150  6.7700E-06
   1778.279    -0.150  4.7500E-06
   2238.721    -0.150  1.8800E-06
   2818.383    -0.150  1.0900E-06
   3548.134    -0.150  5.6700E-07
   4466.837    -0.150  2.1100E-07
   5623.413    -0.150  8.4800E-08
   7079.456    -0.150  1.9800E-08
   8912.511    -0.150  2.2900E-08
     11.220    -0.050  1.6000E+00
     14.125    -0.050  1.0200E+00
     17.783    -0.050  6.3600E-01
     22.387    -0.050  3.9200E-01
     28.184    -0.050  2.3800E-01
     35.481    -0.050  1.4300E-01
     44.668    -0.050  8.4000E-02
     56.234    -0.050  4.8800E-02
     70.795    -0.050  2.8300E-02
     89.125    -0.050  1.6000E-02
    112.202    -0.050  9.0700E-03
    141.254    -0.050  4.9700E-03
    177.828    -0.050  2.7600E-03
    223.872    -0.050  1.5300E-03
    281.838    -0.050  8.2100E-04
    354.813    -0.050  4.4100E-04
    446.684    -0.050  2.4800E-04
    562.341    -0.050  1.2700E-04
    707.946    -0.050  7.2200E-05
    891.251    -0.050  3.6400E-05
   1122.018    -0.050  2.2400E-05
   1412.538    -0.050  1.0400E-05
   1778.279    -0.050  5.4500E-06
   2238.721    -0.050  3.2800E-06
   2818.383    -0.050  2.0300E-06
   3548.134    -0.050  9.3600E-07
   4466.837    -0.050  4.5400E-07
   5623.413    -0.050  2.5300E-07
   7079.456    -0.050  6.0900E-08
   8912.511    -0.050  3.3600E-08
     11.220     0.050  1.6000E+00
     14.125     0.050  1.0200E+00
     17.783     0.050  6.3600E-01
     22.387     0.050  3.9200E-01
     28.184     0.050  2.3800E-01
     35.481     0.050  1.4300E-01
     44.668     0.050  8.4000E-02
     56.234     0.050  4.8800E-02
     70.795     0.050  2.8300E-02
     89.125     0.050  1.6000E-02
    112.202     0.050  9.0700E-03
    141.254     0.050  4.9700E-03
    177.828     0.050  2.7600E-03
    223.872     0.050  1.5300E-03
    281.838     0.050  8.2100E-04
    354.813     0.050  4.4100E-04
    446.684     0.050  2.4800E-04
    562.341     0.050  1.2700E-04
    707.946     0.050  7.2200E-05
    891.251     0.050  3.6400E-05
   1122.018     0.050  2.2400E-05
   1412.538     0.050  1.0400E-05
   1778.279     0.050  5.4500E-06
   2238.721     0.050  3.2800E-06
   2818.383     0.050  2.0300E-06
   3548.134     0.050  9.3600E-07
   4466.837     0.050  4.5400E-07
   5623.413     0.050  2.5300E-07
   7079.456     0.050  6.0900E-08
   8912.511     0.050  3.3600E-08
     11.220     0.150  1.2000E+00
     14.125     0.150  7.3000E-01
     17.783     0.150  4.3800E-01
     22.387     0.150  2.5800E-01
     28.184     0.150  1.5100E-01
     35.481     0.150  8.6600E-02
     44.668     0.150  4.9400E-02
     56.234     0.150  2.8000E-02
     70.795     0.150  1.5500E-02
     89.125     0.150  8.6400E-03
    112.202     0.150  4.8300E-03
    141.254     0.150  2.5900E-03
    177.828     0.150  1.4500E-03
    223.872     0.150  7.7000E-04
    281.838     0.150  4.3100E-04
    354.813     0.150  2.4000E-04
    446.684     0.150  1.3400E-04
    562.341     0.150  7.4400E-05
    707.946     0.150  4.0500E-05
    891.251     0.150  2.3200E-05
   1122.018     0.150  1.2000E-05
   1412.538     0.150  6.7700E-06
   1778.279     0.150  4.7500E-06
   2238.721     0.150  1.8800E-06
   2818.383     0.150  1.0900E-06
   3548.134     0.150  5.6700E-07
   4466.837     0.150  2.1100E-07
   5623.413     0.150  8.4800E-08
   7079.456     0.150  1.9800E-08
   8912.511     0.150  2.2900E-08
     11.220     0.250  9.2400E-01
     14.125     0.250  5.4800E-01
     17.783     0.250  3.2100E-01
     22.387     0.250  1.8600E-01
     28.184     0.250  1.0600E-01
     35.481     0.250  5.9900E-02
     44.668     0.250  3.3800E-02
     56.234     0.250  1.8900E-02
     70.795     0.250  1.0500E-02
     89.125     0.250  5.9100E-03
    112.202     0.250  3.2200E-03
    141.254     0.250  1.8100E-03
    177.828     0.250  1.0000E-03
    223.872     0.250  5.4800E-04
    281.838     0.250  3.0000E-04
    354.813     0.250  1.7900E-04
    446.684     0.250  9.8000E-05
    562.341     0.250  5.9800E-05
    707.946     0.250  2.8900E-05
    891.251     0.250  1.9300E-05
   1122.018     0.250  1.0000E-05
   1412.538     0.250  4.4700E-06
   1778.279     0.250  3.0500E-06
   2238.721     0.250  1.5100E-06
   2818.383     0.250  9.7600E-07
   3548.134     0.250  2.8900E-07
   4466.837     0.250  3.1000E-07
   5623.413     0.250  8.3100E-08
   7079.456     0.250  3.9600E-08
   8912.511     0.250  4.0700E-08
     11.220     0.350  7.1589E-01
     14.125     0.350  4.1469E-01
     17.783     0.350  2.3726E-01
     22.387     0.350  1.3514E-01
     28.184     0.350  7.5080E-02
     35.481     0.350  4.1783E-02
     44.668     0.350  2.3343E-02
     56.234     0.350  1.2867E-02
     70.795     0.350  7.1891E-03
     89.125     0.350  4.0817E-03
    112.202     0.350  2.1849E-03
    141.254     0.350  1.2817E-03
    177.828     0.350  7.0177E-04
    223.872     0.350  3.9960E-04
    281.838     0.350  2.1757E-04
    354.813     0.350  1.3503E-04
    446.684     0.350  7.4023E-05
    562.341     0.350  4.7737E-05
    707.946     0.350  2.1551E-05
    891.251     0.350  1.5754E-05
   1122.018     0.350  7.9840E-06
   1412.538     0.350  3.2694E-06
   1778.279     0.350  2.0426E-06
   2238.721     0.350  1.2440E-06
   2818.383     0.350  8.9514E-07
   3548.134     0.350  1.7009E-07
   4466.837     0.350  3.1860E-07
   5623.413     0.350  1.0201E-07
   7079.456     0.350  4.1064E-08
   8912.511     0.350  4.7940E-08
     11.220     0.450  5.9224E-01
     14.125     0.450  3.4344E-01
     17.783     0.450  1.9644E-01
     22.387     0.450  1.1178E-01
     28.184     0.450  6.2736E-02
     35.481     0.450  3.5060E-02
     44.668     0.450  1.9752E-02
     56.234     0.450  1.0948E-02
     70.795     0.450  6.1464E-03
     89.125     0.450  3.4540E-03
    112.202     0.450  1.9352E-03
    141.254     0.450  1.0844E-03
    177.828     0.450  6.0600E-04
    223.872     0.450  3.5000E-04
    281.838     0.450  2.0288E-04
    354.813     0.450  1.1258E-04
    446.684     0.450  6.6320E-05
    562.341     0.450  3.8344E-05
    707.946     0.450  2.0308E-05
    891.251     0.450  1.2386E-05
   1122.018     0.450  5.6048E-06
   1412.538     0.450  3.7876E-06
   1778.279     0.450  2.0212E-06
   2238.721     0.450  1.1352E-06
   2818.383     0.450  9.0192E-07
   3548.134     0.450  3.0404E-07
   4466.837     0.450  1.8120E-07
   5623.413     0.450  1.6488E-07
   7079.456     0.450  1.0765E-08
   8912.511     0.450  3.8316E-08
     11.220     0.550  4.7844E-01
     14.125     0.550  2.7404E-01
     17.783     0.550  1.5504E-01
     22.387     0.550  8.7336E-02
     28.184     0.550  4.8736E-02
     35.481     0.550  2.7080E-02
     44.668     0.550  1.5272E-02
     56.234     0.550  8.4360E-03
     70.795     0.550  4.7664E-03
     89.125     0.550  2.6820E-03
    112.202     0.550  1.5232E-03
    141.254     0.550  8.6080E-04
    177.828     0.550  4.8460E-04
    223.872     0.550  2.8580E-04
    281.838     0.550  1.6968E-04
    354.813     0.550  9.1436E-05
    446.684     0.550  5.5760E-05
    562.341     0.550  3.1024E-05
    707.946     0.550  1.6828E-05
    891.251     0.550  9.9904E-06
   1122.018     0.550  4.4248E-06
   1412.538     0.550  3.2376E-06
   1778.279     0.550  1.6652E-06
   2238.721     0.550  9.4420E-07
   2818.383     0.550  7.5112E-07
   3548.134     0.550  2.6884E-07
   4466.837     0.550  1.4800E-07
   5623.413     0.550  1.6658E-07
   7079.456     0.550  9.1248E-09
   8912.511     0.550  4.0196E-08
     11.220     0.650  3.9936E-01
     14.125     0.650  2.2656E-01
     17.783     0.650  1.2756E-01
     22.387     0.650  7.1344E-02
     28.184     0.650  3.9824E-02
     35.481     0.650  2.2060E-02
     44.668     0.650  1.2488E-02
     56.234     0.650  6.9000E-03
     70.795     0.650  3.9176E-03
     89.125     0.650  2.2140E-03
    112.202     0.650  1.2648E-03
    141.254     0.650  7.3000E-04
    177.828     0.650  4.1360E-04
    223.872     0.650  2.4480E-04
    281.838     0.650  1.4672E-04
    354.813     0.650  7.8344E-05
    446.684     0.650  4.8720E-05
    562.341     0.650  2.5976E-05
    707.946     0.650  1.3892E-05
    891.251     0.650  8.3016E-06
   1122.018     0.650  3.9232E-06
   1412.538     0.650  2.5484E-06
   1778.279     0.650  1.4148E-06
   2238.721     0.650  7.5080E-07
   2818.383     0.650  5.2448E-07
   3548.134     0.650  2.0516E-07
   4466.837     0.650  1.3560E-07
   5623.413     0.650  1.4216E-07
   7079.456     0.650  1.6003E-08
   8912.511     0.650  4.4124E-08
     11.220     0.750  3.5500E-01
     14.125     0.750  2.0100E-01
     17.783     0.750  1.1400E-01
     22.387     0.750  6.3800E-02
     28.184     0.750  3.6000E-02
     35.481     0.750  2.0000E-02
     44.668     0.750  1.1400E-02
     56.234     0.750  6.3400E-03
     70.795     0.750  3.6000E-03
     89.125     0.750  2.0500E-03
    112.202     0.750  1.1600E-03
    141.254     0.750  6.9200E-04
    177.828     0.750  3.9300E-04
    223.872     0.750  2.2700E-04
    281.838     0.750  1.3400E-04
    354.813     0.750  7.3300E-05
    446.684     0.750  4.5200E-05
    562.341     0.750  2.3200E-05
    707.946     0.750  1.1500E-05
    891.251     0.750  7.3200E-06
   1122.018     0.750  4.1000E-06
   1412.538     0.750  1.7200E-06
   1778.279     0.750  1.2700E-06
   2238.721     0.750  5.5500E-07
   2818.383     0.750  2.2200E-07
   3548.134     0.750  1.1300E-07
   4466.837     0.750  1.4400E-07
   5623.413     0.750  9.1600E-08
   7079.456     0.750  3.1400E-08
   8912.511     0.750  5.0100E-08
     11.220     0.850  3.0784E-01
     14.125     0.850  1.7356E-01
     17.783     0.850  9.8344E-02
     22.387     0.850  5.4960E-02
     28.184     0.850  3.1048E-02
     35.481     0.850  1.7344E-02
     44.668     0.850  9.8744E-03
     56.234     0.850  5.5604E-03
     70.795     0.850  3.1612E-03
     89.125     0.850  1.8120E-03
    112.202     0.850  1.0318E-03
    141.254     0.850  6.2220E-04
    177.828     0.850  3.5308E-04
    223.872     0.850  2.0580E-04
    281.838     0.850  1.2144E-04
    354.813     0.850  6.6252E-05
    446.684     0.850  3.9908E-05
    562.341     0.850  2.0372E-05
    707.946     0.850  1.0044E-05
    891.251     0.850  6.3848E-06
   1122.018     0.850  3.6700E-06
   1412.538     0.850  1.6232E-06
   1778.279     0.850  1.0883E-06
   2238.721     0.850  4.5228E-07
   2818.383     0.850  1.5504E-07
   3548.134     0.850  8.5684E-08
   4466.837     0.850  1.1773E-07
   5623.413     0.850  6.3132E-08
   7079.456     0.850  2.7514E-08
   8912.511     0.850  3.7902E-08
     11.220     0.950  2.7396E-01
     14.125     0.950  1.5444E-01
     17.783     0.950  8.7456E-02
     22.387     0.950  4.9000E-02
     28.184     0.950  2.7632E-02
     35.481     0.950  1.5616E-02
     44.668     0.950  8.8256E-03
     56.234     0.950  5.0736E-03
     70.795     0.950  2.8808E-03
     89.125     0.950  1.6620E-03
    112.202     0.950  9.5616E-04
    141.254     0.950  5.7400E-04
    177.828     0.950  3.2372E-04
    223.872     0.950  1.9260E-04
    281.838     0.950  1.1336E-04
    354.813     0.950  6.1508E-05
    446.684     0.950  3.5112E-05
    562.341     0.950  1.8488E-05
    707.946     0.950  9.3560E-06
    891.251     0.950  5.7792E-06
   1122.018     0.950  3.1840E-06
   1412.538     0.950  1.8848E-06
   1778.279     0.950  9.3072E-07
   2238.721     0.950  4.0172E-07
   2818.383     0.950  1.9016E-07
   3548.134     0.950  8.3216E-08
   4466.837     0.950  8.0568E-08
   5623.413     0.950  3.6088E-08
   7079.456     0.950  1.6260E-08
   8912.511     0.950  1.6198E-08
