     11.220    -0.950  2.2868E+00
     14.125    -0.950  1.4792E+00
     17.783    -0.950  9.5856E-01
     22.387    -0.950  6.1896E-01
     28.184    -0.950  3.9844E-01
     35.481    -0.950  2.5472E-01
     44.668    -0.950  1.6236E-01
     56.234    -0.950  1.0360E-01
     70.795    -0.950  6.6024E-02
     89.125    -0.950  4.1720E-02
    112.202    -0.950  2.6656E-02
    141.254    -0.950  1.6996E-02
    177.828    -0.950  1.0764E-02
    223.872    -0.950  6.8236E-03
    281.838    -0.950  4.2832E-03
    354.813    -0.950  2.6672E-03
    446.684    -0.950  1.6888E-03
    562.341    -0.950  1.0229E-03
    707.946    -0.950  6.2600E-04
    891.251    -0.950  3.7688E-04
   1122.018    -0.950  2.3372E-04
   1412.538    -0.950  1.3460E-04
   1778.279    -0.950  7.8556E-05
   2238.721    -0.950  4.2252E-05
   2818.383    -0.950  2.5888E-05
   3548.134    -0.950  1.3996E-05
   4466.837    -0.950  7.6288E-06
   5623.413    -0.950  4.0292E-06
   7079.456    -0.950  2.2368E-06
   8912.511    -0.950  1.5068E-06
     11.220    -0.850  2.3512E+00
     14.125    -0.850  1.5248E+00
     17.783    -0.850  9.8544E-01
     22.387    -0.850  6.3824E-01
     28.184    -0.850  4.1136E-01
     35.481    -0.850  2.6348E-01
     44.668    -0.850  1.6804E-01
     56.234    -0.850  1.0740E-01
     70.795    -0.850  6.8456E-02
     89.125    -0.850  4.3260E-02
    112.202    -0.850  2.7724E-02
    141.254    -0.850  1.7544E-02
    177.828    -0.850  1.1176E-02
    223.872    -0.850  7.1104E-03
    281.838    -0.850  4.4948E-03
    354.813    -0.850  2.8148E-03
    446.684    -0.850  1.7632E-03
    562.341    -0.850  1.0871E-03
    707.946    -0.850  6.7300E-04
    891.251    -0.850  4.0212E-04
   1122.018    -0.850  2.5668E-04
   1412.538    -0.850  1.4840E-04
   1778.279    -0.850  8.5104E-05
   2238.721    -0.850  4.7088E-05
   2818.383    -0.850  2.9252E-05
   3548.134    -0.850  1.5584E-05
   4466.837    -0.850  8.7132E-06
   5623.413    -0.850  4.1688E-06
   7079.456    -0.850  2.2172E-06
   8912.511    -0.850  1.5392E-06
     11.220    -0.750  2.4300E+00
     14.125    -0.750  1.5800E+00
     17.783    -0.750  1.0200E+00
     22.387    -0.750  6.6200E-01
     28.184    -0.750  4.2700E-01
     35.481    -0.750  2.7400E-01
     44.668    -0.750  1.7500E-01
     56.234    -0.750  1.1200E-01
     70.795    -0.750  7.1400E-02
     89.125    -0.750  4.5200E-02
    112.202    -0.750  2.9000E-02
    141.254    -0.750  1.8300E-02
    177.828    -0.750  1.1700E-02
    223.872    -0.750  7.4500E-03
    281.838    -0.750  4.7400E-03
    354.813    -0.750  2.9800E-03
    446.684    -0.750  1.8600E-03
    562.341    -0.750  1.1600E-03
    707.946    -0.750  7.2400E-04
    891.251    -0.750  4.3200E-04
   1122.018    -0.750  2.7900E-04
   1412.538    -0.750  1.6300E-04
   1778.279    -0.750  9.3300E-05
   2238.721    -0.750  5.2900E-05
   2818.383    -0.750  3.2600E-05
   3548.134    -0.750  1.7700E-05
   4466.837    -0.750  9.8600E-06
   5623.413    -0.750  4.7100E-06
   7079.456    -0.750  2.5000E-06
   8912.511    -0.750  1.6500E-06
     11.220    -0.650  2.5076E+00
     14.125    -0.650  1.6364E+00
     17.783    -0.650  1.0572E+00
     22.387    -0.650  6.8664E-01
     28.184    -0.650  4.4272E-01
     35.481    -0.650  2.8448E-01
     44.668    -0.650  1.8228E-01
     56.234    -0.650  1.1668E-01
     70.795    -0.650  7.4316E-02
     89.125    -0.650  4.7288E-02
    112.202    -0.650  3.0244E-02
    141.254    -0.650  1.9192E-02
    177.828    -0.650  1.2288E-02
    223.872    -0.650  7.7752E-03
    281.838    -0.650  4.9936E-03
    354.813    -0.650  3.1316E-03
    446.684    -0.650  1.9744E-03
    562.341    -0.650  1.2288E-03
    707.946    -0.650  7.7048E-04
    891.251    -0.650  4.6328E-04
   1122.018    -0.650  2.9516E-04
   1412.538    -0.650  1.7672E-04
   1778.279    -0.650  1.0254E-04
   2238.721    -0.650  5.8920E-05
   2818.383    -0.650  3.4012E-05
   3548.134    -0.650  2.0524E-05
   4466.837    -0.650  1.0401E-05
   5623.413    -0.650  5.7536E-06
   7079.456    -0.650  3.3288E-06
   8912.511    -0.650  1.8032E-06
     11.220    -0.550  2.6204E+00
     14.125    -0.550  1.7136E+00
     17.783    -0.550  1.1088E+00
     22.387    -0.550  7.2056E-01
     28.184    -0.550  4.6468E-01
     35.481    -0.550  2.9912E-01
     44.668    -0.550  1.9212E-01
     56.234    -0.550  1.2312E-01
     70.795    -0.550  7.8464E-02
     89.125    -0.550  5.0112E-02
    112.202    -0.550  3.2016E-02
    141.254    -0.550  2.0388E-02
    177.828    -0.550  1.3052E-02
    223.872    -0.550  8.2428E-03
    281.838    -0.550  5.3144E-03
    354.813    -0.550  3.3424E-03
    446.684    -0.550  2.1176E-03
    562.341    -0.550  1.3232E-03
    707.946    -0.550  8.3232E-04
    891.251    -0.550  5.0352E-04
   1122.018    -0.550  3.1804E-04
   1412.538    -0.550  1.9348E-04
   1778.279    -0.550  1.1424E-04
   2238.721    -0.550  6.6940E-05
   2818.383    -0.550  3.7968E-05
   3548.134    -0.550  2.3636E-05
   4466.837    -0.550  1.1895E-05
   5623.413    -0.550  7.0644E-06
   7079.456    -0.550  4.1352E-06
   8912.511    -0.550  2.0828E-06
     11.220    -0.450  2.7523E+00
     14.125    -0.450  1.7974E+00
     17.783    -0.450  1.1660E+00
     22.387    -0.450  7.5777E-01
     28.184    -0.450  4.8857E-01
     35.481    -0.450  3.1571E-01
     44.668    -0.450  2.0283E-01
     56.234    -0.450  1.3060E-01
     70.795    -0.450  8.3666E-02
     89.125    -0.450  5.3349E-02
    112.202    -0.450  3.4283E-02
    141.254    -0.450  2.1863E-02
    177.828    -0.450  1.3897E-02
    223.872    -0.450  8.8063E-03
    281.838    -0.450  5.6651E-03
    354.813    -0.450  3.6317E-03
    446.684    -0.450  2.2863E-03
    562.341    -0.450  1.4537E-03
    707.946    -0.450  9.1331E-04
    891.251    -0.450  5.4417E-04
   1122.018    -0.450  3.4157E-04
   1412.538    -0.450  2.0897E-04
   1778.279    -0.450  1.2623E-04
   2238.721    -0.450  7.7251E-05
   2818.383    -0.450  4.6677E-05
   3548.134    -0.450  2.5654E-05
   4466.837    -0.450  1.5260E-05
   5623.413    -0.450  8.5223E-06
   7079.456    -0.450  4.6211E-06
   8912.511    -0.450  2.6160E-06
     11.220    -0.350  2.9274E+00
     14.125    -0.350  1.9091E+00
     17.783    -0.350  1.2420E+00
     22.387    -0.350  8.0726E-01
     28.184    -0.350  5.2086E-01
     35.481    -0.350  3.3757E-01
     44.668    -0.350  2.1694E-01
     56.234    -0.350  1.4020E-01
     70.795    -0.350  9.0189E-02
     89.125    -0.350  5.7483E-02
    112.202    -0.350  3.7094E-02
    141.254    -0.350  2.3654E-02
    177.828    -0.350  1.4966E-02
    223.872    -0.350  9.5354E-03
    281.838    -0.350  6.1017E-03
    354.813    -0.350  3.9706E-03
    446.684    -0.350  2.4854E-03
    562.341    -0.350  1.6046E-03
    707.946    -0.350  1.0078E-03
    891.251    -0.350  5.9806E-04
   1122.018    -0.350  3.7486E-04
   1412.538    -0.350  2.2966E-04
   1778.279    -0.350  1.4174E-04
   2238.721    -0.350  8.9417E-05
   2818.383    -0.350  5.6826E-05
   3548.134    -0.350  2.8651E-05
   4466.837    -0.350  1.9120E-05
   5623.413    -0.350  1.0307E-05
   7079.456    -0.350  5.2337E-06
   8912.511    -0.350  3.2120E-06
     11.220    -0.250  3.1700E+00
     14.125    -0.250  2.0700E+00
     17.783    -0.250  1.3500E+00
     22.387    -0.250  8.7800E-01
     28.184    -0.250  5.6800E-01
     35.481    -0.250  3.6800E-01
     44.668    -0.250  2.3700E-01
     56.234    -0.250  1.5300E-01
     70.795    -0.250  9.8300E-02
     89.125    -0.250  6.3000E-02
    112.202    -0.250  4.0500E-02
    141.254    -0.250  2.5800E-02
    177.828    -0.250  1.6400E-02
    223.872    -0.250  1.0500E-02
    281.838    -0.250  6.6800E-03
    354.813    -0.250  4.3300E-03
    446.684    -0.250  2.7200E-03
    562.341    -0.250  1.7600E-03
    707.946    -0.250  1.1100E-03
    891.251    -0.250  6.7800E-04
   1122.018    -0.250  4.2700E-04
   1412.538    -0.250  2.6200E-04
   1778.279    -0.250  1.6400E-04
   2238.721    -0.250  1.0300E-04
   2818.383    -0.250  6.5100E-05
   3548.134    -0.250  3.4700E-05
   4466.837    -0.250  2.2100E-05
   5623.413    -0.250  1.2600E-05
   7079.456    -0.250  6.4200E-06
   8912.511    -0.250  3.6800E-06
     11.220    -0.150  3.4800E+00
     14.125    -0.150  2.2800E+00
     17.783    -0.150  1.4900E+00
     22.387    -0.150  9.7000E-01
     28.184    -0.150  6.3000E-01
     35.481    -0.150  4.0700E-01
     44.668    -0.150  2.6300E-01
     56.234    -0.150  1.6900E-01
     70.795    -0.150  1.0800E-01
     89.125    -0.150  6.9900E-02
    112.202    -0.150  4.4500E-02
    141.254    -0.150  2.8300E-02
    177.828    -0.150  1.8200E-02
    223.872    -0.150  1.1700E-02
    281.838    -0.150  7.4000E-03
    354.813    -0.150  4.7100E-03
    446.684    -0.150  2.9900E-03
    562.341    -0.150  1.9200E-03
    707.946    -0.150  1.2200E-03
    891.251    -0.150  7.8400E-04
   1122.018    -0.150  4.9800E-04
   1412.538    -0.150  3.0600E-04
   1778.279    -0.150  1.9300E-04
   2238.721    -0.150  1.1800E-04
   2818.383    -0.150  7.1500E-05
   3548.134    -0.150  4.3800E-05
   4466.837    -0.150  2.4200E-05
   5623.413    -0.150  1.5400E-05
   7079.456    -0.150  8.1800E-06
   8912.511    -0.150  4.0200E-06
     11.220    -0.050  3.9000E+00
     14.125    -0.050  2.5900E+00
     17.783    -0.050  1.7100E+00
     22.387    -0.050  1.1200E+00
     28.184    -0.050  7.3300E-01
     35.481    -0.050  4.7600E-01
     44.668    -0.050  3.0900E-01
     56.234    -0.050  1.9800E-01
     70.795    -0.050  1.2800E-01
     89.125    -0.050  8.2100E-02
    112.202    -0.050  5.2600E-02
    141.254    -0.050  3.3500E-02
    177.828    -0.050  2.1400E-02
    223.872    -0.050  1.3600E-02
    281.838    -0.050  8.7500E-03
    354.813    -0.050  5.5400E-03
    446.684    -0.050  3.4800E-03
    562.341    -0.050  2.2300E-03
    707.946    -0.050  1.4300E-03
    891.251    -0.050  8.8800E-04
   1122.018    -0.050  5.5800E-04
   1412.538    -0.050  3.5700E-04
   1778.279    -0.050  2.2900E-04
   2238.721    -0.050  1.4500E-04
   2818.383    -0.050  8.8500E-05
   3548.134    -0.050  5.4600E-05
   4466.837    -0.050  3.2700E-05
   5623.413    -0.050  1.6900E-05
   7079.456    -0.050  1.1100E-05
   8912.511    -0.050  5.7100E-06
     11.220     0.050  3.9000E+00
     14.125     0.050  2.5900E+00
     17.783     0.050  1.7100E+00
     22.387     0.050  1.1200E+00
     28.184     0.050  7.3300E-01
     35.481     0.050  4.7600E-01
     44.668     0.050  3.0900E-01
     56.234     0.050  1.9800E-01
     70.795     0.050  1.2800E-01
     89.125     0.050  8.2100E-02
    112.202     0.050  5.2600E-02
    141.254     0.050  3.3500E-02
    177.828     0.050  2.1400E-02
    223.872     0.050  1.3600E-02
    281.838     0.050  8.7500E-03
    354.813     0.050  5.5400E-03
    446.684     0.050  3.4800E-03
    562.341     0.050  2.2300E-03
    707.946     0.050  1.4300E-03
    891.251     0.050  8.8800E-04
   1122.018     0.050  5.5800E-04
   1412.538     0.050  3.5700E-04
   1778.279     0.050  2.2900E-04
   2238.721     0.050  1.4500E-04
   2818.383     0.050  8.8500E-05
   3548.134     0.050  5.4600E-05
   4466.837     0.050  3.2700E-05
   5623.413     0.050  1.6900E-05
   7079.456     0.050  1.1100E-05
   8912.511     0.050  5.7100E-06
     11.220     0.150  3.4800E+00
     14.125     0.150  2.2800E+00
     17.783     0.150  1.4900E+00
     22.387     0.150  9.7000E-01
     28.184     0.150  6.3000E-01
     35.481     0.150  4.0700E-01
     44.668     0.150  2.6300E-01
     56.234     0.150  1.6900E-01
     70.795     0.150  1.0800E-01
     89.125     0.150  6.9900E-02
    112.202     0.150  4.4500E-02
    141.254     0.150  2.8300E-02
    177.828     0.150  1.8200E-02
    223.872     0.150  1.1700E-02
    281.838     0.150  7.4000E-03
    354.813     0.150  4.7100E-03
    446.684     0.150  2.9900E-03
    562.341     0.150  1.9200E-03
    707.946     0.150  1.2200E-03
    891.251     0.150  7.8400E-04
   1122.018     0.150  4.9800E-04
   1412.538     0.150  3.0600E-04
   1778.279     0.150  1.9300E-04
   2238.721     0.150  1.1800E-04
   2818.383     0.150  7.1500E-05
   3548.134     0.150  4.3800E-05
   4466.837     0.150  2.4200E-05
   5623.413     0.150  1.5400E-05
   7079.456     0.150  8.1800E-06
   8912.511     0.150  4.0200E-06
     11.220     0.250  3.1800E+00
     14.125     0.250  2.0800E+00
     17.783     0.250  1.3500E+00
     22.387     0.250  8.7900E-01
     28.184     0.250  5.6800E-01
     35.481     0.250  3.6800E-01
     44.668     0.250  2.3700E-01
     56.234     0.250  1.5300E-01
     70.795     0.250  9.8300E-02
     89.125     0.250  6.3000E-02
    112.202     0.250  4.0500E-02
    141.254     0.250  2.5800E-02
    177.828     0.250  1.6400E-02
    223.872     0.250  1.0500E-02
    281.838     0.250  6.6800E-03
    354.813     0.250  4.3300E-03
    446.684     0.250  2.7200E-03
    562.341     0.250  1.7600E-03
    707.946     0.250  1.1100E-03
    891.251     0.250  6.7800E-04
   1122.018     0.250  4.2700E-04
   1412.538     0.250  2.6200E-04
   1778.279     0.250  1.6400E-04
   2238.721     0.250  1.0300E-04
   2818.383     0.250  6.5100E-05
   3548.134     0.250  3.4700E-05
   4466.837     0.250  2.2100E-05
   5623.413     0.250  1.2600E-05
   7079.456     0.250  6.4200E-06
   8912.511     0.250  3.6800E-06
     11.220     0.350  2.9417E+00
     14.125     0.350  1.9211E+00
     17.783     0.350  1.2420E+00
     22.387     0.350  8.0846E-01
     28.184     0.350  5.2086E-01
     35.481     0.350  3.3757E-01
     44.668     0.350  2.1694E-01
     56.234     0.350  1.4020E-01
     70.795     0.350  9.0189E-02
     89.125     0.350  5.7483E-02
    112.202     0.350  3.7094E-02
    141.254     0.350  2.3654E-02
    177.828     0.350  1.4966E-02
    223.872     0.350  9.5354E-03
    281.838     0.350  6.1017E-03
    354.813     0.350  3.9706E-03
    446.684     0.350  2.4854E-03
    562.341     0.350  1.6046E-03
    707.946     0.350  1.0078E-03
    891.251     0.350  5.9806E-04
   1122.018     0.350  3.7486E-04
   1412.538     0.350  2.2966E-04
   1778.279     0.350  1.4174E-04
   2238.721     0.350  8.9417E-05
   2818.383     0.350  5.6826E-05
   3548.134     0.350  2.8651E-05
   4466.837     0.350  1.9120E-05
   5623.413     0.350  1.0307E-05
   7079.456     0.350  5.2337E-06
   8912.511     0.350  3.2120E-06
     11.220     0.450  2.7792E+00
     14.125     0.450  1.8128E+00
     17.783     0.450  1.1748E+00
     22.387     0.450  7.6388E-01
     28.184     0.450  4.9288E-01
     35.481     0.450  3.1792E-01
     44.668     0.450  2.0452E-01
     56.234     0.450  1.3132E-01
     70.795     0.450  8.3844E-02
     89.125     0.450  5.3672E-02
    112.202     0.450  3.4316E-02
    141.254     0.450  2.1888E-02
    177.828     0.450  1.3992E-02
    223.872     0.450  8.8528E-03
    281.838     0.450  5.7024E-03
    354.813     0.450  3.6124E-03
    446.684     0.450  2.2896E-03
    562.341     0.450  1.4432E-03
    707.946     0.450  9.0952E-04
    891.251     0.450  5.5272E-04
   1122.018     0.450  3.4764E-04
   1412.538     0.450  2.1328E-04
   1778.279     0.450  1.2838E-04
   2238.721     0.450  7.6960E-05
   2818.383     0.450  4.4468E-05
   3548.134     0.450  2.7036E-05
   4466.837     0.450  1.4343E-05
   5623.413     0.450  8.6424E-06
   7079.456     0.450  4.9192E-06
   8912.511     0.450  2.4888E-06
     11.220     0.550  2.6292E+00
     14.125     0.550  1.7128E+00
     17.783     0.550  1.1088E+00
     22.387     0.550  7.2048E-01
     28.184     0.550  4.6468E-01
     35.481     0.550  2.9912E-01
     44.668     0.550  1.9212E-01
     56.234     0.550  1.2312E-01
     70.795     0.550  7.8464E-02
     89.125     0.550  5.0112E-02
    112.202     0.550  3.2016E-02
    141.254     0.550  2.0388E-02
    177.828     0.550  1.3052E-02
    223.872     0.550  8.2428E-03
    281.838     0.550  5.3144E-03
    354.813     0.550  3.3424E-03
    446.684     0.550  2.1176E-03
    562.341     0.550  1.3232E-03
    707.946     0.550  8.3232E-04
    891.251     0.550  5.0352E-04
   1122.018     0.550  3.1804E-04
   1412.538     0.550  1.9348E-04
   1778.279     0.550  1.1424E-04
   2238.721     0.550  6.6940E-05
   2818.383     0.550  3.7968E-05
   3548.134     0.550  2.3636E-05
   4466.837     0.550  1.1895E-05
   5623.413     0.550  7.0644E-06
   7079.456     0.550  4.1352E-06
   8912.511     0.550  2.0828E-06
     11.220     0.650  2.5128E+00
     14.125     0.650  1.6352E+00
     17.783     0.650  1.0572E+00
     22.387     0.650  6.8652E-01
     28.184     0.650  4.4272E-01
     35.481     0.650  2.8448E-01
     44.668     0.650  1.8228E-01
     56.234     0.650  1.1668E-01
     70.795     0.650  7.4316E-02
     89.125     0.650  4.7288E-02
    112.202     0.650  3.0244E-02
    141.254     0.650  1.9192E-02
    177.828     0.650  1.2288E-02
    223.872     0.650  7.7752E-03
    281.838     0.650  4.9936E-03
    354.813     0.650  3.1316E-03
    446.684     0.650  1.9744E-03
    562.341     0.650  1.2288E-03
    707.946     0.650  7.7048E-04
    891.251     0.650  4.6328E-04
   1122.018     0.650  2.9516E-04
   1412.538     0.650  1.7672E-04
   1778.279     0.650  1.0254E-04
   2238.721     0.650  5.8920E-05
   2818.383     0.650  3.4012E-05
   3548.134     0.650  2.0524E-05
   4466.837     0.650  1.0401E-05
   5623.413     0.650  5.7536E-06
   7079.456     0.650  3.3288E-06
   8912.511     0.650  1.8032E-06
     11.220     0.750  2.4300E+00
     14.125     0.750  1.5800E+00
     17.783     0.750  1.0200E+00
     22.387     0.750  6.6200E-01
     28.184     0.750  4.2700E-01
     35.481     0.750  2.7400E-01
     44.668     0.750  1.7500E-01
     56.234     0.750  1.1200E-01
     70.795     0.750  7.1400E-02
     89.125     0.750  4.5200E-02
    112.202     0.750  2.9000E-02
    141.254     0.750  1.8300E-02
    177.828     0.750  1.1700E-02
    223.872     0.750  7.4500E-03
    281.838     0.750  4.7400E-03
    354.813     0.750  2.9800E-03
    446.684     0.750  1.8600E-03
    562.341     0.750  1.1600E-03
    707.946     0.750  7.2400E-04
    891.251     0.750  4.3200E-04
   1122.018     0.750  2.7900E-04
   1412.538     0.750  1.6300E-04
   1778.279     0.750  9.3300E-05
   2238.721     0.750  5.2900E-05
   2818.383     0.750  3.2600E-05
   3548.134     0.750  1.7700E-05
   4466.837     0.750  9.8600E-06
   5623.413     0.750  4.7100E-06
   7079.456     0.750  2.5000E-06
   8912.511     0.750  1.6500E-06
     11.220     0.850  2.3500E+00
     14.125     0.850  1.5248E+00
     17.783     0.850  9.8544E-01
     22.387     0.850  6.3824E-01
     28.184     0.850  4.1136E-01
     35.481     0.850  2.6348E-01
     44.668     0.850  1.6804E-01
     56.234     0.850  1.0740E-01
     70.795     0.850  6.8456E-02
     89.125     0.850  4.3260E-02
    112.202     0.850  2.7724E-02
    141.254     0.850  1.7544E-02
    177.828     0.850  1.1176E-02
    223.872     0.850  7.1104E-03
    281.838     0.850  4.4948E-03
    354.813     0.850  2.8148E-03
    446.684     0.850  1.7632E-03
    562.341     0.850  1.0871E-03
    707.946     0.850  6.7300E-04
    891.251     0.850  4.0212E-04
   1122.018     0.850  2.5668E-04
   1412.538     0.850  1.4840E-04
   1778.279     0.850  8.5104E-05
   2238.721     0.850  4.7088E-05
   2818.383     0.850  2.9252E-05
   3548.134     0.850  1.5584E-05
   4466.837     0.850  8.7132E-06
   5623.413     0.850  4.1688E-06
   7079.456     0.850  2.2172E-06
   8912.511     0.850  1.5392E-06
     11.220     0.950  2.2860E+00
     14.125     0.950  1.4792E+00
     17.783     0.950  9.5856E-01
     22.387     0.950  6.1896E-01
     28.184     0.950  3.9844E-01
     35.481     0.950  2.5472E-01
     44.668     0.950  1.6236E-01
     56.234     0.950  1.0360E-01
     70.795     0.950  6.6024E-02
     89.125     0.950  4.1720E-02
    112.202     0.950  2.6656E-02
    141.254     0.950  1.6996E-02
    177.828     0.950  1.0764E-02
    223.872     0.950  6.8236E-03
    281.838     0.950  4.2832E-03
    354.813     0.950  2.6672E-03
    446.684     0.950  1.6888E-03
    562.341     0.950  1.0229E-03
    707.946     0.950  6.2600E-04
    891.251     0.950  3.7688E-04
   1122.018     0.950  2.3372E-04
   1412.538     0.950  1.3460E-04
   1778.279     0.950  7.8556E-05
   2238.721     0.950  4.2252E-05
   2818.383     0.950  2.5888E-05
   3548.134     0.950  1.3996E-05
   4466.837     0.950  7.6288E-06
   5623.413     0.950  4.0292E-06
   7079.456     0.950  2.2368E-06
   8912.511     0.950  1.5068E-06
