 # fmax10_0311z.kam_num   
      0.112    -0.950       587.27461           3.8706361        103737
      0.141    -0.950       563.75552           3.6867706        107760
      0.178    -0.950       528.16563           3.4981094        109025
      0.224    -0.950       477.00552           3.2419972        106844
      0.282    -0.950       429.28106           3.0003476        103528
      0.355    -0.950       360.47415           2.6737536         95872
      0.447    -0.950       296.88027           2.3504372         88004
      0.562    -0.950       240.09732           2.0502237         79189
      0.708    -0.950       184.28358           1.7152246         70526
      0.891    -0.950       140.58736           1.4314062         60966
      1.122    -0.950       107.11364           1.2013861         52933
      1.413    -0.950       75.743581          0.95897847         44518
      1.778    -0.950       52.806801          0.74741562         37136
      2.239    -0.950       37.008456          0.57301985         31187
      2.818    -0.950       26.173964          0.45551015         25743
      3.548    -0.950       17.913990          0.34667081         20964
      4.467    -0.950       11.573077          0.24766900         16634
      5.623    -0.950       7.9205095          0.19511533         13221
      7.079    -0.950       4.9874278          0.13324870         10346
      8.913    -0.950       3.4329156          0.10500228          8024
      0.112    -0.850       604.71669           4.1311124        100560
      0.141    -0.850       576.55623           3.9053795        104865
      0.178    -0.850       535.64629           3.6608815        106571
      0.224    -0.850       492.54799           3.4094780        105019
      0.282    -0.850       431.51163           3.0951791        101869
      0.355    -0.850       360.64254           2.7118521         95407
      0.447    -0.850       297.47381           2.3706149         88105
      0.562    -0.850       241.94584           2.0716501         79743
      0.708    -0.850       186.80538           1.7364319         70540
      0.891    -0.850       141.51208           1.4418655         61821
      1.122    -0.850       108.25641           1.2085808         53404
      1.413    -0.850       76.776345          0.96285623         44998
      1.778    -0.850       54.994097          0.76234976         38099
      2.239    -0.850       39.051851          0.60894139         31353
      2.818    -0.850       26.520687          0.45931955         26236
      3.548    -0.850       18.044524          0.33971141         21265
      4.467    -0.850       11.866030          0.25760038         17091
      5.623    -0.850       7.9027589          0.19402547         13501
      7.079    -0.850       5.2794901          0.13571365         10756
      8.913    -0.850       3.6032549          0.10302151          8358
      0.112    -0.750       680.89084           4.6642798         98569
      0.141    -0.750       628.01363           4.3062895        102300
      0.178    -0.750       572.34203           3.9658906        103596
      0.224    -0.750       524.39390           3.7028003        103418
      0.282    -0.750       462.89399           3.3657223        100277
      0.355    -0.750       387.45191           2.9458234         94784
      0.447    -0.750       315.90918           2.5654685         87575
      0.562    -0.750       253.25314           2.1868125         78923
      0.708    -0.750       194.55395           1.8306182         70342
      0.891    -0.750       148.85809           1.5344889         61905
      1.122    -0.750       110.16607           1.2442776         53542
      1.413    -0.750       79.578848          0.98268898         45964
      1.778    -0.750       56.680157          0.78006620         38466
      2.239    -0.750       38.870642          0.58904684         31921
      2.818    -0.750       27.260990          0.46673902         26281
      3.548    -0.750       18.486080          0.35153153         21639
      4.467    -0.750       12.436013          0.26013273         17466
      5.623    -0.750       8.1322979          0.18358247         14005
      7.079    -0.750       5.2982871          0.13952293         10667
      8.913    -0.750       3.5229991          0.98836290E-01      8602
      0.112    -0.650       693.14116           4.9282035         93306
      0.141    -0.650       633.43319           4.5453765         96127
      0.178    -0.650       585.65822           4.2276350         99183
      0.224    -0.650       527.28385           3.8211829         99507
      0.282    -0.650       462.12758           3.4639792         96817
      0.355    -0.650       387.82164           3.0337125         91965
      0.447    -0.650       315.44829           2.5848379         85759
      0.562    -0.650       256.23463           2.2306536         78559
      0.708    -0.650       197.86860           1.8620123         69871
      0.891    -0.650       151.27861           1.5486222         61263
      1.122    -0.650       112.20440           1.2490503         53323
      1.413    -0.650       81.859364          0.99599267         46201
      1.778    -0.650       57.466753          0.77825892         38503
      2.239    -0.650       39.916640          0.60525014         32103
      2.818    -0.650       28.114096          0.46521094         26597
      3.548    -0.650       19.060357          0.35544638         21673
      4.467    -0.650       13.166834          0.28203607         17480
      5.623    -0.650       8.5189476          0.19850473         13979
      7.079    -0.650       5.8151170          0.15015032         11026
      8.913    -0.650       3.6695071          0.10245594          8635
      0.112    -0.550       624.19002           4.7877952         84571
      0.141    -0.550       588.85032           4.4844040         89297
      0.178    -0.550       549.62358           4.1608607         92313
      0.224    -0.550       490.66070           3.7704638         92772
      0.282    -0.550       425.98453           3.3230810         91545
      0.355    -0.550       364.82958           2.9512010         87611
      0.447    -0.550       307.21445           2.5980537         82744
      0.562    -0.550       242.79071           2.1775297         75974
      0.708    -0.550       195.73133           1.8604182         68576
      0.891    -0.550       149.31758           1.5442544         60577
      1.122    -0.550       110.74562           1.2305081         53019
      1.413    -0.550       80.796374          0.98965120         45605
      1.778    -0.550       58.846604          0.78736234         38540
      2.239    -0.550       40.438775          0.61076531         32001
      2.818    -0.550       28.349551          0.47022510         26586
      3.548    -0.550       19.650568          0.35468692         21883
      4.467    -0.550       13.354980          0.27572112         17471
      5.623    -0.550       8.9604252          0.20339375         14004
      7.079    -0.550       6.2205376          0.16042829         11538
      8.913    -0.550       3.8235090          0.10377876          8765
      0.112    -0.450       594.87565           4.9845178         76116
      0.141    -0.450       555.00653           4.6232463         80065
      0.178    -0.450       509.80170           4.2284712         83627
      0.224    -0.450       457.21626           3.8120642         84787
      0.282    -0.450       402.77512           3.3749646         83911
      0.355    -0.450       344.37088           2.9536773         81861
      0.447    -0.450       287.10026           2.5379753         77856
      0.562    -0.450       229.67500           2.1156525         72296
      0.708    -0.450       185.52775           1.7957923         66173
      0.891    -0.450       144.72804           1.4968625         59503
      1.122    -0.450       108.35273           1.2138041         52138
      1.413    -0.450       81.861307          0.98619924         44884
      1.778    -0.450       59.616452          0.78715292         38600
      2.239    -0.450       41.944434          0.61421446         32335
      2.818    -0.450       29.950396          0.47710782         27130
      3.548    -0.450       20.385873          0.36777477         21999
      4.467    -0.450       13.698688          0.26491121         17914
      5.623    -0.450       9.3528132          0.20146112         14393
      7.079    -0.450       5.9654378          0.14123338         11406
      8.913    -0.450       4.0338905          0.10619233          9009
      0.112    -0.350       626.85414           5.7315959         67387
      0.141    -0.350       587.26193           5.3133576         71326
      0.178    -0.350       522.90029           4.7226485         73794
      0.224    -0.350       472.23087           4.3104962         75910
      0.282    -0.350       405.58354           3.7302404         75773
      0.355    -0.350       337.00079           3.1321395         73686
      0.447    -0.350       281.35206           2.7250794         70686
      0.562    -0.350       227.92409           2.2614486         67011
      0.708    -0.350       180.00265           1.8590562         61554
      0.891    -0.350       141.54566           1.5361877         55854
      1.122    -0.350       108.09621           1.2487453         49824
      1.413    -0.350       81.784595           1.0186538         43683
      1.778    -0.350       60.632892          0.81823582         37988
      2.239    -0.350       43.774520          0.63555673         32280
      2.818    -0.350       30.658814          0.49504499         26978
      3.548    -0.350       21.269248          0.37976470         22404
      4.467    -0.350       14.645660          0.29119988         18321
      5.623    -0.350       9.6963054          0.20657599         14574
      7.079    -0.350       6.5810281          0.15952460         11650
      8.913    -0.350       4.3842266          0.11423493          9315
      0.112    -0.250       694.34353           6.8915696         57121
      0.141    -0.250       614.18252           6.0995786         59842
      0.178    -0.250       554.33014           5.5540468         61860
      0.224    -0.250       496.90518           4.9682701         63961
      0.282    -0.250       424.76333           4.3210648         64043
      0.355    -0.250       354.54984           3.6788066         62988
      0.447    -0.250       288.45870           3.1068365         60453
      0.562    -0.250       230.48254           2.5150821         57378
      0.708    -0.250       183.53792           2.0748566         54171
      0.891    -0.250       142.33491           1.6888245         49560
      1.122    -0.250       111.70491           1.3661597         44969
      1.413    -0.250       81.158860           1.0683996         39894
      1.778    -0.250       60.497209          0.85835170         34824
      2.239    -0.250       45.462091          0.68534917         30381
      2.818    -0.250       31.722614          0.52372097         25244
      3.548    -0.250       22.181884          0.40320343         21266
      4.467    -0.250       15.428637          0.29541514         17761
      5.623    -0.250       10.307523          0.22349548         14364
      7.079    -0.250       7.4168357          0.17495801         11741
      8.913    -0.250       4.5926456          0.11985649          9059
      0.112    -0.150       760.16077           8.4477390         43461
      0.141    -0.150       695.18381           7.8040389         45467
      0.178    -0.150       630.62779           7.2000945         47409
      0.224    -0.150       543.36967           6.3430046         47806
      0.282    -0.150       469.01643           5.5358746         47495
      0.355    -0.150       383.80004           4.6764231         46874
      0.447    -0.150       314.30918           3.9697167         45393
      0.562    -0.150       248.12368           3.2622597         43038
      0.708    -0.150       190.35932           2.5788644         40313
      0.891    -0.150       148.45866           2.0526991         37338
      1.122    -0.150       112.96260           1.6633992         34145
      1.413    -0.150       86.273861           1.3275985         31000
      1.778    -0.150       62.796502           1.0166895         27447
      2.239    -0.150       45.522811          0.81662290         23864
      2.818    -0.150       33.916845          0.62454103         20724
      3.548    -0.150       23.917134          0.45715822         18020
      4.467    -0.150       16.778350          0.36162295         14915
      5.623    -0.150       11.630388          0.27150772         12384
      7.079    -0.150       7.7314290          0.19898753          9893
      8.913    -0.150       5.2216854          0.14446353          8195
      0.112    -0.050       940.45355           18.184757         20675
      0.141    -0.050       854.13232           16.790911         21189
      0.178    -0.050       780.71152           15.730361         21632
      0.224    -0.050       679.84341           14.767264         21425
      0.282    -0.050       567.89381           12.461867         20863
      0.355    -0.050       478.32153           10.429767         20535
      0.447    -0.050       347.21334           8.2519575         19146
      0.562    -0.050       282.66616           7.2116728         18028
      0.708    -0.050       216.68763           5.5028655         16675
      0.891    -0.050       167.33349           5.0746435         15531
      1.122    -0.050       121.76162           3.4698567         14204
      1.413    -0.050       90.992034           2.8513243         12990
      1.778    -0.050       72.919164           2.6126023         11342
      2.239    -0.050       51.127200           2.0147583         10119
      2.818    -0.050       33.427505           1.1755560          8800
      3.548    -0.050       25.905755          0.94240360          7532
      4.467    -0.050       17.779470          0.66272974          6515
      5.623    -0.050       12.900467          0.61567665          5480
      7.079    -0.050       8.9745348          0.50293667          4448
      8.913    -0.050       5.8718552          0.31080074          3663
      0.112     0.050       893.40208           17.212303         20551
      0.141     0.050       810.22894           16.022655         21128
      0.178     0.050       733.06574           14.688063         21471
      0.224     0.050       668.53525           14.358016         21438
      0.282     0.050       556.50646           12.124698         21013
      0.355     0.050       458.78516           9.9121102         20116
      0.447     0.050       351.56403           8.1881871         19120
      0.562     0.050       282.37049           6.9977651         18327
      0.708     0.050       212.22282           5.6337218         16737
      0.891     0.050       166.82593           5.0894386         15478
      1.122     0.050       124.60455           3.5355154         14167
      1.413     0.050       96.147358           3.0815329         12963
      1.778     0.050       73.632614           2.6488720         11445
      2.239     0.050       48.264694           1.9051900          9882
      2.818     0.050       34.163385           1.0682773          8674
      3.548     0.050       26.357757           1.0363615          7520
      4.467     0.050       17.885891          0.71160070          6364
      5.623     0.050       12.150746          0.58396371          5382
      7.079     0.050       8.5806429          0.49443546          4368
      8.913     0.050       5.8770611          0.30854417          3691
      0.112     0.150       590.02611           6.2978902         42202
      0.141     0.150       574.79885           6.0749770         45003
      0.178     0.150       521.79874           5.5452979         46275
      0.224     0.150       479.61526           5.1254079         47365
      0.282     0.150       413.80228           4.5937528         47233
      0.355     0.150       355.04567           4.0743850         46731
      0.447     0.150       295.74913           3.5370129         45146
      0.562     0.150       235.88192           2.9365067         42784
      0.708     0.150       190.45874           2.4837968         40501
      0.891     0.150       146.27899           1.9798856         37434
      1.122     0.150       115.04706           1.6966531         34235
      1.413     0.150       85.419160           1.3126604         30471
      1.778     0.150       62.698828           1.0086640         27530
      2.239     0.150       46.608867          0.82131300         23745
      2.818     0.150       33.019414          0.60451595         20646
      3.548     0.150       23.416340          0.47758095         17345
      4.467     0.150       16.586724          0.34655913         14782
      5.623     0.150       11.517744          0.26120056         12178
      7.079     0.150       7.7972395          0.19829451          9969
      8.913     0.150       5.2239719          0.15084047          8032
      0.112     0.250       468.51600           4.2842577         54215
      0.141     0.250       457.16836           4.1870666         57784
      0.178     0.250       426.47895           3.8468394         60749
      0.224     0.250       405.39922           3.7244427         62367
      0.282     0.250       360.72856           3.3413144         63079
      0.355     0.250       316.07044           3.0148315         62331
      0.447     0.250       267.86678           2.6727409         60703
      0.562     0.250       221.87215           2.2834666         57540
      0.708     0.250       177.72941           1.9223862         53727
      0.891     0.250       141.99931           1.6324151         49459
      1.122     0.250       110.94772           1.3677129         44917
      1.413     0.250       83.609930           1.1213114         40076
      1.778     0.250       60.873494          0.87454099         34810
      2.239     0.250       45.274052          0.67624312         30091
      2.818     0.250       32.927750          0.54043395         25856
      3.548     0.250       23.031856          0.41627011         21494
      4.467     0.250       15.609798          0.31554104         17645
      5.623     0.250       10.572492          0.23244173         14358
      7.079     0.250       7.0459556          0.16760212         11554
      8.913     0.250       4.9881051          0.13866993          9317
      0.112     0.350       420.61706           3.4981053         63542
      0.141     0.350       412.66058           3.3873811         67965
      0.178     0.350       391.38485           3.2163649         71644
      0.224     0.350       372.40678           3.0667572         73801
      0.282     0.350       339.94646           2.8609967         74047
      0.355     0.350       299.40489           2.5795784         73284
      0.447     0.350       256.52970           2.2968926         70009
      0.562     0.350       211.92253           1.9877598         65802
      0.708     0.350       179.65274           1.7679719         62184
      0.891     0.350       141.96329           1.4878181         55540
      1.122     0.350       107.68858           1.2222906         49736
      1.413     0.350       81.229973          0.98844577         44034
      1.778     0.350       60.028532          0.79085369         37801
      2.239     0.350       43.188747          0.63098447         32202
      2.818     0.350       31.333077          0.51502163         26929
      3.548     0.350       21.088948          0.38118390         22148
      4.467     0.350       14.169609          0.27062649         18271
      5.623     0.350       9.9786987          0.21512863         14710
      7.079     0.350       6.8107754          0.16378447         11842
      8.913     0.350       4.5578680          0.12893342          9509
      0.112     0.450       398.58186           3.0642298         72467
      0.141     0.450       390.96782           2.9833737         77024
      0.178     0.450       381.64509           2.8744787         80718
      0.224     0.450       356.91451           2.7284720         82346
      0.282     0.450       337.27045           2.6219662         82686
      0.355     0.450       293.96952           2.3495880         80822
      0.447     0.450       253.90888           2.1188299         77140
      0.562     0.450       218.51615           1.9224315         72169
      0.708     0.450       174.04619           1.6452427         65470
      0.891     0.450       139.12407           1.4024774         58770
      1.122     0.450       107.47558           1.1794731         51974
      1.413     0.450       82.912019          0.99303239         45350
      1.778     0.450       60.100534          0.80452182         38781
      2.239     0.450       42.087299          0.61765974         32584
      2.818     0.450       30.009825          0.49056235         27047
      3.548     0.450       20.290296          0.37753689         22168
      4.467     0.450       14.140112          0.29041136         18159
      5.623     0.450       9.5390035          0.21248315         14802
      7.079     0.450       6.2695433          0.15515530         11696
      8.913     0.450       4.2337382          0.11506815          9185
      0.112     0.550       382.72579           2.7781369         79081
      0.141     0.550       376.90643           2.7167369         83746
      0.178     0.550       367.43037           2.6263461         87138
      0.224     0.550       358.62909           2.5806349         89524
      0.282     0.550       327.51374           2.3870497         88951
      0.355     0.550       293.72690           2.2325739         85422
      0.447     0.550       256.81665           2.0611577         80575
      0.562     0.550       214.15355           1.8173997         74765
      0.708     0.550       174.54881           1.5932516         67570
      0.891     0.550       137.87825           1.3553546         60463
      1.122     0.550       106.32376           1.1494908         52838
      1.413     0.550       79.906259          0.95572968         45375
      1.778     0.550       56.641130          0.75512805         38414
      2.239     0.550       42.060903          0.61862179         32427
      2.818     0.550       29.583269          0.48489557         26801
      3.548     0.550       20.050093          0.36486587         21852
      4.467     0.550       13.364793          0.26091959         17859
      5.623     0.550       8.8578657          0.20540355         14110
      7.079     0.550       6.0011221          0.15453262         11465
      8.913     0.550       3.8399880          0.10344479          8978
      0.112     0.650       381.00123           2.6194864         85454
      0.141     0.650       373.49680           2.5554935         89721
      0.178     0.650       369.39613           2.5299496         93258
      0.224     0.650       353.54174           2.4330195         93920
      0.282     0.650       320.43931           2.2775375         92649
      0.355     0.650       292.51111           2.1604026         89360
      0.447     0.650       252.74411           1.9694549         83362
      0.562     0.650       213.11707           1.7624642         77157
      0.708     0.650       175.42635           1.5598446         69469
      0.891     0.650       135.58453           1.3293161         61190
      1.122     0.650       102.11512           1.1024130         52756
      1.413     0.650       77.553957          0.91958699         45926
      1.778     0.650       56.564324          0.74556283         39078
      2.239     0.650       39.403271          0.57374277         32375
      2.818     0.650       27.479532          0.46051420         26393
      3.548     0.650       18.699653          0.34267684         21656
      4.467     0.650       12.795925          0.26432893         17463
      5.623     0.650       8.8853370          0.20961594         14011
      7.079     0.650       5.7806922          0.15018100         11175
      8.913     0.650       3.8839925          0.11176911          8787
      0.112     0.750       369.95116           2.4695161         89737
      0.141     0.750       369.55100           2.4415354         94383
      0.178     0.750       369.42372           2.4239551         98278
      0.224     0.750       352.24707           2.3584493         98552
      0.282     0.750       324.38758           2.2489766         95719
      0.355     0.750       287.18513           2.0685955         91213
      0.447     0.750       249.22444           1.9116165         85098
      0.562     0.750       210.16657           1.7220750         77868
      0.708     0.750       169.54684           1.5013508         69606
      0.891     0.750       135.38104           1.3148379         61460
      1.122     0.750       102.07038           1.1052824         52631
      1.413     0.750       74.516284          0.89850428         45403
      1.778     0.750       55.333740          0.74190388         38264
      2.239     0.750       38.449528          0.57442912         31618
      2.818     0.750       26.841338          0.44559963         26214
      3.548     0.750       18.786582          0.35986119         21177
      4.467     0.750       12.555953          0.26305249         17196
      5.623     0.750       8.6163425          0.20934137         13653
      7.079     0.750       5.5334152          0.14615738         10867
      8.913     0.750       3.7470139          0.10845285          8444
      0.112     0.850       369.01538           2.3792578         93716
      0.141     0.850       372.07225           2.3833248         98921
      0.178     0.850       365.72126           2.3620224        101237
      0.224     0.850       347.42104           2.2736951        101567
      0.282     0.850       320.71866           2.1719533         97791
      0.355     0.850       285.35085           2.0364296         93293
      0.447     0.850       248.38191           1.8712771         86888
      0.562     0.850       205.68812           1.6716341         78725
      0.708     0.850       165.14260           1.4688516         70245
      0.891     0.850       131.77871           1.2887844         61805
      1.122     0.850       99.474125           1.0733423         53526
      1.413     0.850       72.943919          0.88082321         45559
      1.778     0.850       53.798284          0.72979386         38099
      2.239     0.850       37.479574          0.56859613         31730
      2.818     0.850       26.599886          0.45421557         26547
      3.548     0.850       17.222018          0.32326441         21229
      4.467     0.850       11.796832          0.25316369         17178
      5.623     0.850       8.0245599          0.19336209         13708
      7.079     0.850       5.6215315          0.14875885         10901
      8.913     0.850       3.4647330          0.10029202          8305
      0.112     0.950       366.73818           2.3095364         97483
      0.141     0.950       367.95490           2.3051749        102091
      0.178     0.950       364.10173           2.2933018        104371
      0.224     0.950       349.20136           2.2442742        103851
      0.282     0.950       319.92192           2.1285965        100343
      0.355     0.950       284.00831           2.0064329         94676
      0.447     0.950       247.59671           1.8556158         87862
      0.562     0.950       206.41638           1.6678850         79290
      0.708     0.950       164.11951           1.4617871         70315
      0.891     0.950       128.78935           1.2615729         61780
      1.122     0.950       98.365863           1.0756631         53210
      1.413     0.950       72.482344          0.89274556         45077
      1.778     0.950       53.777792          0.73308582         37953
      2.239     0.950       36.593766          0.56448972         31462
      2.818     0.950       26.117350          0.44729281         26226
      3.548     0.950       18.406714          0.35779971         21324
      4.467     0.950       11.364811          0.24071511         16918
      5.623     0.950       7.8932495          0.19305506         13563
      7.079     0.950       5.0194335          0.13400294         10506
      8.913     0.950       3.3917330          0.99103240E-01      8266
