 # tables0/fmax10_0401z.sno_num   
      0.112    -0.950       783.75470           4.9057436        108757
      0.141    -0.950       716.29987           4.5760079        111323
      0.178    -0.950       645.04550           4.2161484        111466
      0.224    -0.950       577.99217           3.8747912        110235
      0.282    -0.950       494.59243           3.4787463        104607
      0.355    -0.950       407.76680           3.0442035         97292
      0.447    -0.950       329.07867           2.6319636         89178
      0.562    -0.950       255.80902           2.2207495         79482
      0.708    -0.950       193.90855           1.8443662         70491
      0.891    -0.950       151.06370           1.5645474         61371
      1.122    -0.950       106.82376           1.2428213         52646
      1.413    -0.950       78.208806          0.98954661         44814
      1.778    -0.950       54.932272          0.77167293         37602
      2.239    -0.950       38.844898          0.61777513         30782
      2.818    -0.950       26.572483          0.47046162         25512
      3.548    -0.950       18.084897          0.35380730         20563
      4.467    -0.950       11.503145          0.24839340         16715
      5.623    -0.950       7.4558164          0.18144750         13229
      7.079    -0.950       5.3745761          0.14273980         10510
      8.913    -0.950       3.3283786          0.10014865          8012
      0.112    -0.850       554.84187           3.9040937         98285
      0.141    -0.850       521.94989           3.6518957        101830
      0.178    -0.850       484.11693           3.4072728        103734
      0.224    -0.850       444.29636           3.1732971        103412
      0.282    -0.850       391.83202           2.8842964        100005
      0.355    -0.850       337.68208           2.6007058         93990
      0.447    -0.850       286.37249           2.3105745         87472
      0.562    -0.850       222.92882           1.9192416         78968
      0.708    -0.850       175.26605           1.6417235         70445
      0.891    -0.850       137.77061           1.3917372         61669
      1.122    -0.850       101.98830           1.1456576         53278
      1.413    -0.850       73.898539          0.90372711         45409
      1.778    -0.850       53.454680          0.72812510         38324
      2.239    -0.850       37.167434          0.56040159         31355
      2.818    -0.850       25.858235          0.43988092         26071
      3.548    -0.850       18.034839          0.33751289         21243
      4.467    -0.850       11.932125          0.25209437         17093
      5.623    -0.850       8.0036302          0.18573076         13682
      7.079    -0.850       5.3210382          0.14039394         10811
      8.913    -0.850       3.6994537          0.11394571          8278
      0.112    -0.750       420.26608           2.8897948         90984
      0.141    -0.750       414.70518           2.8295234         96052
      0.178    -0.750       402.11345           2.7410220         98717
      0.224    -0.750       385.23511           2.6767680         99051
      0.282    -0.750       349.25177           2.4821326         96090
      0.355    -0.750       309.76335           2.2847561         91883
      0.447    -0.750       262.10844           2.0625930         86088
      0.562    -0.750       218.01575           1.8301809         78210
      0.708    -0.750       172.78602           1.5687995         69666
      0.891    -0.750       136.64643           1.3725154         61450
      1.122    -0.750       103.45173           1.1336946         53231
      1.413    -0.750       75.483139          0.90851349         45828
      1.778    -0.750       55.137575          0.75172834         38206
      2.239    -0.750       39.316430          0.58906860         32312
      2.818    -0.750       26.022438          0.43699378         26341
      3.548    -0.750       18.732849          0.34468995         21783
      4.467    -0.750       12.628286          0.26212209         17591
      5.623    -0.750       8.2419735          0.18871123         13953
      7.079    -0.750       5.5071485          0.14193190         10931
      8.913    -0.750       3.6344110          0.10613676          8642
      0.112    -0.650       435.81196           3.1703173         86713
      0.141    -0.650       422.83889           3.0490167         91747
      0.178    -0.650       407.48875           2.9042361         94671
      0.224    -0.650       384.23563           2.7509885         95664
      0.282    -0.650       352.22028           2.5802128         93880
      0.355    -0.650       307.80844           2.3321466         90499
      0.447    -0.650       267.09729           2.1166070         84665
      0.562    -0.650       219.63188           1.8520997         77335
      0.708    -0.650       177.29907           1.6152423         69428
      0.891    -0.650       138.42651           1.3789983         61506
      1.122    -0.650       105.45972           1.1355724         53448
      1.413    -0.650       77.404724          0.93648059         45444
      1.778    -0.650       56.450611          0.75491455         38704
      2.239    -0.650       39.865730          0.59519841         32289
      2.818    -0.650       27.529639          0.45249921         27013
      3.548    -0.650       19.430633          0.35293752         21864
      4.467    -0.650       13.038300          0.27031151         17676
      5.623    -0.650       8.6481470          0.19673229         14067
      7.079    -0.650       5.8180951          0.15062745         11088
      8.913    -0.650       3.6736831          0.98570540E-01      8850
      0.112    -0.550       536.50266           4.2121435         82624
      0.141    -0.550       505.27317           3.9309499         87420
      0.178    -0.550       478.17958           3.6947623         90576
      0.224    -0.550       432.36818           3.3666802         91464
      0.282    -0.550       385.77435           3.0187229         90483
      0.355    -0.550       338.98392           2.7379574         86772
      0.447    -0.550       284.43798           2.3784192         82137
      0.562    -0.550       230.16734           2.0320572         75296
      0.708    -0.550       183.10742           1.6989413         68313
      0.891    -0.550       143.98486           1.4435331         60946
      1.122    -0.550       108.79533           1.1886102         53189
      1.413    -0.550       80.090083          0.96030725         45582
      1.778    -0.550       58.080389          0.78146004         38765
      2.239    -0.550       40.643394          0.60099641         32290
      2.818    -0.550       28.824481          0.47811722         26791
      3.548    -0.550       20.044046          0.37202819         22176
      4.467    -0.550       13.643334          0.27172686         18050
      5.623    -0.550       9.4920402          0.21496764         14460
      7.079    -0.550       5.8317329          0.15049052         11364
      8.913    -0.550       3.8747443          0.10995868          8895
      0.112    -0.450       647.39809           5.2633899         77879
      0.141    -0.450       607.20888           4.8836965         81879
      0.178    -0.450       555.86601           4.4634789         85904
      0.224    -0.450       494.84471           3.9818017         86673
      0.282    -0.450       436.68420           3.5948819         86129
      0.355    -0.450       370.07030           3.1027455         83151
      0.447    -0.450       311.10824           2.6908492         79318
      0.562    -0.450       246.66915           2.2346587         73267
      0.708    -0.450       198.61278           1.8891512         66860
      0.891    -0.450       151.40332           1.5385294         59945
      1.122    -0.450       118.83892           1.3175930         52753
      1.413    -0.450       85.685570           1.0447355         45701
      1.778    -0.450       61.580651          0.81837491         38941
      2.239    -0.450       43.853526          0.63631404         33060
      2.818    -0.450       29.824087          0.49326083         27126
      3.548    -0.450       20.287346          0.36294851         22482
      4.467    -0.450       14.432036          0.28519002         18435
      5.623    -0.450       9.0281406          0.20074277         14506
      7.079    -0.450       6.2004365          0.15487402         11829
      8.913    -0.450       4.4634460          0.12110701          9222
      0.112    -0.350       822.81212           6.7981042         72532
      0.141    -0.350       742.30693           6.0960117         76880
      0.178    -0.350       668.68168           5.5723492         78658
      0.224    -0.350       589.56425           4.9385058         80205
      0.282    -0.350       511.39525           4.3618857         80152
      0.355    -0.350       426.38384           3.6952627         77343
      0.447    -0.350       353.75528           3.1768242         74173
      0.562    -0.350       279.96936           2.6332198         68834
      0.708    -0.350       219.23763           2.1621718         63167
      0.891    -0.350       167.01252           1.7570322         57616
      1.122    -0.350       127.54642           1.4526148         50962
      1.413    -0.350       92.916165           1.1544381         44227
      1.778    -0.350       66.520170          0.89530852         38109
      2.239    -0.350       46.804570          0.69064324         32262
      2.818    -0.350       32.600424          0.53324982         27031
      3.548    -0.350       22.008625          0.38907094         22161
      4.467    -0.350       15.619229          0.31373272         18399
      5.623    -0.350       10.005362          0.22535445         14740
      7.079    -0.350       6.7139834          0.16140648         11597
      8.913    -0.350       4.7684089          0.12908721          9385
      0.112    -0.250       1137.3460           9.5362305         65800
      0.141    -0.250       994.79870           8.4080195         68193
      0.178    -0.250       895.29487           7.6906287         70346
      0.224    -0.250       764.69378           6.7361255         70913
      0.282    -0.250       635.70757           5.7022681         70332
      0.355    -0.250       519.81537           4.8498774         68340
      0.447    -0.250       422.58673           4.0674809         65698
      0.562    -0.250       328.48679           3.3176466         61319
      0.708    -0.250       255.03362           2.7277981         57011
      0.891    -0.250       188.01495           2.1354573         51650
      1.122    -0.250       141.07840           1.7224434         46437
      1.413    -0.250       100.96756           1.3479576         40914
      1.778    -0.250       71.687578           1.0287442         35358
      2.239    -0.250       48.870178          0.76512075         29951
      2.818    -0.250       34.924549          0.57436021         25855
      3.548    -0.250       23.075763          0.43155222         21371
      4.467    -0.250       16.692024          0.33338012         17917
      5.623    -0.250       11.177337          0.24450769         14570
      7.079    -0.250       7.3578461          0.18217132         11625
      8.913    -0.250       4.7624640          0.12539083          9024
      0.112    -0.150       1749.5661           15.834948         54251
      0.141    -0.150       1510.4741           14.084015         55994
      0.178    -0.150       1292.3885           12.490896         56050
      0.224    -0.150       1077.2073           10.826741         56045
      0.282    -0.150       867.76944           8.9547735         54808
      0.355    -0.150       675.53447           7.3572254         52460
      0.447    -0.150       528.32333           6.0956545         49993
      0.562    -0.150       394.49731           4.8298567         46802
      0.708    -0.150       287.02088           3.6306231         43065
      0.891    -0.150       217.17898           2.8563553         39799
      1.122    -0.150       153.66571           2.1636631         35984
      1.413    -0.150       113.63455           1.7318718         32139
      1.778    -0.150       77.760484           1.2613041         27882
      2.239    -0.150       54.010901          0.93755279         24397
      2.818    -0.150       36.918763          0.69709807         20835
      3.548    -0.150       25.582415          0.51615316         17948
      4.467    -0.150       17.192074          0.36477896         14801
      5.623    -0.150       11.483152          0.26442865         12249
      7.079    -0.150       7.8145588          0.19751744         10119
      8.913    -0.150       5.2727097          0.15476973          8055
      0.112    -0.050       2826.9369           46.987868         26537
      0.141    -0.050       2378.8228           42.063083         26431
      0.178    -0.050       1940.0276           35.579446         26280
      0.224    -0.050       1590.8561           31.052384         25212
      0.282    -0.050       1199.4764           24.351707         24035
      0.355    -0.050       913.24243           20.117351         22860
      0.447    -0.050       660.20029           15.001864         21082
      0.562    -0.050       480.92911           12.338556         19938
      0.708    -0.050       344.24425           8.8957145         17901
      0.891    -0.050       238.78006           6.6790366         16436
      1.122    -0.050       172.75815           5.4706278         14721
      1.413    -0.050       113.35509           3.2742315         13119
      1.778    -0.050       78.108935           2.1962199         11642
      2.239    -0.050       56.373331           1.7022452         10248
      2.818    -0.050       37.378950           1.1964909          8835
      3.548    -0.050       28.557332           1.0480789          7679
      4.467    -0.050       19.577142          0.78493420          6617
      5.623    -0.050       12.488636          0.59361212          5399
      7.079    -0.050       8.1367206          0.36731100          4492
      8.913    -0.050       5.6475953          0.29351049          3695
      0.112     0.050       2891.1103           48.394699         26488
      0.141     0.050       2423.0770           42.876541         26031
      0.178     0.050       1958.7133           36.063470         25810
      0.224     0.050       1551.1055           30.696165         24844
      0.282     0.050       1239.2002           25.353574         24054
      0.355     0.050       936.51231           20.905699         22773
      0.447     0.050       666.04153           15.255467         21135
      0.562     0.050       470.22122           12.197634         19633
      0.708     0.050       340.28572           8.9603996         17860
      0.891     0.050       241.53084           6.7292368         16338
      1.122     0.050       167.74803           4.8529363         14921
      1.413     0.050       111.82229           3.2940332         13379
      1.778     0.050       81.521268           3.0510601         11635
      2.239     0.050       55.346390           1.7723584         10302
      2.818     0.050       37.441128           1.1922643          8720
      3.548     0.050       28.236443           1.1410781          7663
      4.467     0.050       18.955362          0.74901855          6569
      5.623     0.050       12.753376          0.60935625          5489
      7.079     0.050       8.5063278          0.42764722          4484
      8.913     0.050       5.9441755          0.31507429          3626
      0.112     0.150       1944.5738           17.453256         54959
      0.141     0.150       1658.9737           15.436426         55716
      0.178     0.150       1394.2454           13.497131         56045
      0.224     0.150       1130.6512           11.220600         55910
      0.282     0.150       900.44211           9.5432702         54487
      0.355     0.150       696.64980           7.7199454         52427
      0.447     0.150       519.50403           6.0963614         49087
      0.562     0.150       392.76906           4.7631042         46353
      0.708     0.150       279.06304           3.5405901         43075
      0.891     0.150       209.10548           2.8587790         39182
      1.122     0.150       148.28878           2.1282617         35605
      1.413     0.150       104.24833           1.5702943         31060
      1.778     0.150       76.894841           1.2483993         28081
      2.239     0.150       54.848103          0.96925239         24138
      2.818     0.150       37.172790          0.70853065         20598
      3.548     0.150       25.432622          0.52215724         17697
      4.467     0.150       17.398069          0.39620081         14434
      5.623     0.150       11.839112          0.29214257         12001
      7.079     0.150       7.9886795          0.21029265          9844
      8.913     0.150       5.3530537          0.14864319          8006
      0.112     0.250       1539.1300           12.079220         70391
      0.141     0.250       1334.3565           10.705683         72135
      0.178     0.250       1131.9220           9.4613269         73463
      0.224     0.250       953.94169           8.1171416         73238
      0.282     0.250       768.31678           6.8860108         72078
      0.355     0.250       603.53381           5.5601293         69856
      0.447     0.250       469.25384           4.6159642         65543
      0.562     0.250       353.38511           3.6328300         61805
      0.708     0.250       266.39789           2.8530008         56934
      0.891     0.250       197.11862           2.2501106         51765
      1.122     0.250       142.83485           1.7550672         45986
      1.413     0.250       102.60160           1.3665722         40868
      1.778     0.250       72.521637           1.0449239         35341
      2.239     0.250       50.403595          0.77449963         30122
      2.818     0.250       34.679525          0.58093385         25181
      3.548     0.250       23.649669          0.43396797         21245
      4.467     0.250       15.791937          0.32945014         17293
      5.623     0.250       10.197385          0.22577630         14064
      7.079     0.250       7.3579480          0.18110870         11552
      8.913     0.250       4.8409541          0.13073332          9049
      0.112     0.350       1335.8725           9.5770745         82104
      0.141     0.350       1172.4421           8.6418934         84492
      0.178     0.350       1017.2268           7.6887881         86048
      0.224     0.350       860.30104           6.7045677         86067
      0.282     0.350       700.39309           5.6677678         84138
      0.355     0.350       561.56019           4.7271135         81300
      0.447     0.350       441.91565           3.9161593         76470
      0.562     0.350       344.36528           3.2000409         70615
      0.708     0.350       248.88741           2.4859527         63946
      0.891     0.350       188.19405           2.0177546         57356
      1.122     0.350       136.47583           1.5731831         51267
      1.413     0.350       98.357002           1.2470749         44110
      1.778     0.350       70.938718          0.98441681         38007
      2.239     0.350       48.987409          0.73621992         32046
      2.818     0.350       32.776278          0.55121180         26629
      3.548     0.350       21.851957          0.39508405         21925
      4.467     0.350       15.173727          0.30223007         18081
      5.623     0.350       9.6131012          0.21313935         14579
      7.079     0.350       6.6855122          0.16550589         11597
      8.913     0.350       4.3902366          0.11456746          9282
      0.112     0.450       1249.9993           8.4266077         91820
      0.141     0.450       1101.2393           7.6094847         93783
      0.178     0.450       936.51587           6.6408871         95600
      0.224     0.450       814.64198           5.9685275         95446
      0.282     0.450       674.89959           5.1162381         93278
      0.355     0.450       543.97440           4.3217223         88246
      0.447     0.450       425.30251           3.5647713         82744
      0.562     0.450       326.15607           2.8892466         75829
      0.708     0.450       251.40643           2.3983621         68982
      0.891     0.450       186.74712           1.9245471         61044
      1.122     0.450       135.19033           1.5268528         52659
      1.413     0.450       96.547497           1.2082100         45850
      1.778     0.450       67.188504          0.92048844         39218
      2.239     0.450       46.466288          0.71544263         32514
      2.818     0.450       31.214413          0.52529479         27061
      3.548     0.450       21.404990          0.39427262         22187
      4.467     0.450       14.765076          0.29448950         18147
      5.623     0.450       9.5663390          0.21978774         14539
      7.079     0.450       6.4528308          0.16146508         11579
      8.913     0.450       4.2082774          0.12176515          9094
      0.112     0.550       1185.9623           7.5942015         99496
      0.141     0.550       1059.0422           6.9187999        102163
      0.178     0.550       911.59536           6.1551777        103099
      0.224     0.550       784.97456           5.4410123        102664
      0.282     0.550       661.21852           4.8112927         99175
      0.355     0.550       529.88009           4.0363225         93762
      0.447     0.550       410.68496           3.3243634         86903
      0.562     0.550       320.28179           2.8135027         79420
      0.708     0.550       242.44037           2.2963347         70502
      0.891     0.550       177.51882           1.8116174         63026
      1.122     0.550       130.40726           1.4682695         54267
      1.413     0.550       91.713866           1.1392509         46460
      1.778     0.550       65.182218          0.88844274         39543
      2.239     0.550       45.035550          0.67369137         33186
      2.818     0.550       30.781572          0.51665687         27389
      3.548     0.550       20.467778          0.37252346         22550
      4.467     0.550       13.841129          0.29075035         18161
      5.623     0.550       8.9954759          0.19629821         14506
      7.079     0.550       5.9430146          0.14781915         11460
      8.913     0.550       4.1086153          0.11858575          9213
      0.112     0.650       1151.7085           7.0920625        106458
      0.141     0.650       1021.8987           6.4475129        108221
      0.178     0.650       886.44241           5.7852652        108682
      0.224     0.650       775.16653           5.1904575        106758
      0.282     0.650       640.50637           4.5295155        102668
      0.355     0.650       519.88040           3.8993393         96796
      0.447     0.650       405.61362           3.2427247         88877
      0.562     0.650       308.48651           2.6543883         79837
      0.708     0.650       235.44435           2.2182697         71467
      0.891     0.650       171.29470           1.7597820         62890
      1.122     0.650       124.35230           1.4045399         54252
      1.413     0.650       89.200526           1.1187477         46047
      1.778     0.650       61.332451          0.85757117         38831
      2.239     0.650       42.167311          0.64166883         32266
      2.818     0.650       28.760393          0.48367352         26526
      3.548     0.650       19.487622          0.36410846         21742
      4.467     0.650       13.332839          0.27430058         17689
      5.623     0.650       8.7535575          0.20332114         14033
      7.079     0.650       5.5892391          0.13664167         11164
      8.913     0.650       3.7801216          0.10355652          8852
      0.112     0.750       1124.7662           6.7413895        110718
      0.141     0.750       998.04155           6.1250026        112161
      0.178     0.750       877.25740           5.5493633        112256
      0.224     0.750       746.64064           4.9380278        110559
      0.282     0.750       622.27567           4.3084221        104591
      0.355     0.750       507.91599           3.7414468         98466
      0.447     0.750       400.19774           3.1598644         89926
      0.562     0.750       304.87352           2.6098196         80439
      0.708     0.750       226.77519           2.1144873         71252
      0.891     0.750       169.77011           1.7576459         62133
      1.122     0.750       121.66567           1.3896577         53562
      1.413     0.750       85.579941           1.0830702         45647
      1.778     0.750       59.987994          0.83115601         38375
      2.239     0.750       40.991870          0.63827608         31434
      2.818     0.750       27.898119          0.47742089         26080
      3.548     0.750       18.630096          0.36081824         20953
      4.467     0.750       12.312965          0.26224538         16822
      5.623     0.750       8.7823774          0.21204559         13644
      7.079     0.750       5.6107062          0.14569554         10897
      8.913     0.750       3.4924900          0.99846439E-01      8405
      0.112     0.850       1103.9035           6.4340653        114838
      0.141     0.850       977.34396           5.8879849        115810
      0.178     0.850       865.99859           5.3897752        115634
      0.224     0.850       752.07689           4.8665163        113014
      0.282     0.850       623.95339           4.2865321        106928
      0.355     0.850       501.37350           3.6684932         99615
      0.447     0.850       394.70641           3.0972346         91384
      0.562     0.850       300.99387           2.5670413         81476
      0.708     0.850       222.47484           2.0988680         71474
      0.891     0.850       167.11699           1.7363372         62925
      1.122     0.850       117.74512           1.3654832         53474
      1.413     0.850       84.484187           1.0884015         45292
      1.778     0.850       58.467091          0.82448960         38446
      2.239     0.850       39.402754          0.63247487         31629
      2.818     0.850       26.256649          0.45733304         25873
      3.548     0.850       17.736793          0.34417168         20889
      4.467     0.850       12.196529          0.26932200         16998
      5.623     0.850       8.1198479          0.19494691         13290
      7.079     0.850       5.1823151          0.13941473         10676
      8.913     0.850       3.5107324          0.10694528          8041
      0.112     0.950       1096.1470           6.2637638        118030
      0.141     0.950       969.82989           5.7331352        119062
      0.178     0.950       854.97293           5.2551838        118266
      0.224     0.950       747.60581           4.7608143        114538
      0.282     0.950       615.54965           4.1768949        108360
      0.355     0.950       493.14462           3.5917909        100229
      0.447     0.950       383.99657           3.0240626         90550
      0.562     0.950       289.06467           2.4909675         81304
      0.708     0.950       221.49550           2.1003433         71558
      0.891     0.950       161.67242           1.6981565         62170
      1.122     0.950       115.78945           1.3464005         53175
      1.413     0.950       81.052226           1.0612392         44754
      1.778     0.950       56.164373          0.80766372         37411
      2.239     0.950       38.256557          0.60480597         31244
      2.818     0.950       26.499948          0.47121971         25535
      3.548     0.950       17.616505          0.34416667         20881
      4.467     0.950       12.068349          0.26143953         16853
      5.623     0.950       7.9018731          0.19637795         13242
      7.079     0.950       5.4523894          0.14790383         10554
      8.913     0.950       3.1697324          0.95239426E-01      7962
