 # tables0/fmax10_0401z.sno_nbe   
      0.112    -0.950       337.00883           3.0980727         51815
      0.141    -0.950       312.04758           2.9259493         51745
      0.178    -0.950       282.36696           2.7189043         51137
      0.224    -0.950       238.05248           2.3926322         48220
      0.282    -0.950       206.39660           2.1796384         44717
      0.355    -0.950       169.73980           1.9188233         40690
      0.447    -0.950       135.25637           1.6757497         35407
      0.562    -0.950       99.947369           1.3537877         30105
      0.708    -0.950       76.780219           1.1599593         25278
      0.891    -0.950       53.211320          0.92517176         20807
      1.122    -0.950       36.737395          0.71442084         16597
      1.413    -0.950       24.381797          0.54933726         13227
      1.778    -0.950       16.666058          0.43130440         10337
      2.239    -0.950       10.511085          0.31649963          7924
      2.818    -0.950       6.5180101          0.22899057          5838
      3.548    -0.950       4.5054446          0.19197216          4391
      4.467    -0.950       2.4819916          0.12046537          3255
      5.623    -0.950       1.4407001          0.79131329E-01      2342
      7.079    -0.950      0.90671518          0.55108011E-01      1645
      8.913    -0.950      0.50620613          0.37151981E-01      1185
      0.112    -0.850       246.33399           2.5163104         47801
      0.141    -0.850       236.97256           2.3996538         49090
      0.178    -0.850       215.53399           2.2152878         48582
      0.224    -0.850       198.49295           2.0638964         47402
      0.282    -0.850       169.89649           1.8593456         44156
      0.355    -0.850       145.75525           1.6681583         40544
      0.447    -0.850       115.67479           1.4290903         35853
      0.562    -0.850       91.222453           1.2267502         31291
      0.708    -0.850       70.245924           1.0483392         26703
      0.891    -0.850       51.926747          0.85851301         21982
      1.122    -0.850       36.890988          0.68059148         17931
      1.413    -0.850       24.827572          0.52540221         14283
      1.778    -0.850       16.656269          0.39851014         11183
      2.239    -0.850       11.290603          0.31880318          8590
      2.818    -0.850       6.9774272          0.22700570          6570
      3.548    -0.850       4.3470779          0.16045385          4854
      4.467    -0.850       2.7520884          0.12186626          3502
      5.623    -0.850       1.6680257          0.91124518E-01      2620
      7.079    -0.850      0.96993116          0.58152938E-01      1782
      8.913    -0.850      0.61334285          0.49905969E-01      1277
      0.112    -0.750       192.98246           1.9179983         45115
      0.141    -0.750       191.94547           1.9016736         46578
      0.178    -0.750       182.31909           1.8050082         47126
      0.224    -0.750       173.56758           1.7488100         46451
      0.282    -0.750       152.83314           1.6003612         43879
      0.355    -0.750       134.29114           1.4755702         40617
      0.447    -0.750       111.05314           1.2974370         36825
      0.562    -0.750       89.864101           1.1432422         32214
      0.708    -0.750       71.661455           1.0039341         27633
      0.891    -0.750       52.514489          0.82191685         22860
      1.122    -0.750       39.064641          0.70096591         19140
      1.413    -0.750       26.329717          0.52646919         15404
      1.778    -0.750       18.898155          0.43163184         12271
      2.239    -0.750       12.664041          0.33601046          9440
      2.818    -0.750       7.8342014          0.23561078          7080
      3.548    -0.750       4.7528741          0.16912518          5384
      4.467    -0.750       2.8665870          0.12166813          3864
      5.623    -0.750       1.7948394          0.87341241E-01      3032
      7.079    -0.750       1.0941334          0.55539601E-01      2088
      8.913    -0.750      0.60744405          0.36800852E-01      1463
      0.112    -0.650       199.95866           2.1084503         43220
      0.141    -0.650       196.75528           2.0162063         45318
      0.178    -0.650       187.70691           1.9261319         46054
      0.224    -0.650       175.60809           1.8431659         45569
      0.282    -0.650       158.18160           1.6996160         43696
      0.355    -0.650       135.37203           1.5138012         41373
      0.447    -0.650       113.72212           1.3602613         37474
      0.562    -0.650       94.477950           1.1866435         33417
      0.708    -0.650       72.133372          0.99228537         28857
      0.891    -0.650       56.049795          0.84874488         24762
      1.122    -0.650       42.496519          0.71389406         20338
      1.413    -0.650       29.571940          0.57386587         16460
      1.778    -0.650       20.055669          0.44056681         13124
      2.239    -0.650       13.732620          0.33984099         10398
      2.818    -0.650       8.7377459          0.26344288          7877
      3.548    -0.650       5.8910944          0.19303544          6014
      4.467    -0.650       3.4807454          0.14651414          4362
      5.623    -0.650       2.0935616          0.95266256E-01      3331
      7.079    -0.650       1.1888802          0.64358440E-01      2323
      8.913    -0.650      0.74385353          0.45480419E-01      1663
      0.112    -0.550       243.96164           2.7635064         41096
      0.141    -0.550       232.12283           2.5950271         43475
      0.178    -0.550       213.47662           2.3812516         44283
      0.224    -0.550       196.01103           2.1823586         44300
      0.282    -0.550       171.43358           1.9446512         42732
      0.355    -0.550       148.43994           1.7441507         40756
      0.447    -0.550       123.86553           1.5276382         37321
      0.562    -0.550       102.77703           1.3331510         33991
      0.708    -0.550       78.517556           1.0860545         29726
      0.891    -0.550       60.796859          0.93149961         25749
      1.122    -0.550       42.090296          0.71675055         21308
      1.413    -0.550       31.286191          0.59278018         17549
      1.778    -0.550       21.620224          0.47124383         14063
      2.239    -0.550       15.162452          0.36734293         11354
      2.818    -0.550       9.6293615          0.27574398          8723
      3.548    -0.550       6.2599314          0.19997394          6592
      4.467    -0.550       3.9459405          0.14202660          5003
      5.623    -0.550       2.3387773          0.10047393          3701
      7.079    -0.550       1.6188063          0.81328968E-01      2683
      8.913    -0.550      0.92752871          0.53418698E-01      1938
      0.112    -0.450       288.19792           3.3438885         39025
      0.141    -0.450       274.31698           3.1442952         41249
      0.178    -0.450       256.34420           2.9352447         42201
      0.224    -0.450       225.95458           2.6290800         42548
      0.282    -0.450       191.71676           2.2658195         41420
      0.355    -0.450       165.43370           2.0357954         39877
      0.447    -0.450       133.37287           1.6915733         37008
      0.562    -0.450       115.86312           1.5424639         34574
      0.708    -0.450       84.126949           1.1753144         30410
      0.891    -0.450       64.821390          0.99750151         26124
      1.122    -0.450       49.154930          0.82441586         22503
      1.413    -0.450       35.379696          0.64626572         19044
      1.778    -0.450       24.463313          0.50662524         15399
      2.239    -0.450       16.196579          0.39168481         12208
      2.818    -0.450       11.364202          0.29522599          9722
      3.548    -0.450       6.7590590          0.20725357          7331
      4.467    -0.450       4.6032500          0.15880916          5620
      5.623    -0.450       2.6514626          0.10534268          4123
      7.079    -0.450       1.5386462          0.66065462E-01      3014
      8.913    -0.450      0.92359430          0.46284933E-01      2105
      0.112    -0.350       354.48465           4.2732388         35720
      0.141    -0.350       329.57027           3.9277320         37822
      0.178    -0.350       306.42965           3.6095574         39200
      0.224    -0.350       273.55078           3.2899969         39753
      0.282    -0.350       231.81591           2.8684238         39302
      0.355    -0.350       196.13676           2.4845923         37983
      0.447    -0.350       159.18426           2.1405452         35789
      0.562    -0.350       125.41742           1.7309767         33065
      0.708    -0.350       99.415620           1.4402998         29966
      0.891    -0.350       74.724290           1.1746326         26284
      1.122    -0.350       55.756063          0.94259337         22999
      1.413    -0.350       40.541457          0.73647997         19583
      1.778    -0.350       27.997606          0.56199585         16230
      2.239    -0.350       19.342571          0.43471357         13079
      2.818    -0.350       13.074833          0.33969887         10526
      3.548    -0.350       8.2198170          0.23545845          8205
      4.467    -0.350       5.4926734          0.17734837          6318
      5.623    -0.350       3.3888632          0.13143934          4722
      7.079    -0.350       2.2171252          0.99894259E-01      3525
      8.913    -0.350       1.2892191          0.66923317E-01      2554
      0.112    -0.250       492.36979           5.9946773         32632
      0.141    -0.250       459.52656           5.6146827         34063
      0.178    -0.250       405.75001           4.9810199         34812
      0.224    -0.250       354.99714           4.5040094         35195
      0.282    -0.250       296.55281           3.8995189         34553
      0.355    -0.250       246.79112           3.3034708         33642
      0.447    -0.250       194.81778           2.7533442         32262
      0.562    -0.250       155.08087           2.3740645         29920
      0.708    -0.250       116.41932           1.8175408         27824
      0.891    -0.250       88.090415           1.4661975         24761
      1.122    -0.250       64.830872           1.1793436         22045
      1.413    -0.250       47.200286          0.90568722         19340
      1.778    -0.250       32.328084          0.67207025         16502
      2.239    -0.250       22.505547          0.52107499         13588
      2.818    -0.250       14.341633          0.34909370         11020
      3.548    -0.250       9.8534780          0.27716799          8934
      4.467    -0.250       6.0721152          0.19543988          6928
      5.623    -0.250       3.9270435          0.13424950          5401
      7.079    -0.250       2.6190238          0.10727076          4090
      8.913    -0.250       1.4717407          0.66402067E-01      2958
      0.112    -0.150       790.69170           10.539367         26581
      0.141    -0.150       680.68067           9.2668553         27433
      0.178    -0.150       603.12796           8.5566873         27766
      0.224    -0.150       490.59655           7.1771249         27139
      0.282    -0.150       398.20456           6.0477894         27020
      0.355    -0.150       315.83367           5.0423679         25717
      0.447    -0.150       251.83253           4.1634219         25004
      0.562    -0.150       188.73140           3.3015320         23150
      0.708    -0.150       134.06913           2.4794195         21258
      0.891    -0.150       99.853545           1.9566931         19511
      1.122    -0.150       70.868177           1.4395959         17366
      1.413    -0.150       53.689610           1.1955311         15622
      1.778    -0.150       34.340195          0.81635431         13404
      2.239    -0.150       25.248094          0.62658561         11623
      2.818    -0.150       17.128746          0.49117308          9759
      3.548    -0.150       11.745085          0.36483964          8112
      4.467    -0.150       7.7421167          0.25615104          6560
      5.623    -0.150       5.0882191          0.18979947          5248
      7.079    -0.150       3.1549441          0.12283347          3983
      8.913    -0.150       2.0909646          0.90207930E-01      3166
      0.112    -0.050       1275.9890           31.787245         12883
      0.141    -0.050       1042.7404           26.793996         12934
      0.178    -0.050       881.62866           22.726419         12604
      0.224    -0.050       717.95658           20.393666         12218
      0.282    -0.050       602.25128           18.962430         11785
      0.355    -0.050       425.01068           14.322135         11229
      0.447    -0.050       328.28078           11.249889         10593
      0.562    -0.050       232.83300           8.4372366          9737
      0.708    -0.050       173.10183           5.9569800          9012
      0.891    -0.050       116.32149           4.4014118          8430
      1.122    -0.050       79.976239           3.1971199          7332
      1.413    -0.050       57.403667           2.7517272          6562
      1.778    -0.050       40.896170           1.9035759          5855
      2.239    -0.050       27.355101           1.2375302          5140
      2.818    -0.050       18.274601          0.89008151          4416
      3.548    -0.050       12.731595          0.70374948          3700
      4.467    -0.050       8.9060282          0.54321641          3084
      5.623    -0.050       5.8327627          0.31800990          2578
      7.079    -0.050       3.9358065          0.22791914          2018
      8.913    -0.050       2.2724229          0.15629676          1617
      0.112     0.050       1280.5044           31.898624         12686
      0.141     0.050       1052.3824           27.096473         12737
      0.178     0.050       854.17658           22.180578         12543
      0.224     0.050       695.77057           20.350503         12100
      0.282     0.050       592.86555           18.446040         11915
      0.355     0.050       447.13337           14.312952         11204
      0.447     0.050       326.35561           10.915247         10521
      0.562     0.050       224.32613           7.8268863          9675
      0.708     0.050       168.04743           6.3575578          8814
      0.891     0.050       109.82441           4.0967488          8306
      1.122     0.050       84.695260           3.7740070          7323
      1.413     0.050       56.008542           2.7221581          6557
      1.778     0.050       39.175125           1.9524171          5891
      2.239     0.050       27.828149           1.2951367          5078
      2.818     0.050       19.787771           1.0370879          4450
      3.548     0.050       11.827904          0.63375516          3693
      4.467     0.050       8.4176212          0.51191967          3106
      5.623     0.050       5.6492262          0.34076687          2624
      7.079     0.050       3.4710509          0.21658622          2085
      8.913     0.050       2.1653512          0.14546104          1633
      0.112     0.150       840.02337           11.190116         26769
      0.141     0.150       731.53166           9.8560621         27381
      0.178     0.150       618.64434           8.7844887         27358
      0.224     0.150       520.29194           7.5462258         27355
      0.282     0.150       412.03236           6.3389673         26402
      0.355     0.150       325.08545           5.2759053         25954
      0.447     0.150       241.49781           4.0989899         24543
      0.562     0.150       189.69671           3.4426627         22837
      0.708     0.150       136.56253           2.5759310         21224
      0.891     0.150       100.09040           2.0118767         19555
      1.122     0.150       72.680254           1.5007537         17452
      1.413     0.150       50.150952           1.0917059         15498
      1.778     0.150       35.354003          0.83645601         13437
      2.239     0.150       24.913440          0.63720344         11531
      2.818     0.150       16.653942          0.45906185          9560
      3.548     0.150       11.496251          0.33964108          7913
      4.467     0.150       7.3288778          0.23119760          6541
      5.623     0.150       5.1688448          0.19306848          5177
      7.079     0.150       3.0505813          0.11812814          3945
      8.913     0.150       1.8623701          0.81470250E-01      2995
      0.112     0.250       655.58607           7.5664325         34511
      0.141     0.250       581.65772           6.9302279         35335
      0.178     0.250       503.66070           6.1200651         35691
      0.224     0.250       415.54534           5.1846068         35814
      0.282     0.250       344.27036           4.4669413         35165
      0.355     0.250       270.37331           3.7242118         33657
      0.447     0.250       215.23427           3.0867356         32226
      0.562     0.250       161.83396           2.4415465         29800
      0.708     0.250       123.10591           1.9441705         27541
      0.891     0.250       90.445146           1.5259930         25003
      1.122     0.250       62.318728           1.1160039         21824
      1.413     0.250       45.778436          0.89771563         18855
      1.778     0.250       32.644639          0.70039893         15998
      2.239     0.250       22.360295          0.52210641         13299
      2.818     0.250       14.846370          0.38202625         10893
      3.548     0.250       10.013675          0.30142551          8797
      4.467     0.250       6.2178412          0.19209417          6843
      5.623     0.250       3.6328325          0.13727901          5139
      7.079     0.250       2.5304623          0.95639896E-01      4005
      8.913     0.250       1.6005922          0.71816102E-01      2938
      0.112     0.350       587.09486           6.2180984         40380
      0.141     0.350       525.33530           5.6565993         41752
      0.178     0.350       457.65773           5.0708892         42450
      0.224     0.350       380.68341           4.3202223         42290
      0.282     0.350       317.16354           3.7549718         40903
      0.355     0.350       254.24347           3.1347718         39309
      0.447     0.350       193.88402           2.4952454         36802
      0.562     0.350       153.51268           2.0934463         33703
      0.708     0.350       116.03107           1.7214194         30366
      0.891     0.350       86.320275           1.3763174         26618
      1.122     0.350       58.973215           1.0162850         22970
      1.413     0.350       44.066376          0.82823365         19671
      1.778     0.350       29.057737          0.62966282         15953
      2.239     0.350       19.859935          0.46896636         12955
      2.818     0.350       12.677776          0.32761400         10326
      3.548     0.350       8.4140194          0.24703921          8157
      4.467     0.350       5.4273771          0.18348943          6215
      5.623     0.350       3.6168706          0.13636646          4888
      7.079     0.350       1.9890735          0.84994181E-01      3579
      8.913     0.350       1.2835814          0.62108694E-01      2535
      0.112     0.450       533.31702           5.3088437         44965
      0.141     0.450       476.98013           4.8045261         46366
      0.178     0.450       427.47676           4.4196391         46708
      0.224     0.450       360.93066           3.8250581         45999
      0.282     0.450       290.88311           3.2474710         44603
      0.355     0.450       241.68423           2.8061115         42527
      0.447     0.450       186.64143           2.3087183         38582
      0.562     0.450       146.02851           1.9190468         35251
      0.708     0.450       107.53022           1.5245797         31026
      0.891     0.450       80.444687           1.2493913         27180
      1.122     0.450       56.186008          0.95537418         22881
      1.413     0.450       39.517610          0.76860347         18821
      1.778     0.450       26.299419          0.56096966         15225
      2.239     0.450       17.245154          0.42994069         12156
      2.818     0.450       11.484930          0.31310351          9434
      3.548     0.450       7.4671723          0.23647665          7370
      4.467     0.450       4.5787884          0.15576382          5697
      5.623     0.450       3.0470389          0.12960129          4166
      7.079     0.450       1.7874698          0.80573212E-01      3070
      8.913     0.450      0.94726802          0.51524464E-01      2159
      0.112     0.550       496.74905           4.7025425         48663
      0.141     0.550       461.31725           4.4071305         49967
      0.178     0.550       403.67389           3.9549279         50137
      0.224     0.550       350.89101           3.5410519         49124
      0.282     0.550       286.26396           3.0644105         46850
      0.355     0.550       232.73516           2.6268895         43423
      0.447     0.550       182.10020           2.1999538         39987
      0.562     0.550       138.62187           1.8128275         35515
      0.708     0.550       103.95058           1.4818349         30703
      0.891     0.550       74.430050           1.1752732         26274
      1.122     0.550       52.316700          0.90899256         22136
      1.413     0.550       35.548772          0.70295132         18040
      1.778     0.550       24.288268          0.54594192         14488
      2.239     0.550       16.352942          0.42411651         11310
      2.818     0.550       10.673045          0.31420016          9052
      3.548     0.550       6.3968923          0.20833290          6599
      4.467     0.550       4.3559646          0.16353076          5071
      5.623     0.550       2.3722903          0.97035111E-01      3698
      7.079     0.550       1.4351074          0.74911724E-01      2702
      8.913     0.550      0.83831058          0.47199715E-01      1904
      0.112     0.650       495.58608           4.5004203         51453
      0.141     0.650       442.01938           4.1064854         52339
      0.178     0.650       390.07285           3.6853486         52556
      0.224     0.650       328.68117           3.2578829         50624
      0.282     0.650       272.48181           2.8486310         47528
      0.355     0.650       225.58588           2.4865895         44020
      0.447     0.650       176.74540           2.1147304         39330
      0.562     0.650       133.83590           1.7327341         34343
      0.708     0.650       98.045189           1.4085736         29781
      0.891     0.650       70.999221           1.1210924         25099
      1.122     0.650       50.889379          0.89403467         21005
      1.413     0.650       33.201615          0.66242231         16463
      1.778     0.650       21.644787          0.50335339         13197
      2.239     0.650       13.816170          0.35398407         10254
      2.818     0.650       8.9387354          0.26585657          8025
      3.548     0.650       6.0039442          0.21441130          5917
      4.467     0.650       3.3781080          0.13967052          4242
      5.623     0.650       1.9627455          0.91710926E-01      3185
      7.079     0.650       1.2991747          0.71208879E-01      2281
      8.913     0.650      0.65899522          0.39981157E-01      1623
      0.112     0.750       465.58356           4.1518618         53056
      0.141     0.750       433.66544           3.9230184         53856
      0.178     0.750       376.19722           3.5067509         53251
      0.224     0.750       321.47897           3.1163590         51103
      0.282     0.750       267.34110           2.7485530         47551
      0.355     0.750       217.98160           2.4114082         43443
      0.447     0.750       166.75143           1.9894848         38449
      0.562     0.750       124.02760           1.6376344         33185
      0.708     0.750       92.508364           1.3555610         28080
      0.891     0.750       66.483338           1.0766618         23866
      1.122     0.750       45.670541          0.84268938         19282
      1.413     0.750       31.362365          0.66123950         15548
      1.778     0.750       19.651277          0.47800477         12025
      2.239     0.750       12.938006          0.34992888          9298
      2.818     0.750       7.5192588          0.23550508          6982
      3.548     0.750       4.9081117          0.17947198          5335
      4.467     0.750       3.2933819          0.14061477          3927
      5.623     0.750       1.8445637          0.89482128E-01      2813
      7.079     0.750       1.1594638          0.68659436E-01      2032
      8.913     0.750      0.62912788          0.39482747E-01      1406
      0.112     0.850       466.07719           4.0071534         55027
      0.141     0.850       421.50229           3.7421033         55048
      0.178     0.850       365.46921           3.3643756         53601
      0.224     0.850       311.70157           2.9947679         50825
      0.282     0.850       264.61148           2.6954871         47317
      0.355     0.850       207.20361           2.2792651         42677
      0.447     0.850       161.93414           1.9352595         37443
      0.562     0.850       119.88734           1.6110135         32241
      0.708     0.850       85.903419           1.2991778         27127
      0.891     0.850       60.796924           1.0288605         22099
      1.122     0.850       43.117524          0.83727341         18053
      1.413     0.850       28.521079          0.62830334         14478
      1.778     0.850       18.052180          0.45166826         11338
      2.239     0.850       11.895591          0.34475513          8497
      2.818     0.850       7.7655419          0.26835973          6614
      3.548     0.850       4.4352354          0.17668627          4790
      4.467     0.850       3.0300708          0.13791510          3564
      5.623     0.850       1.6690771          0.84928169E-01      2548
      7.079     0.850       1.0205874          0.65505070E-01      1847
      8.913     0.850      0.55121420          0.40835953E-01      1247
      0.112     0.950       451.58880           3.8449245         54978
      0.141     0.950       417.07004           3.6331738         55423
      0.178     0.950       361.47626           3.2895087         53243
      0.224     0.950       310.15581           2.9576356         50750
      0.282     0.950       255.46107           2.5987392         46358
      0.355     0.950       202.95838           2.2571232         41477
      0.447     0.950       161.50109           1.9502840         36626
      0.562     0.950       114.99367           1.5782727         30445
      0.708     0.950       82.678575           1.2655761         25909
      0.891     0.950       57.699134          0.99478341         21288
      1.122     0.950       39.367008          0.78075822         16839
      1.413     0.950       25.935321          0.59565453         13373
      1.778     0.950       16.735038          0.42922691         10415
      2.239     0.950       11.008789          0.33822188          7964
      2.818     0.950       6.6435532          0.23403535          5868
      3.548     0.950       4.0222440          0.17225315          4328
      4.467     0.950       2.5821115          0.12552309          3278
      5.623     0.950       1.5000478          0.85642594E-01      2294
      7.079     0.950      0.81123021          0.48285529E-01      1700
      8.913     0.950      0.53020022          0.34619525E-01      1253
