 # tables0/fmax10_0401z.sou_num   
      0.112    -0.950       789.69084           4.9332571        109163
      0.141    -0.950       725.25637           4.6042575        111597
      0.178    -0.950       657.78642           4.2725042        111764
      0.224    -0.950       581.17590           3.8949160        110096
      0.282    -0.950       496.63641           3.4861613        104437
      0.355    -0.950       409.38989           3.0426374         97812
      0.447    -0.950       332.96091           2.6507604         88927
      0.562    -0.950       257.79501           2.2333313         79973
      0.708    -0.950       201.76569           1.8947101         70798
      0.891    -0.950       147.75713           1.5473858         61671
      1.122    -0.950       107.62130           1.2380806         53286
      1.413    -0.950       76.738257          0.98504980         44973
      1.778    -0.950       54.764747          0.77250654         37756
      2.239    -0.950       37.325902          0.59284120         30844
      2.818    -0.950       25.674098          0.46074996         25261
      3.548    -0.950       17.835598          0.34295557         20786
      4.467    -0.950       11.541641          0.25143778         16556
      5.623    -0.950       7.7054105          0.18385395         13189
      7.079    -0.950       5.1368683          0.13438275         10451
      8.913    -0.950       3.5396212          0.10282360          8073
      0.112    -0.850       557.03093           3.8703904         98716
      0.141    -0.850       532.81864           3.6866728        102452
      0.178    -0.850       491.83041           3.4328607        104169
      0.224    -0.850       451.23258           3.2153293        103850
      0.282    -0.850       397.81027           2.9137972         99731
      0.355    -0.850       337.70842           2.5838153         94700
      0.447    -0.850       276.06626           2.2388320         86910
      0.562    -0.850       223.92586           1.9512348         78359
      0.708    -0.850       177.35529           1.6693935         69646
      0.891    -0.850       136.82471           1.3974971         62100
      1.122    -0.850       100.60537           1.1337292         52667
      1.413    -0.850       74.805695          0.91859202         45069
      1.778    -0.850       52.927071          0.72900720         37922
      2.239    -0.850       37.775056          0.57995499         31792
      2.818    -0.850       25.920546          0.44287318         25879
      3.548    -0.850       17.695155          0.33577411         20902
      4.467    -0.850       11.983475          0.25500119         16972
      5.623    -0.850       8.0931078          0.19434908         13446
      7.079    -0.850       5.2279224          0.13638808         10824
      8.913    -0.850       3.4208034          0.99335912E-01      8279
      0.112    -0.750       407.37399           2.7925316         90951
      0.141    -0.750       410.77069           2.7804070         95932
      0.178    -0.750       392.66506           2.6809304         98378
      0.224    -0.750       375.81362           2.6022363         98570
      0.282    -0.750       339.92554           2.4107200         96406
      0.355    -0.750       304.52238           2.2548851         91899
      0.447    -0.750       260.89807           2.0273904         85874
      0.562    -0.750       215.54000           1.7997843         78121
      0.708    -0.750       174.17220           1.5794772         69766
      0.891    -0.750       138.06647           1.3654961         61440
      1.122    -0.750       101.69624           1.1008496         53237
      1.413    -0.750       75.131054          0.90490281         45409
      1.778    -0.750       54.844487          0.74430632         38456
      2.239    -0.750       38.737709          0.58066087         32160
      2.818    -0.750       27.115695          0.45939910         26381
      3.548    -0.750       17.864350          0.33282091         21560
      4.467    -0.750       12.518791          0.26464585         17044
      5.623    -0.750       8.5551877          0.19525703         13953
      7.079    -0.750       5.5511442          0.14396047         10948
      8.913    -0.750       3.8173540          0.11239382          8531
      0.112    -0.650       415.73561           3.0324643         85972
      0.141    -0.650       409.67490           2.9638459         90897
      0.178    -0.650       393.00227           2.8100673         94203
      0.224    -0.650       377.85849           2.7030583         95616
      0.282    -0.650       337.55773           2.4803675         93471
      0.355    -0.650       302.02332           2.2768317         90008
      0.447    -0.650       256.00519           2.0295122         83903
      0.562    -0.650       215.97312           1.8217643         77382
      0.708    -0.650       173.64786           1.5870939         68842
      0.891    -0.650       135.65702           1.3317575         61529
      1.122    -0.650       103.60652           1.1146987         53326
      1.413    -0.650       77.399921          0.92581436         45665
      1.778    -0.650       56.570446          0.74525227         38869
      2.239    -0.650       39.116694          0.56978646         32181
      2.818    -0.650       28.882181          0.48172015         26766
      3.548    -0.650       18.999510          0.34459459         21908
      4.467    -0.650       13.118474          0.26834159         17838
      5.623    -0.650       8.5622178          0.19796935         14122
      7.079    -0.650       5.9250521          0.15186013         10959
      8.913    -0.650       3.6727694          0.10110325          8781
      0.112    -0.550       528.05067           4.1823462         82237
      0.141    -0.550       495.37588           3.8831341         86667
      0.178    -0.550       471.22250           3.6164200         90285
      0.224    -0.550       425.31010           3.3111958         91432
      0.282    -0.550       380.02007           3.0086185         90159
      0.355    -0.550       330.22457           2.6712154         86401
      0.447    -0.550       277.03612           2.3062257         82003
      0.562    -0.550       226.72638           1.9663745         75456
      0.708    -0.550       183.24194           1.6967785         68553
      0.891    -0.550       143.91729           1.4434601         60855
      1.122    -0.550       109.79982           1.1933226         53215
      1.413    -0.550       81.966237          0.97548562         46028
      1.778    -0.550       57.745186          0.76205329         38780
      2.239    -0.550       41.032259          0.60873237         32529
      2.818    -0.550       28.486677          0.46460666         27114
      3.548    -0.550       20.263638          0.37450941         21907
      4.467    -0.550       13.624528          0.27154933         17938
      5.623    -0.550       9.3662593          0.20606805         14364
      7.079    -0.550       5.9174730          0.14608428         11166
      8.913    -0.550       3.9436707          0.10766865          9052
      0.112    -0.450       647.44064           5.2425119         77879
      0.141    -0.450       607.18573           4.8829424         82773
      0.178    -0.450       549.94174           4.3919206         85276
      0.224    -0.450       499.70689           4.0356675         86526
      0.282    -0.450       434.50547           3.5341044         85721
      0.355    -0.450       369.58561           3.0811957         83818
      0.447    -0.450       307.22336           2.6629463         79034
      0.562    -0.450       253.01246           2.2689347         73662
      0.708    -0.450       201.79219           1.9135474         66888
      0.891    -0.450       151.42720           1.5536449         59564
      1.122    -0.450       114.17642           1.2645406         52476
      1.413    -0.450       84.122878           1.0155218         45614
      1.778    -0.450       62.779358          0.83565077         38959
      2.239    -0.450       43.503740          0.64113275         32938
      2.818    -0.450       30.359434          0.48220385         27440
      3.548    -0.450       21.559537          0.39181212         22518
      4.467    -0.450       14.082731          0.28467846         18373
      5.623    -0.450       9.3864479          0.20150823         14792
      7.079    -0.450       6.1807167          0.15073490         11686
      8.913    -0.450       4.1662028          0.11120384          9214
      0.112    -0.350       843.78860           6.8675128         72710
      0.141    -0.350       749.09530           6.1427559         76641
      0.178    -0.350       677.43598           5.5875772         79012
      0.224    -0.350       605.19305           4.9954358         80964
      0.282    -0.350       521.22835           4.3900632         80368
      0.355    -0.350       436.99705           3.7747932         78191
      0.447    -0.350       360.43730           3.2136834         74508
      0.562    -0.350       288.60124           2.7313554         69192
      0.708    -0.350       221.88624           2.1942953         63661
      0.891    -0.350       170.17249           1.8103979         57111
      1.122    -0.350       126.30591           1.4286484         50821
      1.413    -0.350       93.224390           1.1595258         44263
      1.778    -0.350       66.505966          0.90393386         38226
      2.239    -0.350       46.440906          0.68769693         32046
      2.818    -0.350       32.579641          0.53820773         27326
      3.548    -0.350       22.747501          0.41388848         22656
      4.467    -0.350       15.373534          0.31284605         18566
      5.623    -0.350       10.410854          0.23558240         14955
      7.079    -0.350       6.7808233          0.16192209         11967
      8.913    -0.350       4.7208814          0.13176559          9585
      0.112    -0.250       1171.3542           9.7387529         66115
      0.141    -0.250       1027.3369           8.7098123         68442
      0.178    -0.250       915.05881           7.8186327         71000
      0.224    -0.250       781.47477           6.8161784         71263
      0.282    -0.250       671.29470           6.0213326         70390
      0.355    -0.250       536.09641           5.0002528         68767
      0.447    -0.250       422.15741           4.0483864         65602
      0.562    -0.250       329.39833           3.3670880         61621
      0.708    -0.250       259.77747           2.7647825         56954
      0.891    -0.250       190.99028           2.1401875         51796
      1.122    -0.250       141.72501           1.7259144         46613
      1.413    -0.250       101.47436           1.3505217         40779
      1.778    -0.250       69.900749          0.99449397         35395
      2.239    -0.250       50.902215          0.80153461         30614
      2.818    -0.250       34.702437          0.57673300         26140
      3.548    -0.250       23.867122          0.44508106         21386
      4.467    -0.250       16.356789          0.32175871         17737
      5.623    -0.250       10.736133          0.23839868         14661
      7.079    -0.250       7.2722749          0.18090101         11585
      8.913    -0.250       4.7758972          0.13186758          9308
      0.112    -0.150       1767.7439           16.029526         54610
      0.141    -0.150       1551.0695           14.333548         56164
      0.178    -0.150       1322.9440           12.650351         56371
      0.224    -0.150       1102.9373           11.064794         55968
      0.282    -0.150       890.58880           9.3049399         55002
      0.355    -0.150       701.50953           7.6876485         52753
      0.447    -0.150       521.52396           5.9821348         49986
      0.562    -0.150       399.76534           4.8353970         46501
      0.708    -0.150       290.52690           3.6518003         43449
      0.891    -0.150       214.67949           2.8594634         40011
      1.122    -0.150       152.91601           2.1578436         35945
      1.413    -0.150       108.56044           1.6089073         32248
      1.778    -0.150       77.962093           1.2334730         28456
      2.239    -0.150       53.415802          0.91729315         24663
      2.818    -0.150       39.455580          0.73115002         21214
      3.548    -0.150       25.652440          0.52470819         17832
      4.467    -0.150       17.441371          0.38798675         15103
      5.623    -0.150       11.795262          0.27711664         12492
      7.079    -0.150       8.5964067          0.23620008         10162
      8.913    -0.150       5.1652524          0.14592827          8146
      0.112    -0.050       2859.8678           46.222453         27468
      0.141    -0.050       2428.4971           42.193099         26805
      0.178    -0.050       2003.9950           36.722274         26622
      0.224    -0.050       1633.0650           31.922608         26066
      0.282    -0.050       1225.2341           24.305867         24423
      0.355    -0.050       919.88285           19.361773         23300
      0.447    -0.050       696.70077           16.803106         21694
      0.562    -0.050       464.26950           10.580055         19995
      0.708    -0.050       349.24833           9.1736318         18183
      0.891    -0.050       241.32718           6.0730876         16634
      1.122    -0.050       168.38738           4.4971868         14912
      1.413    -0.050       120.40018           3.7747681         13449
      1.778    -0.050       79.905765           2.3477319         11736
      2.239    -0.050       57.879520           1.9126486         10429
      2.818    -0.050       39.660551           1.6698514          8899
      3.548    -0.050       26.842006          0.97943016          7760
      4.467    -0.050       17.096539          0.62405462          6603
      5.623    -0.050       12.107802          0.54830341          5416
      7.079    -0.050       8.5784995          0.43538138          4608
      8.913    -0.050       6.2791078          0.33333455          3733
      0.112     0.050       2930.4043           47.818269         27390
      0.141     0.050       2489.8473           42.573728         27062
      0.178     0.050       1966.4054           36.663752         26215
      0.224     0.050       1631.1183           32.051330         25778
      0.282     0.050       1256.5473           24.287615         24403
      0.355     0.050       892.74274           18.971583         22984
      0.447     0.050       663.01891           16.003833         21404
      0.562     0.050       477.17773           11.171068         19842
      0.708     0.050       330.50094           8.3442364         18032
      0.891     0.050       241.23478           6.2165334         16312
      1.122     0.050       165.55762           4.6563209         14862
      1.413     0.050       122.43647           3.9032438         13276
      1.778     0.050       77.959490           2.3069347         11576
      2.239     0.050       54.878239           1.8396445         10256
      2.818     0.050       39.533066           1.5905350          8876
      3.548     0.050       26.498624          0.96659131          7651
      4.467     0.050       17.765968          0.99552187          6277
      5.623     0.050       12.951779          0.58715942          5466
      7.079     0.050       8.8638329          0.44941802          4577
      8.913     0.050       5.7694146          0.30903540          3627
      0.112     0.150       1997.2962           17.766508         56277
      0.141     0.150       1663.7451           15.276282         56742
      0.178     0.150       1384.7603           13.263249         57004
      0.224     0.150       1156.1234           11.576295         56400
      0.282     0.150       914.51429           9.6096022         54840
      0.355     0.150       709.17499           7.8064772         52546
      0.447     0.150       530.45098           6.1085653         50140
      0.562     0.150       396.85455           4.8424469         46790
      0.708     0.150       288.84183           3.7073874         43050
      0.891     0.150       207.10428           2.8033650         39642
      1.122     0.150       149.84851           2.1708877         35489
      1.413     0.150       109.97842           1.6954399         31662
      1.778     0.150       76.965564           1.2337960         28150
      2.239     0.150       55.329646          0.99773206         23945
      2.818     0.150       36.626958          0.69317354         20810
      3.548     0.150       25.135235          0.50461594         17645
      4.467     0.150       17.600498          0.38661108         14813
      5.623     0.150       12.050306          0.28760483         12276
      7.079     0.150       8.1623953          0.21390094         10030
      8.913     0.150       5.1348694          0.14092071          7966
      0.112     0.250       1543.5917           12.012163         71093
      0.141     0.250       1313.6257           10.586224         72331
      0.178     0.250       1129.7561           9.3451950         73655
      0.224     0.250       949.39029           8.0953073         73943
      0.282     0.250       771.75360           6.8163185         72871
      0.355     0.250       607.84619           5.6656310         70019
      0.447     0.250       465.53012           4.5069049         66366
      0.562     0.250       355.04847           3.6224342         62079
      0.708     0.250       265.01250           2.8654907         56915
      0.891     0.250       197.56927           2.2693333         51390
      1.122     0.250       141.47531           1.7441739         45402
      1.413     0.250       102.45842           1.3813539         40430
      1.778     0.250       72.102027           1.0223360         35312
      2.239     0.250       50.981358          0.79732737         29804
      2.818     0.250       36.518247          0.61285088         25453
      3.548     0.250       23.834769          0.43203878         21020
      4.467     0.250       15.846087          0.31790002         16932
      5.623     0.250       10.589102          0.23417997         14020
      7.079     0.250       7.3330592          0.18386954         11520
      8.913     0.250       4.7402956          0.12838158          8791
      0.112     0.350       1356.2907           9.6472714         82511
      0.141     0.350       1164.9439           8.5897967         84567
      0.178     0.350       1016.1532           7.6306514         86796
      0.224     0.350       871.74486           6.7484159         86997
      0.282     0.350       715.22274           5.7459388         85052
      0.355     0.350       570.06292           4.7887703         81760
      0.447     0.350       444.22602           3.9520025         77162
      0.562     0.350       342.74961           3.1843787         71358
      0.708     0.350       257.44323           2.5530884         64941
      0.891     0.350       188.31950           2.0341774         57875
      1.122     0.350       138.41624           1.6152317         51446
      1.413     0.350       99.900086           1.2768255         44517
      1.778     0.350       69.052198          0.95538671         38580
      2.239     0.350       47.951802          0.71130971         32566
      2.818     0.350       32.806958          0.54808433         27168
      3.548     0.350       22.395625          0.39966673         22410
      4.467     0.350       14.952725          0.29586899         18316
      5.623     0.350       9.9973973          0.21669529         14794
      7.079     0.350       6.6916423          0.17081971         11870
      8.913     0.350       4.6909979          0.12490033          9582
      0.112     0.450       1265.2085           8.4751925         92118
      0.141     0.450       1085.9877           7.5108232         94569
      0.178     0.450       950.11887           6.7057651         96451
      0.224     0.450       824.64297           5.9638371         96200
      0.282     0.450       668.13807           5.0421336         93418
      0.355     0.450       548.67045           4.3788623         89829
      0.447     0.450       423.51290           3.5418270         83336
      0.562     0.450       325.11405           2.8983416         76131
      0.708     0.450       248.54215           2.3626328         69312
      0.891     0.450       185.28085           1.9079323         61158
      1.122     0.450       132.42634           1.4952188         53655
      1.413     0.450       97.297237           1.2082536         46170
      1.778     0.450       67.166808          0.92260293         39226
      2.239     0.450       45.743147          0.70508046         32891
      2.818     0.450       30.964102          0.50931312         27215
      3.548     0.450       21.011825          0.38388484         22798
      4.467     0.450       14.639037          0.30119489         18095
      5.623     0.450       9.4082449          0.20840090         14854
      7.079     0.450       6.4393198          0.16107273         11683
      8.913     0.450       4.1217574          0.10678408          9307
      0.112     0.550       1188.6903           7.5780629         99950
      0.141     0.550       1051.0667           6.8699931        102430
      0.178     0.550       920.26120           6.1864537        103438
      0.224     0.550       789.88791           5.4872210        102879
      0.282     0.550       658.99363           4.7800325         99317
      0.355     0.550       532.93604           4.0586219         94650
      0.447     0.550       418.97751           3.3873047         86728
      0.562     0.550       321.18125           2.7941827         78906
      0.708     0.550       242.69802           2.2872294         70530
      0.891     0.550       177.80111           1.8238011         62424
      1.122     0.550       130.22476           1.4756189         54100
      1.413     0.550       90.344397           1.1305762         46032
      1.778     0.550       63.422707          0.86236598         39041
      2.239     0.550       42.358137          0.65153130         32517
      2.818     0.550       29.887367          0.49595756         27229
      3.548     0.550       19.890826          0.37391028         22005
      4.467     0.550       14.238589          0.29933217         17865
      5.623     0.550       8.7471701          0.21332947         14185
      7.079     0.550       5.9497211          0.14883456         11444
      8.913     0.550       3.8457905          0.10275622          9030
      0.112     0.650       1171.1710           7.1897562        106301
      0.141     0.650       1001.3034           6.3339844        108265
      0.178     0.650       887.17865           5.7737555        109069
      0.224     0.650       773.60198           5.2096357        107093
      0.282     0.650       635.61335           4.5114848        103132
      0.355     0.650       515.98689           3.8475494         96671
      0.447     0.650       407.42792           3.2391298         89358
      0.562     0.650       315.65522           2.7107908         80347
      0.708     0.650       239.29886           2.2147311         71800
      0.891     0.650       175.90519           1.8053338         62799
      1.122     0.650       123.99782           1.4030447         54594
      1.413     0.650       87.554063           1.0875992         46183
      1.778     0.650       61.577655          0.86741154         38773
      2.239     0.650       42.430023          0.64710786         32428
      2.818     0.650       29.304882          0.49733846         26977
      3.548     0.650       20.552774          0.38756062         22121
      4.467     0.650       12.888750          0.26625970         17597
      5.623     0.650       8.6135353          0.19836165         14260
      7.079     0.650       5.7830114          0.14343262         11165
      8.913     0.650       3.7012665          0.10715295          8709
      0.112     0.750       1126.1006           6.7244088        111753
      0.141     0.750       1000.8364           6.1375875        112525
      0.178     0.750       873.80703           5.5362253        112860
      0.224     0.750       758.57241           5.0122622        110721
      0.282     0.750       632.31907           4.4001935        104889
      0.355     0.750       505.95812           3.7324369         98543
      0.447     0.750       400.06774           3.1593997         90609
      0.562     0.750       305.07162           2.6147927         80675
      0.708     0.750       232.57813           2.1866343         71561
      0.891     0.750       165.51592           1.7214888         62442
      1.122     0.750       121.70473           1.4017504         53492
      1.413     0.750       87.329192           1.1192028         45176
      1.778     0.750       60.942803          0.86134419         38632
      2.239     0.750       40.230535          0.62842331         31849
      2.818     0.750       27.817762          0.48004953         26309
      3.548     0.750       18.320074          0.34848624         21225
      4.467     0.750       12.493196          0.26682803         16943
      5.623     0.750       8.2278918          0.19788867         13595
      7.079     0.750       5.7337064          0.15164308         10860
      8.913     0.750       3.4065890          0.95886197E-01      8381
      0.112     0.850       1108.2564           6.4576198        115028
      0.141     0.850       983.08469           5.9307216        115965
      0.178     0.850       859.88799           5.3575120        115022
      0.224     0.850       739.80642           4.8015036        112368
      0.282     0.850       628.99172           4.2911970        106922
      0.355     0.850       496.28734           3.6240399         99859
      0.447     0.850       393.76126           3.0989320         90676
      0.562     0.850       299.70980           2.5797823         81277
      0.708     0.850       225.68232           2.1183499         71477
      0.891     0.850       160.97549           1.6866980         62600
      1.122     0.850       116.85049           1.3462788         53441
      1.413     0.850       84.067096           1.0730998         45826
      1.778     0.850       58.523726          0.82625827         38456
      2.239     0.850       38.939237          0.62372881         31620
      2.818     0.850       27.027189          0.47538305         26024
      3.548     0.850       18.801406          0.36306942         21445
      4.467     0.850       11.934573          0.25949856         17081
      5.623     0.850       8.2616055          0.20163577         13626
      7.079     0.850       5.5541272          0.14243605         11050
      8.913     0.850       3.4559523          0.99199398E-01      8340
      0.112     0.950       1097.3476           6.2798695        117977
      0.141     0.950       974.26052           5.7831083        118448
      0.178     0.950       846.85270           5.2028610        117183
      0.224     0.950       746.13197           4.7561961        114311
      0.282     0.950       613.37597           4.1805847        107653
      0.355     0.950       491.47774           3.5845546         98970
      0.447     0.950       384.95943           3.0421601         90310
      0.562     0.950       290.32902           2.5035373         80211
      0.708     0.950       216.64701           2.0566794         70846
      0.891     0.950       163.22086           1.6976322         61462
      1.122     0.950       116.91529           1.3601249         52844
      1.413     0.950       81.883143           1.0497021         44282
      1.778     0.950       57.449113          0.82713972         37297
      2.239     0.950       37.535892          0.60029717         30544
      2.818     0.950       25.629394          0.44853392         25564
      3.548     0.950       17.242912          0.33368671         20333
      4.467     0.950       11.660170          0.24819793         16640
      5.623     0.950       7.9928237          0.19471848         13103
      7.079     0.950       5.2042694          0.13927447         10239
      8.913     0.950       3.7076118          0.11003306          8044
