 # fmax10_0311z.kam_nbm   
      0.112    -0.950       595.99287           3.8760064        104401
      0.141    -0.950       566.24369           3.7100869        107991
      0.178    -0.950       518.61849           3.4382977        108757
      0.224    -0.950       480.37854           3.2503546        107402
      0.282    -0.950       419.32248           2.9546847        102783
      0.355    -0.950       362.35880           2.6780589         96259
      0.447    -0.950       293.78976           2.3334187         87960
      0.562    -0.950       230.38419           1.9922842         78930
      0.708    -0.950       180.99618           1.6954484         69985
      0.891    -0.950       134.71109           1.3938567         60926
      1.122    -0.950       99.247155           1.1404384         52157
      1.413    -0.950       72.838788          0.92823687         44574
      1.778    -0.950       49.798551          0.71604449         36859
      2.239    -0.950       33.733592          0.54445376         30719
      2.818    -0.950       22.986355          0.41302193         25043
      3.548    -0.950       14.911987          0.29389548         20140
      4.467    -0.950       9.7810321          0.21037680         16237
      5.623    -0.950       6.4230703          0.15480924         12886
      7.079    -0.950       4.3767755          0.11852631         10014
      8.913    -0.950       2.6845808          0.78205526E-01      7838
      0.112    -0.850       614.90614           4.1453859        101384
      0.141    -0.850       579.03161           3.9219367        104497
      0.178    -0.850       537.33845           3.6535405        106435
      0.224    -0.850       487.72136           3.4140988        105454
      0.282    -0.850       422.73555           3.0383306        101663
      0.355    -0.850       363.60785           2.7410089         95583
      0.447    -0.850       296.94252           2.3847680         87916
      0.562    -0.850       234.23247           2.0203133         79294
      0.708    -0.850       185.22945           1.7325718         70782
      0.891    -0.850       138.07631           1.4300855         61579
      1.122    -0.850       102.77403           1.1726986         52896
      1.413    -0.850       73.907919          0.93050523         44935
      1.778    -0.850       50.964422          0.72855921         37876
      2.239    -0.850       34.613432          0.54054559         31479
      2.818    -0.850       24.019015          0.42210533         25474
      3.548    -0.850       16.315485          0.31562357         20859
      4.467    -0.850       10.329887          0.21364781         16921
      5.623    -0.850       6.5641464          0.15327761         13045
      7.079    -0.850       4.3482916          0.11253696         10163
      8.913    -0.850       2.8682784          0.83025574E-01      7980
      0.112    -0.750       688.88070           4.6859328         98869
      0.141    -0.750       642.17286           4.3660799        103075
      0.178    -0.750       581.42225           4.0164641        104398
      0.224    -0.750       524.29186           3.7144640        103693
      0.282    -0.750       455.26936           3.3334776        100107
      0.355    -0.750       391.07982           2.9774017         94882
      0.447    -0.750       314.93895           2.5596264         87706
      0.562    -0.750       244.53111           2.1379547         78618
      0.708    -0.750       190.49488           1.7964061         70256
      0.891    -0.750       144.32337           1.4944495         61207
      1.122    -0.750       103.95916           1.1831338         52856
      1.413    -0.750       75.472205          0.95440315         45519
      1.778    -0.750       53.956370          0.75700941         38329
      2.239    -0.750       37.901573          0.60153099         31928
      2.818    -0.750       24.858227          0.43127702         26232
      3.548    -0.750       15.933124          0.30083817         20934
      4.467    -0.750       10.267445          0.21090173         16957
      5.623    -0.750       6.7960700          0.16095210         13405
      7.079    -0.750       4.6680794          0.11829807         10665
      8.913    -0.750       2.9620912          0.85079882E-01      8320
      0.112    -0.650       702.53325           4.9596556         93631
      0.141    -0.650       641.47684           4.5500650         97149
      0.178    -0.650       582.05894           4.1788552         99233
      0.224    -0.650       530.82065           3.8507178         99946
      0.282    -0.650       460.63605           3.4684180         96900
      0.355    -0.650       386.01642           3.0268358         92371
      0.447    -0.650       317.82164           2.6358910         85931
      0.562    -0.650       250.06150           2.2207990         77997
      0.708    -0.650       194.25704           1.8476499         69512
      0.891    -0.650       147.36447           1.5476013         61232
      1.122    -0.650       110.79723           1.2460904         53349
      1.413    -0.650       77.838656          0.98054647         45291
      1.778    -0.650       54.945356          0.77248875         37906
      2.239    -0.650       37.873371          0.59266789         31585
      2.818    -0.650       25.658597          0.43952308         26358
      3.548    -0.650       17.861347          0.33960097         21633
      4.467    -0.650       11.365446          0.23433726         17251
      5.623    -0.650       7.2429091          0.16838561         13688
      7.079    -0.650       4.8394101          0.12510330         10701
      8.913    -0.650       3.0918222          0.86193886E-01      8360
      0.112    -0.550       641.03361           4.8555513         85430
      0.141    -0.550       593.67248           4.5071745         89290
      0.178    -0.550       541.33991           4.1100153         92143
      0.224    -0.550       492.03811           3.8027958         92733
      0.282    -0.550       428.99442           3.3596739         91465
      0.355    -0.550       367.22765           3.0007468         87869
      0.447    -0.550       302.49990           2.5677881         82516
      0.562    -0.550       243.03250           2.1968598         75571
      0.708    -0.550       191.25867           1.8386511         68158
      0.891    -0.550       144.39650           1.5027484         60334
      1.122    -0.550       107.86094           1.2235220         52232
      1.413    -0.550       78.367905          0.97577206         45504
      1.778    -0.550       55.369690          0.75712130         38036
      2.239    -0.550       38.347173          0.58079507         31895
      2.818    -0.550       26.652658          0.44561995         26396
      3.548    -0.550       18.166741          0.33418826         21501
      4.467    -0.550       12.113765          0.24821924         17174
      5.623    -0.550       7.6921133          0.16973616         13808
      7.079    -0.550       5.2797155          0.13170613         10928
      8.913    -0.550       3.3407255          0.88013845E-01      8607
      0.112    -0.450       609.72606           5.0844022         77154
      0.141    -0.450       559.04345           4.6711999         80367
      0.178    -0.450       507.69510           4.2458553         83567
      0.224    -0.450       464.68880           3.8562967         85331
      0.282    -0.450       406.91178           3.4353888         84828
      0.355    -0.450       344.48121           2.9951615         82145
      0.447    -0.450       285.28176           2.5569175         78155
      0.562    -0.450       231.39533           2.2005971         72306
      0.708    -0.450       183.94520           1.8006945         65883
      0.891    -0.450       139.60435           1.4702815         58993
      1.122    -0.450       107.43883           1.2269183         51913
      1.413    -0.450       80.350296           1.0014269         45159
      1.778    -0.450       57.011663          0.78587538         37987
      2.239    -0.450       40.600319          0.60352889         32430
      2.818    -0.450       28.704721          0.47113540         26608
      3.548    -0.450       19.242767          0.35270389         21793
      4.467    -0.450       12.998249          0.25833840         17728
      5.623    -0.450       8.1931428          0.18371699         13933
      7.079    -0.450       5.2395502          0.12151429         11117
      8.913    -0.450       3.5142038          0.90743862E-01      8769
      0.112    -0.350       640.12676           5.7953217         68404
      0.141    -0.350       590.42879           5.2978122         71572
      0.178    -0.350       531.33894           4.8215105         74911
      0.224    -0.350       469.65825           4.2582414         76065
      0.282    -0.350       408.37556           3.7624735         75921
      0.355    -0.350       343.12782           3.2464047         74031
      0.447    -0.350       279.16376           2.7027420         71177
      0.562    -0.350       224.57761           2.2297859         66863
      0.708    -0.350       178.25766           1.8527392         61291
      0.891    -0.350       142.03332           1.5626402         55658
      1.122    -0.350       105.62032           1.2298896         49712
      1.413    -0.350       79.045291          0.99210734         43800
      1.778    -0.350       58.180896          0.78429850         37591
      2.239    -0.350       42.555786          0.63154214         31996
      2.818    -0.350       29.299529          0.48424958         26576
      3.548    -0.350       20.662173          0.37127123         21944
      4.467    -0.350       13.739997          0.26971740         18006
      5.623    -0.350       8.7301713          0.18447076         14390
      7.079    -0.350       5.7184613          0.13340965         11491
      8.913    -0.350       3.5995562          0.92117347E-01      9056
      0.112    -0.250       690.95079           6.8343516         57368
      0.141    -0.250       639.59617           6.2619871         60343
      0.178    -0.250       568.08181           5.5795372         62798
      0.224    -0.250       496.37404           4.9830038         63925
      0.282    -0.250       426.95386           4.2957604         64092
      0.355    -0.250       352.28725           3.6800313         62746
      0.447    -0.250       292.74538           3.1485561         61498
      0.562    -0.250       238.66015           2.6205932         58210
      0.708    -0.250       184.30775           2.1250258         53802
      0.891    -0.250       142.14054           1.7399780         49536
      1.122    -0.250       109.01781           1.3648341         44961
      1.413    -0.250       81.809037           1.1130949         39886
      1.778    -0.250       59.830130          0.86711611         34539
      2.239    -0.250       43.118944          0.66519704         29921
      2.818    -0.250       30.631177          0.50954311         25574
      3.548    -0.250       21.452572          0.39231173         21441
      4.467    -0.250       15.079848          0.29765277         17572
      5.623    -0.250       9.8732806          0.21675461         14136
      7.079    -0.250       6.5589348          0.15989061         11324
      8.913    -0.250       4.3304639          0.11051889          9158
      0.112    -0.150       744.66760           8.3026849         42853
      0.141    -0.150       700.19300           7.7977374         45847
      0.178    -0.150       623.99307           7.0827055         47119
      0.224    -0.150       551.08094           6.3067886         47704
      0.282    -0.150       459.34036           5.4559010         47599
      0.355    -0.150       382.30648           4.6464831         47170
      0.447    -0.150       315.71670           4.0133855         45244
      0.562    -0.150       248.78890           3.2626480         43049
      0.708    -0.150       190.05218           2.6141709         40568
      0.891    -0.150       147.99033           2.1044999         37247
      1.122    -0.150       112.76299           1.6843962         34532
      1.413    -0.150       84.475154           1.3239848         30782
      1.778    -0.150       62.979430           1.0830754         27470
      2.239    -0.150       45.356206          0.77773279         24104
      2.818    -0.150       34.048436          0.65013606         20883
      3.548    -0.150       23.163135          0.47132412         17558
      4.467    -0.150       15.564737          0.34735093         14733
      5.623    -0.150       10.803470          0.25362891         12074
      7.079    -0.150       7.1241668          0.18366888          9632
      8.913    -0.150       4.7244120          0.13383108          7824
      0.112    -0.050       981.43909           19.167405         20809
      0.141    -0.050       889.30467           17.665735         21342
      0.178    -0.050       801.98375           16.825429         21602
      0.224    -0.050       677.15842           14.460679         21650
      0.282    -0.050       601.71650           13.030747         21434
      0.355    -0.050       482.88635           10.857847         20258
      0.447    -0.050       370.95508           8.9043982         19402
      0.562    -0.050       288.05350           7.1410583         17871
      0.708    -0.050       220.79777           6.0703611         16705
      0.891    -0.050       170.92257           4.9108056         15507
      1.122    -0.050       131.99743           4.1240210         14086
      1.413    -0.050       92.016356           2.8460667         12593
      1.778    -0.050       66.957334           2.1881279         11349
      2.239    -0.050       51.131992           1.8795972         10061
      2.818    -0.050       33.982280           1.2513397          8742
      3.548    -0.050       25.129483          0.97013485          7430
      4.467    -0.050       16.712600          0.62394909          6498
      5.623    -0.050       11.170639          0.45318287          5379
      7.079    -0.050       7.9916685          0.39103072          4394
      8.913    -0.050       5.3907466          0.24769178          3638
      0.112     0.050       928.71423           18.486431         20848
      0.141     0.050       876.08637           17.854799         21055
      0.178     0.050       780.64075           16.444955         21736
      0.224     0.050       671.95643           13.965780         21596
      0.282     0.050       567.10461           12.254333         21174
      0.355     0.050       463.10410           10.263977         20157
      0.447     0.050       368.48289           8.9787633         19285
      0.562     0.050       289.46483           7.1572311         17879
      0.708     0.050       216.82421           5.5597472         16725
      0.891     0.050       172.38775           4.5918366         15678
      1.122     0.050       131.41637           4.1337501         14156
      1.413     0.050       95.415046           2.9070126         12729
      1.778     0.050       72.269876           2.5329197         11381
      2.239     0.050       52.368032           2.0036511         10098
      2.818     0.050       33.625813           1.2384644          8660
      3.548     0.050       26.114834           1.0355642          7550
      4.467     0.050       16.587827          0.61162205          6368
      5.623     0.050       10.980226          0.41529078          5370
      7.079     0.050       7.9958638          0.37330672          4452
      8.913     0.050       5.2660178          0.25075256          3655
      0.112     0.150       617.69106           6.5063442         42528
      0.141     0.150       566.68559           5.9760770         44974
      0.178     0.150       534.88140           5.7212796         46206
      0.224     0.150       483.22789           5.3062628         47457
      0.282     0.150       428.97632           4.7861549         47700
      0.355     0.150       361.03515           4.1965398         46492
      0.447     0.150       297.10593           3.5630317         45239
      0.562     0.150       241.80303           3.0546515         42690
      0.708     0.150       191.84497           2.5501856         40470
      0.891     0.150       150.31865           2.1063165         37298
      1.122     0.150       118.07467           1.7336395         34474
      1.413     0.150       89.703642           1.4130159         30991
      1.778     0.150       64.586015           1.0906971         27342
      2.239     0.150       46.385703          0.86547321         23775
      2.818     0.150       32.872686          0.65825402         20567
      3.548     0.150       23.883844          0.51453447         17556
      4.467     0.150       16.108885          0.35872482         14828
      5.623     0.150       10.392228          0.25153865         11993
      7.079     0.150       7.2505200          0.18280049          9799
      8.913     0.150       4.8051727          0.13233073          7991
      0.112     0.250       480.26160           4.3962906         54408
      0.141     0.250       458.90742           4.1565396         58054
      0.178     0.250       436.72396           3.9757909         60873
      0.224     0.250       401.80036           3.7078782         61939
      0.282     0.250       364.26099           3.4146454         62887
      0.355     0.250       313.43035           3.0298810         62381
      0.447     0.250       272.15358           2.7220429         60826
      0.562     0.250       220.79946           2.3382169         57630
      0.708     0.250       179.37980           1.9641980         54003
      0.891     0.250       141.81094           1.6633607         49201
      1.122     0.250       109.75905           1.3805918         45111
      1.413     0.250       84.360869           1.1276713         39928
      1.778     0.250       61.722897          0.89867472         34801
      2.239     0.250       44.270189          0.70974102         29821
      2.818     0.250       32.139638          0.55377113         25607
      3.548     0.250       21.773871          0.40449211         21403
      4.467     0.250       14.751882          0.28900153         17552
      5.623     0.250       10.102755          0.21519505         14128
      7.079     0.250       6.6001741          0.15747034         11411
      8.913     0.250       4.4939697          0.12768005          9049
      0.112     0.350       428.23379           3.5521116         64322
      0.141     0.350       414.67055           3.4204111         68688
      0.178     0.350       395.05286           3.2547426         71687
      0.224     0.350       372.88911           3.0862471         74093
      0.282     0.350       338.24373           2.8422442         73791
      0.355     0.350       297.65668           2.5794185         72683
      0.447     0.350       256.73519           2.2972173         70176
      0.562     0.350       216.38025           2.0381910         66643
      0.708     0.350       175.49547           1.7404443         61509
      0.891     0.350       138.71893           1.4935691         55948
      1.122     0.350       107.21603           1.2467743         49920
      1.413     0.350       79.854034          0.99981335         43687
      1.778     0.350       57.366393          0.79625566         37279
      2.239     0.350       41.759876          0.63457146         32067
      2.818     0.350       29.526090          0.48712674         26618
      3.548     0.350       20.298698          0.36605224         21992
      4.467     0.350       13.892883          0.26942190         18240
      5.623     0.350       8.7328056          0.18796566         14537
      7.079     0.350       6.0396581          0.15220967         11591
      8.913     0.350       3.9612602          0.10305836          9229
      0.112     0.450       399.83894           3.0583167         72775
      0.141     0.450       392.56715           2.9863843         77781
      0.178     0.450       383.29463           2.9132982         80592
      0.224     0.450       361.86836           2.7476740         82935
      0.282     0.450       327.90392           2.5699285         82187
      0.355     0.450       296.51128           2.3810530         80802
      0.447     0.450       251.86658           2.1221565         76890
      0.562     0.450       216.12606           1.8980167         71961
      0.708     0.450       173.84419           1.6551930         65769
      0.891     0.450       135.44484           1.3850936         58433
      1.122     0.450       104.65100           1.1694034         51932
      1.413     0.450       79.144398          0.95699675         44897
      1.778     0.450       58.304648          0.80014493         38142
      2.239     0.450       42.009173          0.62758355         32659
      2.818     0.450       28.074058          0.46716434         26967
      3.548     0.450       18.951073          0.35095150         22151
      4.467     0.450       12.731330          0.26580410         17882
      5.623     0.450       8.4513707          0.19515466         14477
      7.079     0.450       5.7570842          0.14633147         11239
      8.913     0.450       3.4039831          0.91160572E-01      8900
      0.112     0.550       381.56605           2.7665503         79049
      0.141     0.550       385.80285           2.7635098         84695
      0.178     0.550       367.93839           2.6295374         87696
      0.224     0.550       356.62233           2.5677219         89873
      0.282     0.550       329.04172           2.4262704         89028
      0.355     0.550       291.34112           2.2341269         85721
      0.447     0.550       252.86200           2.0263870         80964
      0.562     0.550       212.53041           1.7989048         75207
      0.708     0.550       171.20777           1.5653736         67981
      0.891     0.550       132.55712           1.3282144         59864
      1.122     0.550       102.21767           1.1216203         52507
      1.413     0.550       76.201703          0.92770400         44803
      1.778     0.550       55.266685          0.74095596         38041
      2.239     0.550       39.365169          0.59290223         32033
      2.818     0.550       27.317000          0.44254562         26722
      3.548     0.550       17.943597          0.34008381         21627
      4.467     0.550       12.087448          0.25335218         17453
      5.623     0.550       7.7716583          0.17996952         13829
      7.079     0.550       5.1135645          0.13180788         10961
      8.913     0.550       3.1310653          0.88088439E-01      8404
      0.112     0.650       372.06991           2.5804959         84849
      0.141     0.650       375.89529           2.5765444         90171
      0.178     0.650       366.83768           2.5022412         93776
      0.224     0.650       350.83646           2.4318272         94504
      0.282     0.650       323.42137           2.2998123         92887
      0.355     0.650       293.42277           2.1613871         89329
      0.447     0.650       247.04235           1.9277921         83323
      0.562     0.650       207.76983           1.7409838         76561
      0.708     0.650       167.43730           1.5135849         68695
      0.891     0.650       130.71899           1.3039979         60383
      1.122     0.650       99.239544           1.0755507         52719
      1.413     0.650       74.646448          0.90452941         45323
      1.778     0.650       52.267798          0.70921321         38093
      2.239     0.650       37.128546          0.56330498         32009
      2.818     0.650       25.847301          0.43761463         26224
      3.548     0.650       17.109138          0.31735512         21489
      4.467     0.650       11.469508          0.23622486         17108
      5.623     0.650       7.4952192          0.16961485         13667
      7.079     0.650       4.7350442          0.12148180         10776
      8.913     0.650       2.8862420          0.75349624E-01      8357
      0.112     0.750       370.86283           2.4676314         90360
      0.141     0.750       369.99770           2.4503878         95257
      0.178     0.750       363.76641           2.4073759         97612
      0.224     0.750       349.21849           2.3486023         98053
      0.282     0.750       319.00824           2.2106446         95870
      0.355     0.750       286.27351           2.0609762         91391
      0.447     0.750       244.00220           1.8811188         85059
      0.562     0.750       204.37262           1.6815455         77038
      0.708     0.750       163.47323           1.4685652         69173
      0.891     0.750       126.51000           1.2483244         60755
      1.122     0.750       96.375726           1.0520326         52692
      1.413     0.750       71.102983          0.86925599         44657
      1.778     0.750       49.747124          0.67532556         37341
      2.239     0.750       35.485427          0.54039857         30999
      2.818     0.750       24.847697          0.42700438         25573
      3.548     0.750       16.598237          0.32070365         21000
      4.467     0.750       11.157856          0.24130373         16720
      5.623     0.750       7.1652107          0.16799862         13257
      7.079     0.750       4.3522902          0.10956905         10455
      8.913     0.750       2.9229466          0.83776242E-01      8062
      0.112     0.850       367.04812           2.3687467         94165
      0.141     0.850       367.98067           2.3558502         99207
      0.178     0.850       358.34361           2.3083484        101297
      0.224     0.850       347.35112           2.2744092        101704
      0.282     0.850       320.78033           2.1750873         98497
      0.355     0.850       283.54279           2.0124533         93523
      0.447     0.850       242.60931           1.8442601         86367
      0.562     0.850       200.61832           1.6428120         78747
      0.708     0.850       161.29599           1.4426874         70487
      0.891     0.850       125.59986           1.2430441         61383
      1.122     0.850       96.643396           1.0646685         52999
      1.413     0.850       69.523967          0.86330502         44872
      1.778     0.850       49.782211          0.69526945         37745
      2.239     0.850       34.251582          0.52578190         31326
      2.818     0.850       24.299015          0.41870048         26066
      3.548     0.850       15.570022          0.30597272         20690
      4.467     0.850       10.653775          0.22659679         16862
      5.623     0.850       6.7803890          0.16722629         13439
      7.079     0.850       4.4645053          0.11653076         10623
      8.913     0.850       2.7925605          0.81462731E-01      8146
      0.112     0.950       361.91840           2.2750267         97630
      0.141     0.950       365.50439           2.2938474        102107
      0.178     0.950       363.32870           2.2875534        104066
      0.224     0.950       344.54262           2.2214307        104259
      0.282     0.950       318.62800           2.1252523        100547
      0.355     0.950       280.61133           1.9712375         95163
      0.447     0.950       238.07790           1.8004437         87176
      0.562     0.950       199.05328           1.6270630         78794
      0.708     0.950       160.16158           1.4305171         70194
      0.891     0.950       121.01852           1.2120710         60859
      1.122     0.950       94.995127           1.0463799         53040
      1.413     0.950       68.683370          0.85223603         45179
      1.778     0.950       46.748563          0.66038442         37334
      2.239     0.950       33.745429          0.53491875         30853
      2.818     0.950       23.263284          0.41414821         25603
      3.548     0.950       15.142598          0.29657729         20776
      4.467     0.950       10.103339          0.22189480         16555
      5.623     0.950       6.6397882          0.15692964         13223
      7.079     0.950       4.2116617          0.11053915         10261
      8.913     0.950       2.6128402          0.72138819E-01      8011
