 # tables0/fmax20_0401z.sou_nue   
      0.106    -0.950       395.90944           5.0446973         26531
      0.119    -0.950       374.99018           4.8530102         26460
      0.133    -0.950       367.59182           4.7840887         26688
      0.150    -0.950       354.71739           4.6712339         26566
      0.168    -0.950       341.42559           4.5081302         26526
      0.188    -0.950       326.57765           4.4061885         25757
      0.211    -0.950       303.80793           4.1638885         25294
      0.237    -0.950       274.21070           3.8928439         24312
      0.266    -0.950       255.57634           3.7144133         23520
      0.299    -0.950       229.87372           3.4368783         22473
      0.335    -0.950       214.26242           3.2872342         21609
      0.376    -0.950       193.43161           3.0876589         20190
      0.422    -0.950       171.61206           2.8684643         18913
      0.473    -0.950       153.10425           2.6916722         17777
      0.531    -0.950       136.71606           2.5057981         16421
      0.596    -0.950       121.82545           2.3234925         15152
      0.668    -0.950       97.678699           2.0030607         13562
      0.750    -0.950       87.877524           1.8985814         12555
      0.841    -0.950       71.904373           1.6510957         11408
      0.944    -0.950       61.081418           1.5050699         10226
      1.059    -0.950       51.524172           1.3235055          9282
      1.189    -0.950       40.388640           1.1431051          8047
      1.334    -0.950       34.118629           1.0520986          7258
      1.496    -0.950       29.210797          0.92142701          6499
      1.679    -0.950       23.033208          0.78350321          5692
      1.884    -0.950       19.182531          0.68652628          5110
      2.113    -0.950       14.981654          0.60178126          4288
      2.371    -0.950       11.849620          0.50319261          3813
      2.661    -0.950       9.5310989          0.44720013          3258
      2.985    -0.950       7.5323524          0.38999738          2840
      3.350    -0.950       5.8918640          0.32029533          2381
      3.758    -0.950       4.7032015          0.27944605          2120
      4.217    -0.950       3.4243128          0.21600211          1735
      4.732    -0.950       2.9795372          0.19742634          1545
      5.309    -0.950       1.9857187          0.15147193          1271
      5.957    -0.950       1.4994132          0.12505897          1100
      6.683    -0.950       1.4829502          0.12179442           999
      7.499    -0.950      0.98817386          0.90421729E-01       832
      8.414    -0.950      0.69979332          0.71913874E-01       667
      9.441    -0.950      0.46061830          0.45868238E-01       585
      0.106    -0.850       268.93357           3.8810172         23793
      0.119    -0.850       271.85434           3.8198248         24627
      0.133    -0.850       262.02006           3.7314389         24740
      0.150    -0.850       260.32584           3.6808390         25385
      0.168    -0.850       246.21089           3.5501176         24744
      0.188    -0.850       237.46382           3.4671047         24566
      0.211    -0.850       225.84971           3.2985196         24271
      0.237    -0.850       206.67883           3.0717267         23592
      0.266    -0.850       198.24588           2.9903656         23088
      0.299    -0.850       184.73926           2.8768906         22267
      0.335    -0.850       171.59763           2.7191474         21303
      0.376    -0.850       159.99795           2.5971248         20284
      0.422    -0.850       140.55924           2.4073012         18893
      0.473    -0.850       126.14945           2.2003735         17828
      0.531    -0.850       114.58406           2.1306870         16368
      0.596    -0.850       99.199510           1.8861618         15487
      0.668    -0.850       87.334102           1.7579328         14364
      0.750    -0.850       77.338366           1.6157065         13118
      0.841    -0.850       67.272641           1.5079203         11848
      0.944    -0.850       55.984769           1.3031988         10642
      1.059    -0.850       46.506353           1.1440274          9728
      1.189    -0.850       40.291025           1.0612446          8640
      1.334    -0.850       33.012809          0.93675949          7934
      1.496    -0.850       27.837896          0.85379454          6790
      1.679    -0.850       22.876525          0.75136702          6266
      1.884    -0.850       18.709224          0.64876561          5477
      2.113    -0.850       16.219187          0.59408759          4705
      2.371    -0.850       12.789964          0.52205749          4107
      2.661    -0.850       9.7750613          0.43923251          3674
      2.985    -0.850       7.4824974          0.35024550          3225
      3.350    -0.850       5.8749569          0.29614089          2641
      3.758    -0.850       5.1050164          0.26969056          2399
      4.217    -0.850       4.0969849          0.24119530          1990
      4.732    -0.850       3.1860915          0.20418377          1663
      5.309    -0.850       2.2032390          0.15988400          1406
      5.957    -0.850       1.8820620          0.13944432          1244
      6.683    -0.850       1.4406153          0.12098925          1038
      7.499    -0.850       1.1359552          0.95705793E-01       908
      8.414    -0.850      0.80357064          0.71319416E-01       761
      9.441    -0.850      0.61369435          0.67416095E-01       587
      0.106    -0.750       187.68734           2.6642331         22216
      0.119    -0.750       196.21224           2.7255071         22871
      0.133    -0.750       194.65609           2.7099343         23621
      0.150    -0.750       190.87910           2.6515584         23478
      0.168    -0.750       189.57613           2.6610065         23679
      0.188    -0.750       185.80655           2.6190420         23577
      0.211    -0.750       179.68452           2.5448387         23390
      0.237    -0.750       175.20583           2.5168107         23166
      0.266    -0.750       165.44943           2.4010899         22640
      0.299    -0.750       160.38298           2.3668242         22018
      0.335    -0.750       152.31183           2.2952534         21353
      0.376    -0.750       137.68725           2.1437042         20367
      0.422    -0.750       128.65470           2.0699259         19332
      0.473    -0.750       116.10902           1.9335629         18127
      0.531    -0.750       104.97079           1.8421055         16993
      0.596    -0.750       93.843710           1.6881648         16024
      0.668    -0.750       84.697421           1.5892009         14842
      0.750    -0.750       73.085064           1.4495973         13601
      0.841    -0.750       66.501566           1.4166548         12489
      0.944    -0.750       60.002556           1.3354561         11633
      1.059    -0.750       50.860193           1.2045237         10405
      1.189    -0.750       41.412654           1.0526184          9218
      1.334    -0.750       34.542846          0.91997892          8451
      1.496    -0.750       29.437103          0.84101071          7535
      1.679    -0.750       24.966929          0.76888862          6674
      1.884    -0.750       21.034588          0.69663992          5898
      2.113    -0.750       16.692520          0.60571732          5042
      2.371    -0.750       14.099685          0.54774607          4523
      2.661    -0.750       10.520174          0.43361708          3915
      2.985    -0.750       9.9483352          0.45883002          3410
      3.350    -0.750       6.7488966          0.32959363          2998
      3.758    -0.750       5.5527442          0.29209831          2543
      4.217    -0.750       3.9901506          0.22855842          2181
      4.732    -0.750       3.3138362          0.21038982          1892
      5.309    -0.750       2.6824262          0.18025846          1602
      5.957    -0.750       1.9276614          0.15429926          1306
      6.683    -0.750       1.4438424          0.10182116          1135
      7.499    -0.750       1.1520317          0.81613254E-01      1022
      8.414    -0.750      0.88780696          0.72124167E-01       856
      9.441    -0.750      0.68226783          0.63862149E-01       693
      0.106    -0.650       193.92492           2.9354968         21275
      0.119    -0.650       196.76624           2.9381160         21703
      0.133    -0.650       199.46225           2.9367164         22436
      0.150    -0.650       200.18332           2.9354220         22856
      0.168    -0.650       195.43761           2.8682663         23237
      0.188    -0.650       191.52606           2.7585292         23195
      0.211    -0.650       186.75748           2.7318279         23386
      0.237    -0.650       178.47258           2.6242327         22887
      0.266    -0.650       167.74409           2.5144719         22334
      0.299    -0.650       160.98541           2.4374371         22059
      0.335    -0.650       147.29743           2.2794292         21313
      0.376    -0.650       142.84422           2.2681918         20526
      0.422    -0.650       127.77379           2.0959553         19449
      0.473    -0.650       119.66754           2.0064262         18592
      0.531    -0.650       110.57769           1.9160562         17714
      0.596    -0.650       97.859688           1.7751924         16360
      0.668    -0.650       87.242939           1.6628587         15230
      0.750    -0.650       79.453852           1.5590536         14338
      0.841    -0.650       67.598695           1.3969317         13007
      0.944    -0.650       61.245128           1.3385742         12022
      1.059    -0.650       50.864444           1.1691276         10934
      1.189    -0.650       43.604359           1.0558968          9991
      1.334    -0.650       39.388375           1.0051763          9224
      1.496    -0.650       33.251532          0.89699878          8148
      1.679    -0.650       26.438862          0.78485661          7221
      1.884    -0.650       23.079166          0.72418660          6332
      2.113    -0.650       17.561958          0.60801697          5565
      2.371    -0.650       15.017180          0.53340375          4934
      2.661    -0.650       11.739598          0.45452324          4307
      2.985    -0.650       9.1654366          0.38616326          3708
      3.350    -0.650       7.6884833          0.35215187          3439
      3.758    -0.650       6.1150768          0.29456654          2819
      4.217    -0.650       4.5620796          0.25447145          2424
      4.732    -0.650       3.7938789          0.22263191          2082
      5.309    -0.650       2.9518730          0.18198010          1800
      5.957    -0.650       1.9750508          0.14360519          1485
      6.683    -0.650       2.0338103          0.13895703          1334
      7.499    -0.650       1.4540137          0.11450806          1121
      8.414    -0.650       1.0185378          0.85483013E-01       927
      9.441    -0.650      0.74810451          0.70416976E-01       773
      0.106    -0.550       259.70651           4.2346567         20526
      0.119    -0.550       258.32251           4.1230202         20968
      0.133    -0.550       256.08026           4.0948069         21644
      0.150    -0.550       245.96363           3.9361878         21998
      0.168    -0.550       241.35379           3.8600531         22306
      0.188    -0.550       228.72530           3.6461848         22598
      0.211    -0.550       225.14100           3.5771330         22411
      0.237    -0.550       204.65053           3.3411122         22151
      0.266    -0.550       199.26299           3.2180887         21957
      0.299    -0.550       185.77585           3.0398839         21718
      0.335    -0.550       172.42048           2.8456971         21349
      0.376    -0.550       162.31862           2.7088679         20596
      0.422    -0.550       144.46748           2.4560619         19743
      0.473    -0.550       131.34713           2.2988754         18683
      0.531    -0.550       124.79732           2.2469269         17690
      0.596    -0.550       110.35910           2.0848714         16841
      0.668    -0.550       95.792410           1.8577429         15666
      0.750    -0.550       84.585625           1.7118092         14593
      0.841    -0.550       76.622247           1.5854278         13717
      0.944    -0.550       65.513399           1.4228914         12546
      1.059    -0.550       57.662879           1.3357814         11682
      1.189    -0.550       49.994949           1.2065583         10566
      1.334    -0.550       42.274432           1.0619872          9619
      1.496    -0.550       35.131903          0.94753440          8544
      1.679    -0.550       30.174392          0.86613803          7812
      1.884    -0.550       23.783000          0.70887423          6992
      2.113    -0.550       19.672555          0.63580224          6037
      2.371    -0.550       17.192028          0.59047203          5442
      2.661    -0.550       13.918286          0.54098588          4703
      2.985    -0.550       10.692130          0.42160938          4190
      3.350    -0.550       9.3715163          0.42787719          3707
      3.758    -0.550       7.1282799          0.32955561          3188
      4.217    -0.550       5.4112621          0.26781660          2784
      4.732    -0.550       4.3186811          0.24650994          2312
      5.309    -0.550       3.7039546          0.20921996          2134
      5.957    -0.550       2.4224530          0.15401859          1726
      6.683    -0.550       1.8352281          0.12871431          1485
      7.499    -0.550       1.4841912          0.10720634          1248
      8.414    -0.550       1.3654663          0.10742718          1061
      9.441    -0.550      0.99204574          0.87272298E-01       967
      0.106    -0.450       316.74371           5.2896181         19357
      0.119    -0.450       322.61711           5.2995739         20185
      0.133    -0.450       301.40116           4.9940019         20496
      0.150    -0.450       299.26461           4.9171005         21049
      0.168    -0.450       290.34810           4.7033069         21406
      0.188    -0.450       274.87422           4.4762964         21692
      0.211    -0.450       259.87445           4.2265076         21929
      0.237    -0.450       244.16600           4.0634240         21579
      0.266    -0.450       233.68416           3.8977007         21415
      0.299    -0.450       220.05956           3.7149491         21208
      0.335    -0.450       199.64716           3.4426249         20554
      0.376    -0.450       191.18830           3.3003594         20435
      0.422    -0.450       167.06993           2.9587490         19389
      0.473    -0.450       157.70874           2.8184534         18832
      0.531    -0.450       139.30798           2.5274791         18077
      0.596    -0.450       125.54955           2.3918488         17043
      0.668    -0.450       106.80973           2.0561063         16259
      0.750    -0.450       96.399199           1.9584203         15000
      0.841    -0.450       86.546622           1.8160098         14053
      0.944    -0.450       75.952167           1.6547909         13150
      1.059    -0.450       65.663382           1.4751786         12275
      1.189    -0.450       56.454657           1.3398773         11209
      1.334    -0.450       46.088853           1.1674892         10123
      1.496    -0.450       40.171106           1.0818467          9261
      1.679    -0.450       34.964609          0.98942376          8321
      1.884    -0.450       27.155356          0.80979638          7258
      2.113    -0.450       22.409674          0.71747427          6591
      2.371    -0.450       18.276191          0.61603703          5948
      2.661    -0.450       15.115933          0.54077168          5283
      2.985    -0.450       13.221344          0.51918358          4826
      3.350    -0.450       11.613109          0.47773039          4085
      3.758    -0.450       8.6803391          0.37822926          3569
      4.217    -0.450       6.8389643          0.30990932          3180
      4.732    -0.450       5.4375090          0.25850658          2757
      5.309    -0.450       4.4671172          0.25797071          2334
      5.957    -0.450       3.0915670          0.17653723          1993
      6.683    -0.450       2.0536183          0.12316099          1653
      7.499    -0.450       2.0220421          0.14625858          1498
      8.414    -0.450       1.3150487          0.96484498E-01      1165
      9.441    -0.450       1.0856202          0.86762738E-01       988
      0.106    -0.350       429.43256           7.2054496         18268
      0.119    -0.350       396.72655           6.6657963         18622
      0.133    -0.350       407.08931           6.7200301         19191
      0.150    -0.350       375.41356           6.0938706         19833
      0.168    -0.350       368.39637           6.1053743         19995
      0.188    -0.350       348.80183           5.8241262         20296
      0.211    -0.350       313.12450           5.2293710         20167
      0.237    -0.350       299.89806           4.9960020         20463
      0.266    -0.350       283.07582           4.8030602         20294
      0.299    -0.350       257.27760           4.4085070         20058
      0.335    -0.350       247.62716           4.3291352         19595
      0.376    -0.350       228.06994           3.9471085         19561
      0.422    -0.350       203.22192           3.6450439         18928
      0.473    -0.350       183.82324           3.3575533         18287
      0.531    -0.350       160.04639           3.0015616         17594
      0.596    -0.350       151.05588           2.9281620         16851
      0.668    -0.350       130.20885           2.5829852         15962
      0.750    -0.350       115.16043           2.3479907         15121
      0.841    -0.350       103.31591           2.1709571         14258
      0.944    -0.350       87.678282           1.9358856         13170
      1.059    -0.350       73.157982           1.6628449         12290
      1.189    -0.350       66.959658           1.6059275         11396
      1.334    -0.350       53.468645           1.3623469         10482
      1.496    -0.350       46.209400           1.2359928          9708
      1.679    -0.350       40.566848           1.1370894          8850
      1.884    -0.350       33.345646          0.95423355          8128
      2.113    -0.350       27.016088          0.83822424          7198
      2.371    -0.350       22.974340          0.75851884          6578
      2.661    -0.350       17.691438          0.61317386          5671
      2.985    -0.350       14.691902          0.55937218          5058
      3.350    -0.350       11.948963          0.47591282          4544
      3.758    -0.350       9.4736519          0.40253681          3994
      4.217    -0.350       7.6750642          0.35066816          3455
      4.732    -0.350       5.7742413          0.26634615          3105
      5.309    -0.350       4.5604243          0.23344887          2769
      5.957    -0.350       3.9611160          0.23027438          2381
      6.683    -0.350       3.0594017          0.18438823          1995
      7.499    -0.350       2.3090473          0.14272365          1742
      8.414    -0.350       1.8049302          0.11266166          1524
      9.441    -0.350       1.3835948          0.90191806E-01      1321
      0.106    -0.250       568.11347           9.7652549         16136
      0.119    -0.250       562.25893           9.5929371         16924
      0.133    -0.250       548.16625           9.3343143         17130
      0.150    -0.250       517.72135           8.8551559         17557
      0.168    -0.250       497.77216           8.5784630         17861
      0.188    -0.250       482.76272           8.2369457         18249
      0.211    -0.250       426.83639           7.4392814         17982
      0.237    -0.250       396.72583           7.0285855         17975
      0.266    -0.250       365.30870           6.5228735         18037
      0.299    -0.250       334.34537           6.0695719         17721
      0.335    -0.250       308.24843           5.7075487         17600
      0.376    -0.250       282.25668           5.3158541         17341
      0.422    -0.250       250.19457           4.7361780         17111
      0.473    -0.250       226.38634           4.5368043         16328
      0.531    -0.250       203.32681           4.1766523         15838
      0.596    -0.250       178.33199           3.7300835         15348
      0.668    -0.250       154.89958           3.3004018         14809
      0.750    -0.250       136.51543           2.9916691         14114
      0.841    -0.250       118.11425           2.6097110         13333
      0.944    -0.250       99.179978           2.2321576         12405
      1.059    -0.250       87.052099           2.0321320         11962
      1.189    -0.250       73.648369           1.8544092         11140
      1.334    -0.250       63.998727           1.5827974         10346
      1.496    -0.250       56.459321           1.5161096          9626
      1.679    -0.250       45.470593           1.2867727          8690
      1.884    -0.250       36.414704           1.0631018          7981
      2.113    -0.250       30.100858          0.96572287          7368
      2.371    -0.250       26.017313          0.89235928          6657
      2.661    -0.250       20.199358          0.70043722          6086
      2.985    -0.250       17.271378          0.63011807          5530
      3.350    -0.250       14.075896          0.54064510          4947
      3.758    -0.250       10.736039          0.40869958          4487
      4.217    -0.250       9.3888561          0.39660726          3925
      4.732    -0.250       6.6555840          0.31083910          3366
      5.309    -0.250       5.6492551          0.27487156          3042
      5.957    -0.250       4.3338977          0.21207288          2637
      6.683    -0.250       3.6717110          0.19226622          2308
      7.499    -0.250       2.6840163          0.14393831          1926
      8.414    -0.250       2.2635329          0.13395777          1681
      9.441    -0.250       1.8750574          0.12411979          1374
      0.106    -0.150       908.66291           16.782994         13278
      0.119    -0.150       831.68852           15.638630         13570
      0.133    -0.150       821.07977           15.215573         13880
      0.150    -0.150       770.76290           14.718712         14173
      0.168    -0.150       717.03391           13.628619         14321
      0.188    -0.150       675.17966           13.250690         14023
      0.211    -0.150       593.09719           11.875965         14029
      0.237    -0.150       546.33265           10.990429         14055
      0.266    -0.150       520.01193           10.795878         14059
      0.299    -0.150       474.60395           10.188197         13794
      0.335    -0.150       399.89220           8.7600716         13388
      0.376    -0.150       376.14443           8.4210629         13243
      0.422    -0.150       317.40601           7.1397546         13076
      0.473    -0.150       283.51989           6.6023753         12748
      0.531    -0.150       247.77265           6.0179490         12077
      0.596    -0.150       221.26167           5.4636022         11829
      0.668    -0.150       187.13708           4.7785754         11365
      0.750    -0.150       159.59284           4.0364405         10913
      0.841    -0.150       141.23893           3.6697873         10491
      0.944    -0.150       114.25492           3.0788011          9952
      1.059    -0.150       98.616076           2.7480665          9554
      1.189    -0.150       85.039956           2.5500854          8954
      1.334    -0.150       70.151946           2.0499751          8398
      1.496    -0.150       58.663607           1.8198388          7932
      1.679    -0.150       50.983292           1.5860765          7219
      1.884    -0.150       43.038696           1.4579625          6937
      2.113    -0.150       36.779678           1.3123234          6379
      2.371    -0.150       27.807122          0.98751425          5932
      2.661    -0.150       22.357078          0.84745525          5399
      2.985    -0.150       19.068292          0.74030638          4945
      3.350    -0.150       17.390849          0.72180880          4518
      3.758    -0.150       13.435051          0.58909998          4134
      4.217    -0.150       10.999374          0.49345794          3644
      4.732    -0.150       9.0657791          0.41504037          3230
      5.309    -0.150       7.2707289          0.35004577          2989
      5.957    -0.150       5.7084218          0.29533671          2583
      6.683    -0.150       4.6501988          0.25291867          2280
      7.499    -0.150       3.6071580          0.21023634          1980
      8.414    -0.150       2.8430432          0.16497626          1831
      9.441    -0.150       2.5145956          0.17507211          1524
      0.106    -0.050       1423.9466           45.678928          6589
      0.119    -0.050       1418.2969           48.076185          6879
      0.133    -0.050       1381.8841           46.357890          6798
      0.150    -0.050       1240.9277           43.459383          6686
      0.168    -0.050       1130.8856           38.311769          6808
      0.188    -0.050       1086.0618           40.650819          6638
      0.211    -0.050       908.31630           36.009308          6456
      0.237    -0.050       783.45226           33.645084          6360
      0.266    -0.050       704.08473           27.871123          6281
      0.299    -0.050       665.04075           29.756756          6285
      0.335    -0.050       577.95420           25.015301          6010
      0.376    -0.050       482.20735           21.284703          5764
      0.422    -0.050       466.12925           21.110739          5635
      0.473    -0.050       361.08746           16.838533          5413
      0.531    -0.050       288.72847           16.394887          5132
      0.596    -0.050       262.53004           13.067222          4959
      0.668    -0.050       221.64739           12.660443          4672
      0.750    -0.050       172.01557           9.4623998          4542
      0.841    -0.050       176.44791           10.279996          4411
      0.944    -0.050       134.70790           6.2813043          4123
      1.059    -0.050       108.82739           5.5701702          3994
      1.189    -0.050       100.67766           5.6471427          3728
      1.334    -0.050       77.773311           4.1412269          3452
      1.496    -0.050       68.573898           4.0330326          3361
      1.679    -0.050       59.765668           3.8709703          3194
      1.884    -0.050       50.133973           3.9851940          3005
      2.113    -0.050       38.591041           2.9920371          2692
      2.371    -0.050       31.669013           2.0894779          2644
      2.661    -0.050       25.371135           1.5980317          2419
      2.985    -0.050       22.032729           1.5410991          2230
      3.350    -0.050       16.200585           1.1182318          2094
      3.758    -0.050       15.743799           1.3650612          1917
      4.217    -0.050       12.110976          0.91312285          1619
      4.732    -0.050       10.087211          0.99532948          1569
      5.309    -0.050       9.4126257           1.1277076          1459
      5.957    -0.050       7.3075987          0.65862434          1312
      6.683    -0.050       5.9005730          0.57139499          1193
      7.499    -0.050       4.3649075          0.36106085          1038
      8.414    -0.050       4.7541584          0.59175551           945
      9.441    -0.050       2.6956651          0.23584897           844
      0.106     0.050       1499.9773           50.420372          6618
      0.119     0.050       1381.2616           47.045496          6800
      0.133     0.050       1297.5292           44.603751          6798
      0.150     0.050       1210.3483           42.677226          6638
      0.168     0.050       1178.0521           41.915968          6637
      0.188     0.050       1048.5369           38.149295          6547
      0.211     0.050       968.31457           37.572457          6494
      0.237     0.050       831.60170           33.272933          6225
      0.266     0.050       719.99897           29.512876          6161
      0.299     0.050       660.33628           27.697401          5938
      0.335     0.050       597.85974           26.301717          5901
      0.376     0.050       498.18841           21.592841          5783
      0.422     0.050       435.01605           20.187739          5574
      0.473     0.050       366.96710           17.143950          5394
      0.531     0.050       295.78816           16.655083          5251
      0.596     0.050       246.79948           11.674386          4907
      0.668     0.050       215.90327           11.365153          4617
      0.750     0.050       175.99037           8.3306060          4479
      0.841     0.050       169.50597           10.863366          4325
      0.944     0.050       132.33999           6.5735615          4100
      1.059     0.050       110.93954           5.7374854          3980
      1.189     0.050       96.177716           5.2353834          3680
      1.334     0.050       80.978409           5.1430999          3487
      1.496     0.050       71.518024           4.1928279          3355
      1.679     0.050       53.993152           3.1538555          3089
      1.884     0.050       45.407679           2.9769919          2969
      2.113     0.050       42.094402           2.9929337          2781
      2.371     0.050       31.780209           2.1218947          2591
      2.661     0.050       26.404521           1.9023743          2397
      2.985     0.050       20.599064           1.4353017          2187
      3.350     0.050       17.871339           1.2937870          2007
      3.758     0.050       15.396773           1.3674297          1874
      4.217     0.050       12.218514           1.0334196          1663
      4.732     0.050       10.147573          0.91320278          1575
      5.309     0.050       8.3898241          0.63086287          1417
      5.957     0.050       7.7179498          0.67465282          1242
      6.683     0.050       5.1466272          0.49992830          1123
      7.499     0.050       4.2863514          0.54976903          1013
      8.414     0.050       4.8203660          0.60276285           956
      9.441     0.050       2.5479927          0.22673369           793
      0.106     0.150       1001.5341           18.124493         13646
      0.119     0.150       988.94924           17.950362         14226
      0.133     0.150       898.60596           16.664369         14127
      0.150     0.150       848.99974           15.848966         14374
      0.168     0.150       759.90286           14.593236         14310
      0.188     0.150       733.54588           14.158388         14452
      0.211     0.150       641.81855           12.785303         14228
      0.237     0.150       577.90750           11.997580         14009
      0.266     0.150       507.79317           10.471154         14048
      0.299     0.150       477.24738           10.106374         13809
      0.335     0.150       413.94195           8.9632860         13568
      0.376     0.150       374.91578           8.2793802         13221
      0.422     0.150       344.03071           8.0565282         12729
      0.473     0.150       289.31112           6.8635398         12428
      0.531     0.150       244.03829           5.8548815         12220
      0.596     0.150       216.96045           5.4534684         11958
      0.668     0.150       182.27918           4.7684032         11129
      0.750     0.150       158.67125           4.1132324         10766
      0.841     0.150       128.83699           3.4149368         10235
      0.944     0.150       110.63332           2.9236045          9934
      1.059     0.150       97.542626           2.8069672          9367
      1.189     0.150       82.528936           2.3681383          8868
      1.334     0.150       73.361379           2.2752308          8483
      1.496     0.150       60.432711           1.8740295          7873
      1.679     0.150       49.528541           1.5941789          7392
      1.884     0.150       41.056444           1.4023502          6692
      2.113     0.150       34.526891           1.1512800          6330
      2.371     0.150       29.663284           1.0807708          5854
      2.661     0.150       23.142386          0.88626768          5230
      2.985     0.150       18.910831          0.81977929          4817
      3.350     0.150       16.636444          0.67023755          4351
      3.758     0.150       12.452670          0.51469946          3950
      4.217     0.150       10.930202          0.45927827          3619
      4.732     0.150       8.6586630          0.40868524          3274
      5.309     0.150       7.0330483          0.35128184          2872
      5.957     0.150       5.0380956          0.26226929          2503
      6.683     0.150       4.3589256          0.23063753          2261
      7.499     0.150       3.3081895          0.18073913          2040
      8.414     0.150       2.8223795          0.17443494          1734
      9.441     0.150       2.2417011          0.14659013          1444
      0.106     0.250       780.88436           12.364557         17415
      0.119     0.250       773.57548           12.205367         18290
      0.133     0.250       720.90932           11.443251         18300
      0.150     0.250       692.70549           11.099201         18724
      0.168     0.250       628.87004           10.445565         18526
      0.188     0.250       584.30196           9.7108387         18602
      0.211     0.250       536.87404           9.2037198         18468
      0.237     0.250       482.35045           8.5225876         18763
      0.266     0.250       450.78223           7.8370836         18495
      0.299     0.250       403.87881           7.3018102         18285
      0.335     0.250       361.99210           6.6343928         18112
      0.376     0.250       314.99372           5.9790890         17374
      0.422     0.250       286.88106           5.6313689         17036
      0.473     0.250       251.79684           4.9350685         16469
      0.531     0.250       216.50872           4.3745544         16186
      0.596     0.250       188.32803           3.9644392         15550
      0.668     0.250       169.96252           3.6160467         15020
      0.750     0.250       139.61479           3.0825532         14080
      0.841     0.250       126.28664           2.8211107         13249
      0.944     0.250       102.05877           2.4107876         12353
      1.059     0.250       91.435659           2.2268962         11949
      1.189     0.250       76.345437           1.9362797         10965
      1.334     0.250       66.292185           1.7213086         10284
      1.496     0.250       52.671831           1.4253906          9478
      1.679     0.250       44.373276           1.2866531          8644
      1.884     0.250       37.821917           1.1294298          7975
      2.113     0.250       32.610213           1.0133580          7275
      2.371     0.250       26.055913          0.86807747          6493
      2.661     0.250       23.032917          0.80685884          6037
      2.985     0.250       17.312501          0.65789211          5400
      3.350     0.250       12.680705          0.47117714          4794
      3.758     0.250       11.211099          0.45038242          4216
      4.217     0.250       8.8617583          0.37891330          3725
      4.732     0.250       7.5864069          0.34514630          3283
      5.309     0.250       5.7304974          0.26214901          2960
      5.957     0.250       4.8435297          0.25226925          2556
      6.683     0.250       3.5646275          0.20433433          2194
      7.499     0.250       2.8903173          0.16579494          1944
      8.414     0.250       2.5108219          0.16031832          1680
      9.441     0.250       1.7266586          0.11162098          1394
      0.106     0.350       679.73955           9.9692390         20367
      0.119     0.350       662.57210           9.6192896         21029
      0.133     0.350       628.20433           9.3147599         21311
      0.150     0.350       585.67311           8.7018419         21674
      0.168     0.350       556.83751           8.3772052         22079
      0.188     0.350       525.04796           8.0185710         22109
      0.211     0.350       479.34501           7.4035096         22070
      0.237     0.350       446.80797           7.0160572         21933
      0.266     0.350       406.89767           6.5245298         21748
      0.299     0.350       361.61395           5.8995510         21271
      0.335     0.350       347.15224           5.7733199         21231
      0.376     0.350       307.54898           5.2110598         20497
      0.422     0.350       268.09992           4.7150160         19875
      0.473     0.350       234.78213           4.2213790         19116
      0.531     0.350       201.45008           3.7378089         18122
      0.596     0.350       174.93270           3.3664923         17278
      0.668     0.350       156.67662           3.0100928         16593
      0.750     0.350       134.84902           2.7172760         15579
      0.841     0.350       116.48850           2.4971727         14627
      0.944     0.350       100.18757           2.2099190         13534
      1.059     0.350       83.614293           1.9228147         12591
      1.189     0.350       69.669334           1.7003839         11581
      1.334     0.350       61.252324           1.5635551         10734
      1.496     0.350       51.055063           1.3417474          9773
      1.679     0.350       41.804780           1.1706060          8958
      1.884     0.350       35.064447           1.0383198          8089
      2.113     0.350       28.827226          0.90063764          7444
      2.371     0.350       23.017060          0.74271557          6609
      2.661     0.350       17.028689          0.58177034          5700
      2.985     0.350       15.425473          0.57222440          5185
      3.350     0.350       11.484369          0.44637078          4485
      3.758     0.350       10.267578          0.43830133          3997
      4.217     0.350       7.9344720          0.35892470          3531
      4.732     0.350       5.6594642          0.27906235          2999
      5.309     0.350       4.6199119          0.22647730          2718
      5.957     0.350       3.7874464          0.20731180          2260
      6.683     0.350       2.9769326          0.18440920          1994
      7.499     0.350       2.2080571          0.14108962          1640
      8.414     0.350       1.8664859          0.13728624          1419
      9.441     0.350       1.4986166          0.10832514          1252
      0.106     0.450       644.88619           8.6987858         22799
      0.119     0.450       612.55807           8.4486190         23135
      0.133     0.450       581.97636           8.0821857         23910
      0.150     0.450       559.87131           7.7213027         24496
      0.168     0.450       520.00756           7.2762584         24358
      0.188     0.450       499.24304           7.0245439         24841
      0.211     0.450       452.65602           6.5383335         24436
      0.237     0.450       421.08484           6.1480619         24105
      0.266     0.450       383.48977           5.7278269         23590
      0.299     0.450       341.67522           5.2598720         23458
      0.335     0.450       319.71298           4.9982040         22606
      0.376     0.450       290.77161           4.7296709         21726
      0.422     0.450       253.22237           4.2064836         21106
      0.473     0.450       229.85781           3.9382171         19935
      0.531     0.450       198.57674           3.4944590         19230
      0.596     0.450       168.25305           3.0513360         17938
      0.668     0.450       145.32522           2.7594219         17018
      0.750     0.450       128.28426           2.5129535         15821
      0.841     0.450       112.59462           2.3135367         15054
      0.944     0.450       92.840939           2.0136332         13630
      1.059     0.450       79.129174           1.8176484         12545
      1.189     0.450       66.246467           1.5869910         11425
      1.334     0.450       56.569320           1.4195765         10490
      1.496     0.450       46.355294           1.2360639          9384
      1.679     0.450       38.244036           1.0713852          8458
      1.884     0.450       32.358325          0.98355137          7566
      2.113     0.450       25.069891          0.82004331          6812
      2.371     0.450       21.316734          0.73702346          6049
      2.661     0.450       16.797017          0.59768920          5423
      2.985     0.450       12.204288          0.48824585          4649
      3.350     0.450       11.129871          0.46439747          4285
      3.758     0.450       8.5426715          0.38606573          3602
      4.217     0.450       6.0711389          0.29822426          3097
      4.732     0.450       4.8665343          0.23904109          2678
      5.309     0.450       4.2418913          0.22151820          2365
      5.957     0.450       3.1277542          0.18684523          1979
      6.683     0.450       2.5033713          0.17520673          1731
      7.499     0.450       1.8352866          0.13488428          1433
      8.414     0.450       1.3373853          0.95697030E-01      1235
      9.441     0.450       1.0565339          0.81540715E-01      1073
      0.106     0.550       604.16014           7.8203980         25150
      0.119     0.550       593.20659           7.6604411         25634
      0.133     0.550       551.37539           7.2682109         25801
      0.150     0.550       538.03459           7.0831564         26093
      0.168     0.550       507.87032           6.7440047         26166
      0.188     0.550       478.10467           6.4549409         26185
      0.211     0.550       443.02677           6.1179477         25790
      0.237     0.550       406.58770           5.7066427         25496
      0.266     0.550       364.88786           5.2214485         24778
      0.299     0.550       335.02143           4.9441930         24007
      0.335     0.550       302.69051           4.6265236         23508
      0.376     0.550       269.36129           4.2250169         22494
      0.422     0.550       248.16391           4.0407139         21580
      0.473     0.550       210.81523           3.5455078         20189
      0.531     0.550       195.44619           3.4748272         19095
      0.596     0.550       160.94373           2.8869279         17917
      0.668     0.550       134.23936           2.5996709         16416
      0.750     0.550       119.36972           2.3709839         15366
      0.841     0.550       99.720943           2.0828315         13924
      0.944     0.550       86.688688           1.8812432         12994
      1.059     0.550       74.199392           1.7005646         12003
      1.189     0.550       61.724683           1.5116974         10968
      1.334     0.550       49.595618           1.2891882          9739
      1.496     0.550       42.901303           1.1744670          8798
      1.679     0.550       35.090389           1.0593323          7933
      1.884     0.550       27.634610          0.86883733          6979
      2.113     0.550       21.171256          0.73500373          6086
      2.371     0.550       18.156320          0.65910312          5554
      2.661     0.550       14.316328          0.55043365          4922
      2.985     0.550       11.850198          0.48756181          4202
      3.350     0.550       8.7229260          0.37529327          3596
      3.758     0.550       6.9853314          0.31434904          3257
      4.217     0.550       5.8923254          0.30773636          2742
      4.732     0.550       4.6177286          0.26287621          2336
      5.309     0.550       3.6170080          0.20516257          2064
      5.957     0.550       2.7201043          0.18122899          1720
      6.683     0.550       2.1505197          0.13416676          1497
      7.499     0.550       1.5984582          0.11065814          1295
      8.414     0.550       1.4370664          0.12001821          1098
      9.441     0.550      0.99915637          0.91675560E-01       894
      0.106     0.650       587.17193           7.3243141         26455
      0.119     0.650       564.09483           7.0880950         26857
      0.133     0.650       549.87064           6.9016130         27396
      0.150     0.650       521.91796           6.6355263         27355
      0.168     0.650       496.74573           6.3496172         27494
      0.188     0.650       454.97561           5.9751482         27072
      0.211     0.650       432.67066           5.7593308         26986
      0.237     0.650       383.35321           5.2816962         25817
      0.266     0.650       351.25094           4.9922105         25230
      0.299     0.650       319.07676           4.6800732         24466
      0.335     0.650       294.82726           4.3460276         23595
      0.376     0.650       265.95635           4.0673191         22664
      0.422     0.650       234.37364           3.7611311         21055
      0.473     0.650       202.91920           3.4321988         19806
      0.531     0.650       176.64843           3.0880474         18602
      0.596     0.650       155.27876           2.8154516         17658
      0.668     0.650       136.78884           2.5849197         16279
      0.750     0.650       116.50844           2.3271585         14919
      0.841     0.650       99.707933           2.1167346         13421
      0.944     0.650       81.472741           1.8397927         12389
      1.059     0.650       68.357779           1.6284667         11201
      1.189     0.650       55.823071           1.3943379         10147
      1.334     0.650       45.842590           1.2728943          9129
      1.496     0.650       39.654955           1.1409009          8180
      1.679     0.650       30.246008          0.95123961          7201
      1.884     0.650       26.150441          0.86669181          6568
      2.113     0.650       20.725865          0.75539803          5675
      2.371     0.650       15.999853          0.62973030          5001
      2.661     0.650       13.018844          0.53039026          4311
      2.985     0.650       9.8738230          0.43131574          3805
      3.350     0.650       8.1677074          0.39807248          3268
      3.758     0.650       6.6471442          0.32043635          2863
      4.217     0.650       5.1015191          0.27789567          2511
      4.732     0.650       3.7579221          0.22346563          2100
      5.309     0.650       3.1045284          0.19523330          1774
      5.957     0.650       2.4181477          0.16479997          1552
      6.683     0.650       1.8930334          0.13158635          1338
      7.499     0.650       1.6368098          0.11913058          1143
      8.414     0.650      0.99059892          0.79905827E-01       971
      9.441     0.650      0.73500775          0.63704807E-01       779
      0.106     0.750       566.91691           6.8892677         27554
      0.119     0.750       555.43945           6.7481993         27900
      0.133     0.750       515.77289           6.3450197         28041
      0.150     0.750       519.79780           6.4775813         27990
      0.168     0.750       481.24482           6.0502336         27885
      0.188     0.750       450.44504           5.7790573         27432
      0.211     0.750       415.85115           5.4987123         27118
      0.237     0.750       380.64610           5.1092517         26148
      0.266     0.750       352.35081           4.8744185         25309
      0.299     0.750       311.36205           4.4752526         24252
      0.335     0.750       283.44657           4.2216273         23112
      0.376     0.750       244.74270           3.8162353         21710
      0.422     0.750       224.00885           3.6192618         20559
      0.473     0.750       199.00002           3.3535451         19400
      0.531     0.750       164.70547           2.9221520         17914
      0.596     0.750       148.96141           2.7227509         16770
      0.668     0.750       124.85495           2.4229779         15505
      0.750     0.750       107.05196           2.1974666         14153
      0.841     0.750       88.453361           1.9299044         12856
      0.944     0.750       74.843153           1.7228518         11577
      1.059     0.750       61.717668           1.5218061         10526
      1.189     0.750       51.778093           1.3569449          9177
      1.334     0.750       43.122757           1.1959003          8501
      1.496     0.750       34.828296           1.0496532          7375
      1.679     0.750       30.830741          0.99107172          6729
      1.884     0.750       23.589099          0.82432144          6008
      2.113     0.750       18.650154          0.68365082          5258
      2.371     0.750       15.402314          0.59648158          4580
      2.661     0.750       12.320509          0.54286955          4038
      2.985     0.750       9.8697415          0.45219959          3427
      3.350     0.750       7.7251856          0.38246594          3024
      3.758     0.750       5.7775360          0.29331971          2530
      4.217     0.750       4.3320322          0.24666929          2225
      4.732     0.750       3.9946084          0.24804464          1989
      5.309     0.750       2.9010088          0.19768437          1572
      5.957     0.750       1.9353075          0.13890737          1298
      6.683     0.750       1.7994193          0.13503835          1183
      7.499     0.750       1.0848549          0.83618819E-01       978
      8.414     0.750      0.97103720          0.90880589E-01       746
      9.441     0.750      0.64883949          0.59517462E-01       716
      0.106     0.850       561.73097           6.6283001         28292
      0.119     0.850       541.13196           6.4362003         28528
      0.133     0.850       515.89132           6.2182473         28524
      0.150     0.850       489.60005           6.0264102         28443
      0.168     0.850       472.30115           5.8605518         28109
      0.188     0.850       443.79127           5.6229645         27782
      0.211     0.850       398.27389           5.2298506         26842
      0.237     0.850       364.06383           4.9144292         25729
      0.266     0.850       327.65400           4.5510129         25029
      0.299     0.850       309.17172           4.4243292         23827
      0.335     0.850       279.90531           4.1468057         22899
      0.376     0.850       245.11372           3.8071243         21441
      0.422     0.850       215.57136           3.4774496         20125
      0.473     0.850       187.20653           3.2129194         18532
      0.531     0.850       161.88707           2.9241125         17492
      0.596     0.850       139.48566           2.6032917         16050
      0.668     0.850       116.97635           2.3234683         14662
      0.750     0.850       99.350815           2.1141272         13312
      0.841     0.850       88.872699           1.9631894         12294
      0.944     0.850       71.209573           1.7005879         11162
      1.059     0.850       61.594262           1.5752620          9891
      1.189     0.850       48.545881           1.3180267          8987
      1.334     0.850       37.714160           1.0899932          7888
      1.496     0.850       34.524350           1.0766368          7034
      1.679     0.850       25.955522          0.86179283          6175
      1.884     0.850       22.941602          0.81808382          5533
      2.113     0.850       16.538491          0.64990905          4733
      2.371     0.850       14.723927          0.62907597          4148
      2.661     0.850       10.108550          0.45790821          3655
      2.985     0.850       8.5092898          0.40862283          3186
      3.350     0.850       6.4864763          0.34459030          2653
      3.758     0.850       5.3045305          0.29462894          2301
      4.217     0.850       4.2322964          0.24744052          2066
      4.732     0.850       3.2113837          0.20730886          1740
      5.309     0.850       2.6002343          0.17758683          1507
      5.957     0.850       1.9373687          0.14095457          1283
      6.683     0.850       1.6195675          0.14243424          1084
      7.499     0.850       1.1151854          0.97488985E-01       932
      8.414     0.850      0.91800756          0.86429318E-01       774
      9.441     0.850      0.64804197          0.76225028E-01       590
      0.106     0.950       552.01457           6.4485381         28392
      0.119     0.950       529.61292           6.2372025         28562
      0.133     0.950       500.00967           6.0145309         28585
      0.150     0.950       490.84710           5.9160038         28436
      0.168     0.950       445.76201           5.5414458         28005
      0.188     0.950       427.68425           5.3972736         27138
      0.211     0.950       386.07143           5.0472991         26406
      0.237     0.950       364.40564           4.8635213         25432
      0.266     0.950       329.49549           4.5467044         24482
      0.299     0.950       288.20426           4.1449102         23164
      0.335     0.950       257.10153           3.8773982         21873
      0.376     0.950       239.43958           3.6871104         20964
      0.422     0.950       204.32783           3.3253892         19392
      0.473     0.950       176.89476           3.0457079         18038
      0.531     0.950       156.54239           2.8075428         16615
      0.596     0.950       132.21082           2.5344902         15182
      0.668     0.950       112.88422           2.2463064         13989
      0.750     0.950       97.226499           2.0570835         12747
      0.841     0.950       80.433654           1.8263123         11454
      0.944     0.950       67.743881           1.6957542         10149
      1.059     0.950       54.580616           1.4448842          9166
      1.189     0.950       46.449190           1.2873625          8342
      1.334     0.950       38.633435           1.1666430          7352
      1.496     0.950       29.627874          0.98324281          6381
      1.679     0.950       26.279970          0.92539832          5641
      1.884     0.950       20.794137          0.77439573          4858
      2.113     0.950       16.294199          0.65119377          4445
      2.371     0.950       12.151129          0.50843618          3847
      2.661     0.950       9.9333610          0.48201573          3206
      2.985     0.950       7.2822468          0.36122522          2864
      3.350     0.950       5.7998666          0.32077119          2356
      3.758     0.950       4.5391941          0.26072538          2051
      4.217     0.950       3.6212045          0.21170941          1846
      4.732     0.950       3.0388552          0.21582000          1563
      5.309     0.950       2.1738861          0.16273115          1339
      5.957     0.950       1.6359212          0.13575316          1060
      6.683     0.950       1.3987405          0.12058113           936
      7.499     0.950      0.98305871          0.85503667E-01       805
      8.414     0.950      0.95634870          0.10018584           672
      9.441     0.950      0.57335489          0.61904742E-01       531
