 # tables0/fmax20_0401z.sou_num   
      0.106    -0.950       807.05085           7.1017679         54294
      0.119    -0.950       772.33083           6.8493062         54869
      0.133    -0.950       747.29612           6.6647786         55488
      0.150    -0.950       703.21662           6.3543271         56109
      0.168    -0.950       677.48031           6.1783830         55982
      0.188    -0.950       638.09254           5.9029444         55782
      0.211    -0.950       605.78456           5.6785714         55595
      0.237    -0.950       556.56724           5.3324767         54501
      0.266    -0.950       515.81515           5.0645079         53118
      0.299    -0.950       477.45768           4.7920811         51319
      0.335    -0.950       432.67785           4.4741668         50069
      0.376    -0.950       386.10193           4.1246092         47743
      0.422    -0.950       349.97426           3.8740571         45371
      0.473    -0.950       315.94756           3.6190890         43556
      0.531    -0.950       271.74413           3.2682147         41027
      0.596    -0.950       243.84588           3.0446424         38946
      0.668    -0.950       217.50984           2.8324650         36428
      0.750    -0.950       186.02155           2.5173095         34370
      0.841    -0.950       159.66100           2.2953916         32072
      0.944    -0.950       135.85326           2.0757621         29599
      1.059    -0.950       116.73021           1.8611382         27536
      1.189    -0.950       98.512386           1.6332601         25750
      1.334    -0.950       81.637119           1.4411267         23372
      1.496    -0.950       71.839396           1.3432968         21601
      1.679    -0.950       58.958836           1.1490923         19645
      1.884    -0.950       50.570659           1.0327886         18111
      2.113    -0.950       41.022826          0.89371593         16087
      2.371    -0.950       33.628977          0.77917558         14757
      2.661    -0.950       27.648718          0.68266531         13383
      2.985    -0.950       23.699478          0.61897511         11878
      3.350    -0.950       19.166210          0.50603838         10926
      3.758    -0.950       16.504986          0.46303267          9860
      4.217    -0.950       12.418459          0.36898478          8745
      4.732    -0.950       10.664823          0.34166366          7811
      5.309    -0.950       8.6020571          0.28035410          7042
      5.957    -0.950       6.8087639          0.23792997          6147
      6.683    -0.950       5.5618142          0.20090441          5524
      7.499    -0.950       4.7119224          0.17852819          4927
      8.414    -0.950       3.8279957          0.15496058          4302
      9.441    -0.950       3.2512467          0.13519612          3771
      0.106    -0.850       569.31015           5.5915854         48780
      0.119    -0.850       544.75171           5.3529301         49936
      0.133    -0.850       543.86729           5.2974822         51284
      0.150    -0.850       521.76999           5.1286360         51168
      0.168    -0.850       505.30610           4.9600157         52035
      0.188    -0.850       478.35472           4.7472491         52134
      0.211    -0.850       462.10431           4.6335856         52101
      0.237    -0.850       440.36084           4.4590644         51749
      0.266    -0.850       410.62614           4.2095310         50655
      0.299    -0.850       384.99439           4.0299757         49076
      0.335    -0.850       345.98212           3.7218798         48115
      0.376    -0.850       329.43471           3.5849709         46585
      0.422    -0.850       290.13284           3.3053828         44058
      0.473    -0.850       261.99969           3.0205826         42852
      0.531    -0.850       235.44828           2.8423658         39968
      0.596    -0.850       212.40345           2.6739906         38391
      0.668    -0.850       187.45713           2.4583502         35706
      0.750    -0.850       167.25345           2.2592062         33940
      0.841    -0.850       148.15756           2.0911761         31944
      0.944    -0.850       125.49185           1.8544475         30156
      1.059    -0.850       109.79706           1.6980541         27493
      1.189    -0.850       91.413676           1.5026577         25174
      1.334    -0.850       81.493327           1.3834625         23476
      1.496    -0.850       68.118064           1.2088328         21593
      1.679    -0.850       58.542810           1.1082716         19917
      1.884    -0.850       47.311332          0.94738597         18005
      2.113    -0.850       39.995013          0.84221832         16532
      2.371    -0.850       35.555100          0.79753338         15260
      2.661    -0.850       28.280881          0.65746619         13674
      2.985    -0.850       23.560212          0.59353588         12205
      3.350    -0.850       19.359202          0.50578011         10948
      3.758    -0.850       16.031108          0.44177312          9954
      4.217    -0.850       12.899643          0.37714721          8920
      4.732    -0.850       11.067308          0.34331095          8052
      5.309    -0.850       9.5479057          0.31719824          7211
      5.957    -0.850       6.6383100          0.22465870          6235
      6.683    -0.850       5.7526926          0.20885955          5784
      7.499    -0.850       4.7031521          0.17545517          5040
      8.414    -0.850       3.8050000          0.14724123          4442
      9.441    -0.850       3.0366068          0.13338108          3837
      0.106    -0.750       405.81259           3.9539579         44709
      0.119    -0.750       408.93540           3.9445087         46242
      0.133    -0.750       409.90061           3.9340199         47365
      0.150    -0.750       411.64078           3.9301577         48567
      0.168    -0.750       398.21737           3.8441140         48779
      0.188    -0.750       387.11274           3.7379593         49599
      0.211    -0.750       379.37284           3.6988224         49248
      0.237    -0.750       372.25440           3.6613178         49322
      0.266    -0.750       348.56917           3.4649700         48770
      0.299    -0.750       331.28191           3.3526507         47636
      0.335    -0.750       317.69022           3.2668705         46678
      0.376    -0.750       291.35453           3.1089522         45221
      0.422    -0.750       273.48341           2.9434965         44072
      0.473    -0.750       248.31272           2.7887408         41802
      0.531    -0.750       222.56720           2.5854170         39995
      0.596    -0.750       208.51281           2.5044984         38126
      0.668    -0.750       185.56320           2.3273336         36152
      0.750    -0.750       162.78121           2.1360036         33614
      0.841    -0.750       145.28019           1.9949920         31619
      0.944    -0.750       130.85276           1.8650269         29821
      1.059    -0.750       109.43984           1.6271866         27487
      1.189    -0.750       93.952640           1.4831531         25750
      1.334    -0.750       81.326269           1.3506104         23785
      1.496    -0.750       68.935839           1.2046775         21624
      1.679    -0.750       58.958535           1.0972874         20030
      1.884    -0.750       50.730439           1.0059463         18426
      2.113    -0.750       41.924728          0.86174769         16839
      2.371    -0.750       35.550690          0.77849798         15321
      2.661    -0.750       29.589027          0.69868846         13782
      2.985    -0.750       24.642362          0.59667795         12599
      3.350    -0.750       19.337042          0.49019412         11445
      3.758    -0.750       16.391658          0.45032072         10115
      4.217    -0.750       13.496782          0.38886698          9043
      4.732    -0.750       11.540800          0.35907128          8001
      5.309    -0.750       9.3467150          0.29369290          7327
      5.957    -0.750       7.7636604          0.25738243          6626
      6.683    -0.750       6.4580878          0.22831836          5854
      7.499    -0.750       4.6442006          0.17541151          5094
      8.414    -0.750       4.1283072          0.16907045          4556
      9.441    -0.750       3.5064009          0.14813733          3975
      0.106    -0.650       413.54068           4.2699787         42266
      0.119    -0.650       417.93055           4.3070455         43706
      0.133    -0.650       413.28218           4.2271536         45066
      0.150    -0.650       406.06762           4.1555629         45831
      0.168    -0.650       400.90958           4.0634447         46693
      0.188    -0.650       385.09496           3.8825676         47510
      0.211    -0.650       380.83379           3.8357179         47858
      0.237    -0.650       374.88318           3.8096411         47758
      0.266    -0.650       344.86902           3.5729082         47148
      0.299    -0.650       330.24644           3.4413980         46323
      0.335    -0.650       310.95372           3.2892111         45658
      0.376    -0.650       293.09291           3.1491175         44350
      0.422    -0.650       265.51501           2.9565831         42753
      0.473    -0.650       246.49538           2.7810601         41150
      0.531    -0.650       228.17353           2.6792395         39846
      0.596    -0.650       203.77270           2.4692056         37536
      0.668    -0.650       184.94511           2.3357555         35497
      0.750    -0.650       162.35061           2.1493521         33345
      0.841    -0.650       144.01346           1.9632738         31641
      0.944    -0.650       127.30057           1.7999634         29888
      1.059    -0.650       111.91388           1.6475656         27640
      1.189    -0.650       95.299153           1.5019123         25686
      1.334    -0.650       85.032948           1.4083078         23624
      1.496    -0.650       69.766893           1.2021639         22041
      1.679    -0.650       60.040737           1.0872576         20111
      1.884    -0.650       53.100156           1.0195463         18758
      2.113    -0.650       42.793720          0.85664093         16714
      2.371    -0.650       35.439667          0.75152696         15467
      2.661    -0.650       30.564835          0.69823374         13927
      2.985    -0.650       27.199527          0.66384248         12839
      3.350    -0.650       20.821498          0.50935233         11471
      3.758    -0.650       17.177522          0.46426493         10437
      4.217    -0.650       14.707624          0.40815515          9434
      4.732    -0.650       11.529324          0.34847986          8404
      5.309    -0.650       9.2833672          0.29163861          7469
      5.957    -0.650       7.8410683          0.26779541          6653
      6.683    -0.650       6.6672672          0.23310449          5879
      7.499    -0.650       5.1828370          0.19470052          5080
      8.414    -0.650       4.0755740          0.15556197          4643
      9.441    -0.650       3.2699649          0.12918181          4138
      0.106    -0.550       531.97203           6.0127572         40406
      0.119    -0.550       524.12930           5.8150519         41831
      0.133    -0.550       503.26401           5.5681494         42990
      0.150    -0.550       487.48775           5.4139296         43677
      0.168    -0.550       473.00129           5.1460887         44806
      0.188    -0.550       469.44372           5.0824939         45479
      0.211    -0.550       436.17098           4.7723450         45915
      0.237    -0.550       414.44922           4.5913825         45517
      0.266    -0.550       387.90682           4.3203302         45187
      0.299    -0.550       372.13332           4.1883039         44972
      0.335    -0.550       343.15679           3.8867103         43581
      0.376    -0.550       317.29236           3.6653855         42820
      0.422    -0.550       293.26264           3.4106041         41765
      0.473    -0.550       260.80960           3.1052357         40238
      0.531    -0.550       235.82255           2.8648880         38516
      0.596    -0.550       217.63022           2.6942403         36940
      0.668    -0.550       193.99485           2.5077020         35458
      0.750    -0.550       172.48904           2.2864075         33095
      0.841    -0.550       155.01213           2.1452657         31327
      0.944    -0.550       132.82245           1.9318756         29528
      1.059    -0.550       114.35121           1.7358527         27294
      1.189    -0.550       105.24844           1.6379531         25921
      1.334    -0.550       87.363365           1.4429546         23827
      1.496    -0.550       76.569109           1.3130768         22201
      1.679    -0.550       62.240525           1.1384633         20162
      1.884    -0.550       53.249846           1.0133124         18618
      2.113    -0.550       44.296412          0.90841996         16859
      2.371    -0.550       37.768105          0.81055141         15670
      2.661    -0.550       30.900616          0.68921655         14230
      2.985    -0.550       26.072738          0.62323187         12884
      3.350    -0.550       22.464742          0.57719610         11561
      3.758    -0.550       18.062534          0.47736133         10346
      4.217    -0.550       14.873904          0.40306508          9591
      4.732    -0.550       12.375153          0.36399822          8347
      5.309    -0.550       10.040057          0.30388718          7479
      5.957    -0.550       8.6924619          0.27840393          6885
      6.683    -0.550       6.4113586          0.21531525          5789
      7.499    -0.550       5.4235873          0.19748877          5377
      8.414    -0.550       4.4293231          0.16652281          4882
      9.441    -0.550       3.4580183          0.13652952          4170
      0.106    -0.450       662.26228           7.5740566         38444
      0.119    -0.450       632.61900           7.2504753         39435
      0.133    -0.450       617.42718           7.0542134         40900
      0.150    -0.450       596.94427           6.7535606         41873
      0.168    -0.450       559.87015           6.3541925         42286
      0.188    -0.450       540.01333           6.0646603         42990
      0.211    -0.450       512.68956           5.8227807         43357
      0.237    -0.450       486.72422           5.5894251         43169
      0.266    -0.450       446.61520           5.1066658         42814
      0.299    -0.450       422.39574           4.8868742         42907
      0.335    -0.450       383.35403           4.4984547         42182
      0.376    -0.450       355.81719           4.2117661         41636
      0.422    -0.450       323.61092           3.9181927         40343
      0.473    -0.450       290.83580           3.6073394         38691
      0.531    -0.450       265.79974           3.3001981         37708
      0.596    -0.450       240.22519           3.1146351         35954
      0.668    -0.450       213.37812           2.8179176         34158
      0.750    -0.450       190.20626           2.5895937         32730
      0.841    -0.450       162.22965           2.3123581         30668
      0.944    -0.450       140.62474           2.0756323         28896
      1.059    -0.450       123.80804           1.8904570         27402
      1.189    -0.450       104.54479           1.6800071         25074
      1.334    -0.450       89.971142           1.4935784         23659
      1.496    -0.450       78.274613           1.3763583         21955
      1.679    -0.450       68.204449           1.2640995         20339
      1.884    -0.450       57.354266           1.0932983         18620
      2.113    -0.450       46.944072          0.96055301         17230
      2.371    -0.450       40.063408          0.84943672         15708
      2.661    -0.450       33.349914          0.74135139         14376
      2.985    -0.450       27.368955          0.61683087         13064
      3.350    -0.450       23.769060          0.59020113         11849
      3.758    -0.450       19.350015          0.51548964         10669
      4.217    -0.450       14.770207          0.42356263          9538
      4.732    -0.450       13.395254          0.38047602          8835
      5.309    -0.450       10.243138          0.31099734          7740
      5.957    -0.450       8.5297581          0.25632580          7052
      6.683    -0.450       6.8100110          0.22549599          6148
      7.499    -0.450       5.5514224          0.20008898          5538
      8.414    -0.450       4.6788186          0.17409418          4888
      9.441    -0.450       3.6535870          0.13840662          4326
      0.106    -0.350       856.15556           9.9017071         35335
      0.119    -0.350       831.42165           9.5187776         37375
      0.133    -0.350       772.37269           8.9549300         37990
      0.150    -0.350       725.81791           8.4108875         38651
      0.168    -0.350       681.27525           7.9810058         39041
      0.188    -0.350       673.59672           7.8222518         39971
      0.211    -0.350       623.74042           7.2556545         40359
      0.237    -0.350       586.64567           6.8682597         40605
      0.266    -0.350       541.73626           6.4013148         40396
      0.299    -0.350       500.72044           6.0094747         39972
      0.335    -0.350       454.26389           5.4930623         39414
      0.376    -0.350       419.73020           5.1790463         38777
      0.422    -0.350       381.18127           4.8103764         37838
      0.473    -0.350       339.69333           4.2627834         36670
      0.531    -0.350       305.80068           4.0764218         35136
      0.596    -0.350       271.40181           3.6364811         34056
      0.668    -0.350       237.03478           3.2516029         32721
      0.750    -0.350       206.73769           2.9473387         30940
      0.841    -0.350       182.51530           2.6712435         29465
      0.944    -0.350       157.82968           2.4443037         27646
      1.059    -0.350       136.51457           2.1283827         26425
      1.189    -0.350       116.09726           1.9063399         24396
      1.334    -0.350       99.747045           1.7249218         23021
      1.496    -0.350       86.701734           1.5500467         21242
      1.679    -0.350       72.550381           1.3603883         19933
      1.884    -0.350       60.461551           1.1906844         18293
      2.113    -0.350       51.281390           1.0557149         16706
      2.371    -0.350       41.600423          0.88157495         15340
      2.661    -0.350       36.003548          0.82047132         14173
      2.985    -0.350       29.155734          0.69677618         13153
      3.350    -0.350       25.247855          0.64327669         11891
      3.758    -0.350       20.247147          0.52097004         10765
      4.217    -0.350       16.542388          0.46779388          9742
      4.732    -0.350       14.204680          0.41552314          8824
      5.309    -0.350       11.551229          0.36582467          7873
      5.957    -0.350       9.2704784          0.29693194          7082
      6.683    -0.350       7.5238011          0.23773943          6388
      7.499    -0.350       6.0378455          0.21989774          5579
      8.414    -0.350       5.3814204          0.20632496          5106
      9.441    -0.350       4.0603424          0.16394724          4479
      0.106    -0.250       1183.2965           13.951419         32705
      0.119    -0.250       1159.4118           13.591583         33410
      0.133    -0.250       1077.7253           12.860811         33920
      0.150    -0.250       976.94842           11.749165         34522
      0.168    -0.250       933.88904           11.242469         35242
      0.188    -0.250       896.22858           10.868807         35758
      0.211    -0.250       813.40088           10.056771         35586
      0.237    -0.250       749.54866           9.2033968         35677
      0.266    -0.250       698.80147           8.7782479         35469
      0.299    -0.250       643.78794           8.2442797         34921
      0.335    -0.250       567.71996           7.4148695         34638
      0.376    -0.250       504.47286           6.7104264         34129
      0.422    -0.250       442.87170           5.9426774         33089
      0.473    -0.250       401.44312           5.4993012         32513
      0.531    -0.250       349.60664           5.0261528         31354
      0.596    -0.250       309.19002           4.4818427         30267
      0.668    -0.250       281.32198           4.2049303         29178
      0.750    -0.250       238.23296           3.5909123         27776
      0.841    -0.250       205.57765           3.1964722         26617
      0.944    -0.250       176.40292           2.8467833         25179
      1.059    -0.250       151.23564           2.5213379         23963
      1.189    -0.250       132.21439           2.3575362         22650
      1.334    -0.250       109.15579           1.9879805         21239
      1.496    -0.250       93.792935           1.8285430         19540
      1.679    -0.250       75.660475           1.4876245         18282
      1.884    -0.250       64.141024           1.3202448         17113
      2.113    -0.250       55.807335           1.2163995         15948
      2.371    -0.250       45.997094           1.0441280         14666
      2.661    -0.250       37.445247          0.86988234         13575
      2.985    -0.250       31.959626          0.75748830         12565
      3.350    -0.250       26.123761          0.65819817         11191
      3.758    -0.250       21.610483          0.59930273         10195
      4.217    -0.250       18.536504          0.49666113          9414
      4.732    -0.250       14.177073          0.40919726          8323
      5.309    -0.250       11.979271          0.37357888          7705
      5.957    -0.250       9.4929956          0.29626768          6956
      6.683    -0.250       8.1187152          0.27273361          6085
      7.499    -0.250       6.4258346          0.23773321          5500
      8.414    -0.250       5.1633207          0.19473400          4907
      9.441    -0.250       4.3884738          0.17786203          4401
      0.106    -0.150       1822.7379           23.147551         27131
      0.119    -0.150       1712.7499           22.180480         27479
      0.133    -0.150       1619.1261           20.830007         27960
      0.150    -0.150       1483.0128           19.695512         28204
      0.168    -0.150       1362.2886           18.296500         28004
      0.188    -0.150       1283.5993           17.474657         28367
      0.211    -0.150       1154.4583           16.299772         28011
      0.237    -0.150       1051.4163           14.967835         27957
      0.266    -0.150       934.39267           13.671349         27751
      0.299    -0.150       846.78494           12.626237         27251
      0.335    -0.150       738.18911           11.259633         26621
      0.376    -0.150       664.82995           10.469977         26132
      0.422    -0.150       547.02117           8.6534819         25414
      0.473    -0.150       496.02675           8.2620213         24572
      0.531    -0.150       430.72299           7.2667596         23764
      0.596    -0.150       368.80770           6.3811018         22737
      0.668    -0.150       320.73138           5.6579839         22154
      0.750    -0.150       260.32241           4.6184198         21295
      0.841    -0.150       237.77031           4.4189541         20618
      0.944    -0.150       191.58867           3.6302847         19393
      1.059    -0.150       162.60022           3.1494764         18414
      1.189    -0.150       143.23180           2.9505853         17531
      1.334    -0.150       118.22381           2.4218307         16695
      1.496    -0.150       98.897061           2.1187419         15553
      1.679    -0.150       84.594972           1.8728064         14708
      1.884    -0.150       71.329215           1.6057456         13748
      2.113    -0.150       58.506015           1.3947988         12784
      2.371    -0.150       48.325590           1.1917396         11879
      2.661    -0.150       43.180435           1.1319659         10945
      2.985    -0.150       35.730724          0.92572917         10269
      3.350    -0.150       27.885729          0.78529349          9146
      3.758    -0.150       23.419152          0.69612419          8686
      4.217    -0.150       18.931964          0.57917865          7933
      4.732    -0.150       15.950777          0.51641743          7170
      5.309    -0.150       12.580749          0.40396694          6487
      5.957    -0.150       11.009776          0.37945386          6005
      6.683    -0.150       9.4412245          0.36236886          5368
      7.499    -0.150       7.7515888          0.30306884          4794
      8.414    -0.150       5.7043059          0.21768357          4302
      9.441    -0.150       4.6261990          0.19440704          3844
      0.106    -0.050       2949.4398           67.835077         13731
      0.119    -0.050       2770.2958           62.804962         13737
      0.133    -0.050       2563.8639           61.591166         13413
      0.150    -0.050       2293.1304           57.684994         13392
      0.168    -0.050       2112.0447           53.196875         13417
      0.188    -0.050       1895.9454           50.637872         13205
      0.211    -0.050       1708.0848           47.987223         13075
      0.237    -0.050       1558.0452           42.112207         12991
      0.266    -0.050       1333.3796           35.516572         12370
      0.299    -0.050       1117.0886           33.191471         12053
      0.335    -0.050       987.21134           29.133771         11756
      0.376    -0.050       852.55436           25.509534         11544
      0.422    -0.050       752.90031           23.950930         11090
      0.473    -0.050       640.50123           23.573934         10604
      0.531    -0.050       507.86055           15.974066         10294
      0.596    -0.050       420.67846           13.877301          9701
      0.668    -0.050       382.60281           14.789685          9269
      0.750    -0.050       315.89385           10.857591          8914
      0.841    -0.050       271.78179           9.6675129          8530
      0.944    -0.050       210.87257           7.3531466          8104
      1.059    -0.050       183.45047           6.9417246          7618
      1.189    -0.050       153.32428           5.7193719          7294
      1.334    -0.050       133.34255           6.1278913          7000
      1.496    -0.050       107.45781           4.4095857          6449
      1.679    -0.050       88.713816           3.8028609          6148
      1.884    -0.050       71.097715           2.7542023          5588
      2.113    -0.050       61.001670           2.8792001          5386
      2.371    -0.050       54.757371           2.5185524          5043
      2.661    -0.050       43.457856           2.6120228          4538
      2.985    -0.050       35.863246           2.0810938          4361
      3.350    -0.050       28.375342           1.4012418          4038
      3.758    -0.050       25.308669           1.3688153          3722
      4.217    -0.050       18.178568          0.89233464          3484
      4.732    -0.050       16.014510          0.87264858          3119
      5.309    -0.050       13.122102          0.83220298          2887
      5.957    -0.050       11.093503          0.71413216          2529
      6.683    -0.050       9.7028850          0.67581097          2484
      7.499    -0.050       7.4541139          0.54909682          2124
      8.414    -0.050       7.6398584          0.56401931          2010
      9.441    -0.050       4.9183573          0.35542919          1723
      0.106     0.050       2929.5441           68.220165         13530
      0.119     0.050       2931.2645           67.025044         13860
      0.133     0.050       2624.2823           62.534912         13642
      0.150     0.050       2355.4122           57.788183         13420
      0.168     0.050       2071.2261           53.737714         13236
      0.188     0.050       1861.5847           49.891690         12979
      0.211     0.050       1729.6456           48.788177         12957
      0.237     0.050       1532.5909           41.579621         12821
      0.266     0.050       1362.2070           36.673179         12463
      0.299     0.050       1150.8877           31.853273         11940
      0.335     0.050       965.66869           28.536844         11830
      0.376     0.050       819.81678           25.006647         11154
      0.422     0.050       712.38320           23.051773         10865
      0.473     0.050       613.65462           22.206000         10539
      0.531     0.050       521.56497           16.592739         10261
      0.596     0.050       432.79049           14.961686          9581
      0.668     0.050       364.60875           13.231313          9213
      0.750     0.050       296.39313           10.170422          8819
      0.841     0.050       270.51540           9.8165507          8338
      0.944     0.050       211.95415           7.6299727          7974
      1.059     0.050       186.85168           7.2915594          7595
      1.189     0.050       144.26356           5.7929664          7267
      1.334     0.050       134.42115           6.3616783          6802
      1.496     0.050       110.45180           4.5244114          6474
      1.679     0.050       88.397257           3.8300106          5953
      1.884     0.050       67.521724           2.5727047          5623
      2.113     0.050       59.941165           2.8204954          5320
      2.371     0.050       49.815314           2.3626199          4936
      2.661     0.050       45.605148           2.7564377          4546
      2.985     0.050       33.460984           1.5878469          4330
      3.350     0.050       29.051746           1.4176376          4014
      3.758     0.050       23.945502           1.3143434          3637
      4.217     0.050       17.997151           1.0376950          3290
      4.732     0.050       17.534785           1.6992482          2987
      5.309     0.050       14.705254          0.89017108          2932
      5.957     0.050       11.198304          0.76591134          2534
      6.683     0.050       9.8789873          0.70454332          2407
      7.499     0.050       7.8486786          0.55814419          2170
      8.414     0.050       6.6876441          0.47956714          1950
      9.441     0.050       4.8511850          0.38990622          1677
      0.106     0.150       2036.7438           25.447112         27801
      0.119     0.150       1957.8487           24.799995         28476
      0.133     0.150       1734.0121           22.318401         28182
      0.150     0.150       1593.4781           20.864999         28560
      0.168     0.150       1450.9673           19.346183         28614
      0.188     0.150       1318.5533           18.148837         28390
      0.211     0.150       1225.4384           17.127048         28402
      0.237     0.150       1086.8084           15.579045         27998
      0.266     0.150       966.38037           14.242756         27693
      0.299     0.150       862.64821           12.904329         27147
      0.335     0.150       760.89452           11.611919         26644
      0.376     0.150       657.45546           10.436842         25902
      0.422     0.150       567.90718           9.1691906         25338
      0.473     0.150       492.99478           8.0736746         24802
      0.531     0.150       421.51148           7.1840595         23893
      0.596     0.150       372.19762           6.4951104         22897
      0.668     0.150       315.18996           5.6336115         22166
      0.750     0.150       262.49370           4.8209238         20884
      0.841     0.150       220.33510           4.1960486         20238
      0.944     0.150       193.87346           3.7186823         19404
      1.059     0.150       161.23293           3.2470574         18215
      1.189     0.150       138.46409           2.8822964         17274
      1.334     0.150       118.69085           2.5241834         16349
      1.496     0.150       101.26599           2.2641915         15313
      1.679     0.150       84.686476           1.8931298         14540
      1.884     0.150       69.244653           1.5827414         13610
      2.113     0.150       60.794438           1.4934901         12550
      2.371     0.150       49.864853           1.3233912         11395
      2.661     0.150       39.860004           1.0528300         10883
      2.985     0.150       33.393911          0.90194634          9927
      3.350     0.150       27.837867          0.76421589          9279
      3.758     0.150       22.432603          0.65918363          8366
      4.217     0.150       19.569797          0.59636001          7779
      4.732     0.150       15.631199          0.49216589          7034
      5.309     0.150       13.326237          0.43084486          6446
      5.957     0.150       10.774376          0.38110216          5830
      6.683     0.150       8.6521512          0.30429961          5303
      7.499     0.150       7.6726394          0.30069284          4727
      8.414     0.150       5.6324138          0.20016791          4296
      9.441     0.150       4.6373251          0.19841217          3670
      0.106     0.250       1604.7093           17.552076         34871
      0.119     0.250       1482.4740           16.404050         36222
      0.133     0.250       1371.5184           15.521047         36020
      0.150     0.250       1255.7330           14.400336         36311
      0.168     0.250       1174.6168           13.655602         36611
      0.188     0.250       1084.8953           12.761474         37044
      0.211     0.250       1001.6853           11.916024         37040
      0.237     0.250       897.09530           10.961039         36903
      0.266     0.250       815.13447           10.072242         36618
      0.299     0.250       728.37272           9.1868784         36253
      0.335     0.250       645.49378           8.3669702         35304
      0.376     0.250       570.19861           7.6414206         34715
      0.422     0.250       488.57591           6.7019699         33384
      0.473     0.250       442.48432           6.0276336         32982
      0.531     0.250       385.16392           5.5033531         31581
      0.596     0.250       324.93302           4.7118173         30498
      0.668     0.250       287.78585           4.3095161         29141
      0.750     0.250       242.23916           3.7778591         27774
      0.841     0.250       210.42779           3.3989440         26383
      0.944     0.250       184.71074           3.0077688         25007
      1.059     0.250       150.08317           2.5879661         23334
      1.189     0.250       132.86744           2.3390172         22068
      1.334     0.250       111.97139           2.1279532         20895
      1.496     0.250       92.945446           1.7619223         19535
      1.679     0.250       78.692101           1.5576153         18222
      1.884     0.250       65.511954           1.3245821         17090
      2.113     0.250       54.716185           1.1920059         15414
      2.371     0.250       47.246532           1.0592666         14390
      2.661     0.250       39.412086          0.91570025         13260
      2.985     0.250       33.624408          0.81476245         12193
      3.350     0.250       26.602881          0.64676140         11159
      3.758     0.250       21.066658          0.57300064          9861
      4.217     0.250       17.235386          0.46885506          8944
      4.732     0.250       14.456788          0.42943757          7988
      5.309     0.250       11.754900          0.35196658          7341
      5.957     0.250       9.4233042          0.30899930          6679
      6.683     0.250       8.1357810          0.28035252          6002
      7.499     0.250       6.5303375          0.23798004          5518
      8.414     0.250       5.5081475          0.21289723          4629
      9.441     0.250       3.9724437          0.14353429          4162
      0.106     0.350       1389.9322           13.915072         40727
      0.119     0.350       1322.6492           13.366007         41784
      0.133     0.350       1224.7228           12.619961         42200
      0.150     0.350       1105.1650           11.656543         42367
      0.168     0.350       1058.6574           11.132711         43582
      0.188     0.350       973.64911           10.438874         43214
      0.211     0.350       915.34022           9.9645812         43464
      0.237     0.350       828.14951           9.1033835         43533
      0.266     0.350       746.53724           8.4078195         42673
      0.299     0.350       683.90823           7.8340170         42379
      0.335     0.350       601.40340           7.0945431         41387
      0.376     0.350       538.72243           6.4340302         40373
      0.422     0.350       469.38562           5.8323610         39457
      0.473     0.350       419.06642           5.3344970         37705
      0.531     0.350       368.86607           4.7609702         36331
      0.596     0.350       316.63316           4.2301577         35027
      0.668     0.350       275.33244           3.7992126         33329
      0.750     0.350       239.55401           3.4116016         31612
      0.841     0.350       206.25589           3.0841484         29796
      0.944     0.350       170.38311           2.6532130         28079
      1.059     0.350       151.02009           2.4302163         26611
      1.189     0.350       125.81239           2.1283662         24835
      1.334     0.350       108.09358           1.9061489         23042
      1.496     0.350       91.706593           1.6993322         21475
      1.679     0.350       77.076257           1.4963329         20177
      1.884     0.350       61.028138           1.1882941         18403
      2.113     0.350       52.682443           1.0943346         16867
      2.371     0.350       43.221160          0.90899819         15699
      2.661     0.350       36.045664          0.84339307         14265
      2.985     0.350       29.568252          0.70019560         12903
      3.350     0.350       24.188031          0.58889063         11749
      3.758     0.350       20.603219          0.54050142         10661
      4.217     0.350       16.217043          0.44210027          9556
      4.732     0.350       13.688408          0.39332072          8760
      5.309     0.350       10.868289          0.32343775          7735
      5.957     0.350       9.1265054          0.28847083          7059
      6.683     0.350       7.3104820          0.25298379          6287
      7.499     0.350       6.0728025          0.22960117          5583
      8.414     0.350       5.3828813          0.19772946          5088
      9.441     0.350       3.9991146          0.15265462          4494
      0.106     0.450       1292.2447           12.221714         45414
      0.119     0.450       1238.1723           11.745010         46704
      0.133     0.450       1132.6516           11.017953         47331
      0.150     0.450       1039.3238           10.210513         47238
      0.168     0.450       989.67500           9.8538141         48232
      0.188     0.450       910.56273           9.0978837         48219
      0.211     0.450       857.31184           8.7145887         48194
      0.237     0.450       791.97409           8.1440382         48006
      0.266     0.450       699.24528           7.4003022         47162
      0.299     0.450       637.03086           6.8503995         46256
      0.335     0.450       583.85417           6.5132488         45389
      0.376     0.450       513.48672           5.8545137         44440
      0.422     0.450       456.21189           5.3011198         42590
      0.473     0.450       390.81391           4.6985405         40746
      0.531     0.450       350.72936           4.3403250         39066
      0.596     0.450       299.49873           3.8422799         37065
      0.668     0.450       264.25970           3.4912495         35530
      0.750     0.450       232.82460           3.1842285         33782
      0.841     0.450       199.22981           2.8403701         31301
      0.944     0.450       171.33190           2.5481604         29857
      1.059     0.450       143.19916           2.2584987         27764
      1.189     0.450       121.65352           1.9600767         25891
      1.334     0.450       106.62808           1.8239606         23912
      1.496     0.450       87.966390           1.5851420         22258
      1.679     0.450       74.128023           1.4077223         20292
      1.884     0.450       60.205592           1.1929386         18934
      2.113     0.450       50.515467           1.1035136         16948
      2.371     0.450       40.970827          0.87795876         15943
      2.661     0.450       33.701228          0.76205942         14203
      2.985     0.450       28.226977          0.67591780         13012
      3.350     0.450       22.672059          0.57505916         11877
      3.758     0.450       19.351591          0.50870154         10921
      4.217     0.450       15.433729          0.44088699          9444
      4.732     0.450       13.844345          0.41047789          8651
      5.309     0.450       10.724853          0.32425584          7944
      5.957     0.450       8.0916370          0.26188143          6910
      6.683     0.450       7.4435491          0.25485134          6264
      7.499     0.450       5.4350905          0.19704948          5419
      8.414     0.450       4.4670449          0.16144236          4956
      9.441     0.450       3.7764699          0.13981316          4351
      0.106     0.550       1220.8949           10.936022         49628
      0.119     0.550       1156.4857           10.493406         50322
      0.133     0.550       1090.4082           9.9632059         51060
      0.150     0.550       1011.7253           9.4615933         51370
      0.168     0.550       940.53050           8.8943268         51360
      0.188     0.550       899.99190           8.6011502         52078
      0.211     0.550       818.24538           7.9786985         51801
      0.237     0.550       761.53045           7.5351674         51078
      0.266     0.550       692.44509           7.0208801         50152
      0.299     0.550       625.54218           6.4886121         49165
      0.335     0.550       562.19536           5.9813601         48017
      0.376     0.550       503.67671           5.4875292         46633
      0.422     0.550       449.49357           5.0521044         44281
      0.473     0.550       388.46146           4.5134879         42447
      0.531     0.550       340.78700           4.1265085         40388
      0.596     0.550       301.57550           3.7685216         38518
      0.668     0.550       258.50863           3.3567827         36360
      0.750     0.550       226.88740           3.1076813         34170
      0.841     0.550       190.18131           2.6971076         32157
      0.944     0.550       165.42092           2.4557304         30267
      1.059     0.550       141.24959           2.2050606         28056
      1.189     0.550       119.19993           1.9615075         26044
      1.334     0.550       98.532860           1.7066065         23715
      1.496     0.550       82.155935           1.4833422         22317
      1.679     0.550       67.927358           1.2774350         20318
      1.884     0.550       58.918057           1.1588185         18723
      2.113     0.550       45.365120          0.95654922         16994
      2.371     0.550       39.351155          0.88486481         15523
      2.661     0.550       32.048977          0.72243244         14350
      2.985     0.550       27.725757          0.67969624         12879
      3.350     0.550       21.871530          0.55467088         11584
      3.758     0.550       17.910121          0.50157333         10421
      4.217     0.550       15.838088          0.46440525          9375
      4.732     0.550       12.639090          0.37779196          8490
      5.309     0.550       9.4997632          0.31598556          7490
      5.957     0.550       7.9945769          0.28668970          6695
      6.683     0.550       6.7707840          0.23226091          6124
      7.499     0.550       5.1286582          0.18617674          5320
      8.414     0.550       4.3093013          0.15934994          4833
      9.441     0.550       3.3822797          0.12978043          4197
      0.106     0.650       1194.9889           10.357019         52500
      0.119     0.650       1147.3531           9.9750960         53801
      0.133     0.650       1027.5806           9.1568366         54075
      0.150     0.650       975.02630           8.7538437         54190
      0.168     0.650       919.53981           8.3807362         54259
      0.188     0.650       854.81748           7.9440714         54810
      0.211     0.650       805.70839           7.5747903         54015
      0.237     0.650       741.49558           7.1542832         53078
      0.266     0.650       672.11807           6.6572760         52206
      0.299     0.650       599.10864           6.0905384         50926
      0.335     0.650       545.89617           5.6872151         49134
      0.376     0.650       486.07760           5.1836407         47537
      0.422     0.650       437.57791           4.8238641         45829
      0.473     0.650       377.27792           4.3241397         43529
      0.531     0.650       344.25966           4.0600506         41479
      0.596     0.650       287.05077           3.5929842         38868
      0.668     0.650       258.08443           3.2762231         37301
      0.750     0.650       220.51329           2.9810228         34499
      0.841     0.650       191.20620           2.6969813         32612
      0.944     0.650       160.60418           2.4006693         30187
      1.059     0.650       133.50681           2.1029191         28347
      1.189     0.650       114.48882           1.8579207         26247
      1.334     0.650       95.146150           1.6294827         24080
      1.496     0.650       79.961976           1.4409283         22103
      1.679     0.650       66.669066           1.2874515         20214
      1.884     0.650       56.486245           1.1627897         18559
      2.113     0.650       46.110297          0.97251866         16861
      2.371     0.650       38.749750          0.85393314         15567
      2.661     0.650       32.439421          0.76506442         14168
      2.985     0.650       26.170343          0.63565604         12809
      3.350     0.650       22.486985          0.57613826         11673
      3.758     0.650       18.618562          0.51853412         10448
      4.217     0.650       14.342940          0.41118143          9294
      4.732     0.650       11.434560          0.33838846          8303
      5.309     0.650       9.5294228          0.30554151          7494
      5.957     0.650       7.6976478          0.25304895          6766
      6.683     0.650       6.4475886          0.22141170          5977
      7.499     0.650       5.1184341          0.18239663          5188
      8.414     0.650       4.1648659          0.16712832          4610
      9.441     0.650       3.2376672          0.13414596          4099
      0.106     0.750       1145.7498           9.6408095         55500
      0.119     0.750       1106.4513           9.3768590         56253
      0.133     0.750       1027.4121           8.8437802         56405
      0.150     0.750       974.26067           8.5127828         56120
      0.168     0.750       902.85055           7.9957678         56664
      0.188     0.750       844.76351           7.6594294         56196
      0.211     0.750       790.45551           7.3151857         56002
      0.237     0.750       726.68931           6.8541336         54719
      0.266     0.750       660.95585           6.4313028         53114
      0.299     0.750       603.68229           6.0070920         51775
      0.335     0.750       532.19128           5.4730091         50018
      0.376     0.750       479.72497           5.0764664         48525
      0.422     0.750       426.89342           4.6719932         46237
      0.473     0.750       373.24206           4.2543750         44372
      0.531     0.750       329.02307           3.9074436         41315
      0.596     0.750       281.12017           3.4756940         39360
      0.668     0.750       252.53628           3.2728747         37041
      0.750     0.750       212.61999           2.9006498         34520
      0.841     0.750       179.07253           2.5729558         32482
      0.944     0.750       151.95930           2.2877923         29960
      1.059     0.750       130.18597           2.0871025         27718
      1.189     0.750       113.22349           1.8717959         25774
      1.334     0.750       94.704548           1.6631486         23392
      1.496     0.750       79.953835           1.4981310         21784
      1.679     0.750       66.359615           1.3074673         20136
      1.884     0.750       55.525991           1.1216883         18496
      2.113     0.750       44.117577          0.94611812         16726
      2.371     0.750       36.343494          0.82735961         15123
      2.661     0.750       31.126009          0.74394611         13817
      2.985     0.750       24.509514          0.60690557         12492
      3.350     0.750       20.111327          0.51976973         11312
      3.758     0.750       16.528820          0.46433831          9913
      4.217     0.750       13.616264          0.40278176          8954
      4.732     0.750       11.370127          0.35007948          7989
      5.309     0.750       9.3349500          0.30912999          7204
      5.957     0.750       7.1208336          0.24714035          6391
      6.683     0.750       6.1752777          0.21537026          5749
      7.499     0.750       5.2921352          0.21353724          5111
      8.414     0.750       3.8297001          0.14642940          4496
      9.441     0.750       2.9834779          0.12383490          3885
      0.106     0.850       1141.5984           9.3594285         57294
      0.119     0.850       1074.9143           8.8996916         57734
      0.133     0.850       1016.5737           8.5952068         57906
      0.150     0.850       949.59570           8.1741209         58059
      0.168     0.850       891.68761           7.7772457         57860
      0.188     0.850       828.08837           7.3706300         57162
      0.211     0.850       771.98468           7.0066000         56709
      0.237     0.850       707.62817           6.5669858         55659
      0.266     0.850       660.08428           6.2578909         54175
      0.299     0.850       597.89916           5.8733540         52747
      0.335     0.850       523.99070           5.3219122         50808
      0.376     0.850       468.58397           4.9205601         49051
      0.422     0.850       417.65650           4.5739991         46539
      0.473     0.850       369.86602           4.1823498         44137
      0.531     0.850       322.79396           3.8367717         42050
      0.596     0.850       276.62563           3.4496797         39227
      0.668     0.850       242.39477           3.1288631         37123
      0.750     0.850       208.96986           2.8565435         34354
      0.841     0.850       171.40097           2.4715365         32622
      0.944     0.850       150.55001           2.2959330         29978
      1.059     0.850       126.77291           2.0027649         27876
      1.189     0.850       106.92808           1.7996662         25565
      1.334     0.850       91.371000           1.6048117         23864
      1.496     0.850       76.763192           1.4250446         21962
      1.679     0.850       64.648881           1.2450105         20179
      1.884     0.850       52.398572           1.0866277         18277
      2.113     0.850       41.292095          0.91615651         16460
      2.371     0.850       36.586379          0.84664499         15160
      2.661     0.850       29.171355          0.69141967         13585
      2.985     0.850       24.883022          0.65260633         12439
      3.350     0.850       20.762808          0.55536072         11259
      3.758     0.850       16.840003          0.46781630         10186
      4.217     0.850       13.189467          0.40090234          9001
      4.732     0.850       10.679679          0.32959873          8080
      5.309     0.850       8.9804621          0.30172681          7179
      5.957     0.850       7.5427488          0.26756095          6447
      6.683     0.850       6.1049894          0.21701422          5877
      7.499     0.850       5.0032650          0.18454522          5173
      8.414     0.850       3.7807303          0.14474762          4475
      9.441     0.850       3.1311743          0.13568422          3865
      0.106     0.950       1121.3826           9.0322498         58728
      0.119     0.950       1073.3125           8.7272853         59249
      0.133     0.950       1011.1715           8.3933004         59392
      0.150     0.950       937.34958           7.9580069         59056
      0.168     0.950       881.45849           7.5804361         58938
      0.188     0.950       812.24692           7.1285370         58245
      0.211     0.950       779.22287           6.9279060         57866
      0.237     0.950       713.04108           6.5184141         56445
      0.266     0.950       650.15138           6.1430542         54731
      0.299     0.950       576.60057           5.6720403         52922
      0.335     0.950       520.58483           5.2646527         50628
      0.376     0.950       462.37065           4.8661648         48342
      0.422     0.950       406.87803           4.4569930         46426
      0.473     0.950       363.04083           4.1417588         43884
      0.531     0.950       310.35489           3.6956916         41278
      0.596     0.950       270.30316           3.3782627         38933
      0.668     0.950       235.03833           3.0741858         36782
      0.750     0.950       198.25569           2.7329660         34064
      0.841     0.950       174.42364           2.5036717         31693
      0.944     0.950       152.01809           2.2933488         29769
      1.059     0.950       127.58297           2.0313555         27452
      1.189     0.950       106.24760           1.8092413         25392
      1.334     0.950       88.603824           1.5656644         23004
      1.496     0.950       75.162463           1.3986396         21278
      1.679     0.950       61.983370           1.2255239         19651
      1.884     0.950       52.914856           1.1111848         17646
      2.113     0.950       40.783765          0.89150339         15915
      2.371     0.950       34.288019          0.80414456         14629
      2.661     0.950       27.700992          0.67292330         13383
      2.985     0.950       23.557796          0.59321577         12181
      3.350     0.950       19.130224          0.52130094         10584
      3.758     0.950       15.355600          0.41669247          9749
      4.217     0.950       12.725613          0.36526187          8798
      4.732     0.950       10.594727          0.33614374          7842
      5.309     0.950       8.8544225          0.29648427          6972
      5.957     0.950       7.1312249          0.25250389          6131
      6.683     0.950       5.9094244          0.21935390          5446
      7.499     0.950       4.4991143          0.17167812          4793
      8.414     0.950       4.2495406          0.17074778          4299
      9.441     0.950       3.1656829          0.13883188          3745
