 # fmax20_0311z.kam_nue   
      0.106    -0.950       283.60366           3.8453608         25088
      0.119    -0.950       273.98605           3.7519793         25160
      0.133    -0.950       276.42370           3.7433575         25589
      0.150    -0.950       276.02462           3.7219207         25503
      0.168    -0.950       264.33886           3.6240436         25483
      0.188    -0.950       252.95648           3.5107990         24774
      0.211    -0.950       241.35375           3.3779607         24442
      0.237    -0.950       223.59128           3.1929788         24027
      0.266    -0.950       209.53189           3.0623980         23061
      0.299    -0.950       191.37151           2.8775885         22008
      0.335    -0.950       180.23325           2.8017878         20953
      0.376    -0.950       163.57999           2.6355093         19614
      0.422    -0.950       147.55224           2.4219120         18759
      0.473    -0.950       134.43175           2.3273362         17258
      0.531    -0.950       117.19849           2.1242404         16183
      0.596    -0.950       106.63213           2.0153723         14926
      0.668    -0.950       92.928435           1.8654335         13714
      0.750    -0.950       79.319501           1.7012494         12432
      0.841    -0.950       66.503521           1.5030461         11133
      0.944    -0.950       58.093990           1.3926559         10259
      1.059    -0.950       48.574369           1.2454475          9304
      1.189    -0.950       40.021476           1.0738314          8350
      1.334    -0.950       33.520052          0.96926393          7312
      1.496    -0.950       26.775129          0.85436051          6319
      1.679    -0.950       22.937511          0.77598891          5623
      1.884    -0.950       19.009959          0.70352188          5087
      2.113    -0.950       13.680267          0.54730381          4276
      2.371    -0.950       11.848621          0.50482572          3820
      2.661    -0.950       9.3363205          0.43988847          3334
      2.985    -0.950       7.6132031          0.38564318          2934
      3.350    -0.950       6.6871712          0.35480257          2548
      3.758    -0.950       4.6616156          0.28871727          2082
      4.217    -0.950       4.0705544          0.26154930          1870
      4.732    -0.950       2.6293095          0.17378660          1547
      5.309    -0.950       2.0595977          0.15910913          1293
      5.957    -0.950       1.4600381          0.11808600          1107
      6.683    -0.950       1.3079081          0.11226504           980
      7.499    -0.950       1.0181026          0.93398656E-01       820
      8.414    -0.950      0.85894816          0.82965116E-01       749
      9.441    -0.950      0.53708386          0.55329099E-01       550
      0.106    -0.850       294.22622           4.1566572         24205
      0.119    -0.850       287.71516           4.0532342         24660
      0.133    -0.850       284.58648           4.0002483         25125
      0.150    -0.850       280.90642           3.9371159         25360
      0.168    -0.850       267.83095           3.7868379         25290
      0.188    -0.850       262.19603           3.7357274         25132
      0.211    -0.850       243.01767           3.4985677         24749
      0.237    -0.850       226.12762           3.3293822         23892
      0.266    -0.850       220.67452           3.2750031         23534
      0.299    -0.850       205.35069           3.1497575         22404
      0.335    -0.850       185.20150           2.9215182         21525
      0.376    -0.850       167.24626           2.7492041         20521
      0.422    -0.850       151.44936           2.5300047         19232
      0.473    -0.850       139.08176           2.3880638         18229
      0.531    -0.850       119.46252           2.1652501         16699
      0.596    -0.850       106.34009           2.0360762         15396
      0.668    -0.850       97.280592           1.9202782         14535
      0.750    -0.850       80.743530           1.7177396         12991
      0.841    -0.850       71.681805           1.5489583         12072
      0.944    -0.850       60.826521           1.4084160         10939
      1.059    -0.850       50.489091           1.2489118          9805
      1.189    -0.850       42.232402           1.1138881          8821
      1.334    -0.850       35.546014           1.0278472          7836
      1.496    -0.850       29.138674          0.85688777          6899
      1.679    -0.850       25.296932          0.81123912          6352
      1.884    -0.850       19.643093          0.68816816          5423
      2.113    -0.850       16.466399          0.62400720          4743
      2.371    -0.850       11.960722          0.49107529          4164
      2.661    -0.850       10.104824          0.43962091          3547
      2.985    -0.850       8.4039846          0.39088971          3266
      3.350    -0.850       6.5768463          0.33355412          2722
      3.758    -0.850       5.2253797          0.28540468          2264
      4.217    -0.850       4.3387563          0.25237077          2046
      4.732    -0.850       3.1110486          0.20020429          1728
      5.309    -0.850       2.4017518          0.16067040          1488
      5.957    -0.850       1.6767602          0.13281147          1243
      6.683    -0.850       1.3749457          0.10820850          1044
      7.499    -0.850      0.98447247          0.76611863E-01       907
      8.414    -0.850      0.87012589          0.81991780E-01       776
      9.441    -0.850      0.68715413          0.75226535E-01       660
      0.106    -0.750       328.60488           4.6214036         24175
      0.119    -0.750       333.26240           4.6751863         24747
      0.133    -0.750       318.81557           4.4858173         25036
      0.150    -0.750       312.68794           4.3908109         25260
      0.168    -0.750       295.08522           4.2006943         25090
      0.188    -0.750       282.58705           4.0340041         25176
      0.211    -0.750       268.08102           3.8592194         24788
      0.237    -0.750       262.92826           3.7878670         24693
      0.266    -0.750       240.91176           3.5500773         23759
      0.299    -0.750       221.04187           3.4181396         22796
      0.335    -0.750       202.88043           3.1845948         22030
      0.376    -0.750       184.79745           2.9708593         20933
      0.422    -0.750       167.42069           2.7729114         19920
      0.473    -0.750       151.18975           2.6259622         18573
      0.531    -0.750       130.43151           2.3354838         17470
      0.596    -0.750       113.51525           2.1336209         16224
      0.668    -0.750       99.153662           1.9195597         15224
      0.750    -0.750       90.300164           1.8603781         13999
      0.841    -0.750       77.517360           1.6994590         12603
      0.944    -0.750       64.737823           1.5018697         11463
      1.059    -0.750       54.467992           1.3400385         10444
      1.189    -0.750       45.135195           1.1761728          9296
      1.334    -0.750       37.051542           1.0306583          8364
      1.496    -0.750       31.710617          0.93490593          7436
      1.679    -0.750       25.783703          0.82696873          6701
      1.884    -0.750       20.910425          0.70075973          5827
      2.113    -0.750       18.221631          0.66590888          5155
      2.371    -0.750       13.538955          0.52276824          4522
      2.661    -0.750       11.387059          0.49583812          3981
      2.985    -0.750       8.9695276          0.41556536          3486
      3.350    -0.750       6.9905667          0.34908610          2930
      3.758    -0.750       5.2129851          0.26460433          2527
      4.217    -0.750       4.5894388          0.27735506          2099
      4.732    -0.750       3.7309861          0.20367560          1952
      5.309    -0.750       2.6799793          0.18332039          1612
      5.957    -0.750       1.9064704          0.12361274          1433
      6.683    -0.750       1.8385071          0.13904249          1251
      7.499    -0.750       1.1834534          0.90486769E-01      1009
      8.414    -0.750      0.90875908          0.89005513E-01       815
      9.441    -0.750      0.74785903          0.70381163E-01       700
      0.106    -0.650       338.27398           4.9652195         23100
      0.119    -0.650       337.47641           4.8816857         23627
      0.133    -0.650       334.95336           4.8421360         24320
      0.150    -0.650       328.48065           4.7513591         24373
      0.168    -0.650       296.26809           4.3440436         24311
      0.188    -0.650       284.23569           4.1833951         24472
      0.211    -0.650       275.12388           4.0907507         24202
      0.237    -0.650       260.82052           3.8437129         24124
      0.266    -0.650       248.51974           3.7816579         23699
      0.299    -0.650       226.89437           3.5417447         22947
      0.335    -0.650       209.12995           3.3413970         22040
      0.376    -0.650       184.09147           3.0445543         20756
      0.422    -0.650       166.21212           2.8126224         19960
      0.473    -0.650       154.23156           2.6811132         19201
      0.531    -0.650       139.49032           2.5329059         17808
      0.596    -0.650       124.13997           2.3270936         16910
      0.668    -0.650       104.22497           2.0782209         15353
      0.750    -0.650       95.222606           1.9427513         14588
      0.841    -0.650       80.626405           1.7133352         13208
      0.944    -0.650       70.355330           1.5933091         12130
      1.059    -0.650       57.827283           1.3712101         11071
      1.189    -0.650       49.641140           1.2475996         10017
      1.334    -0.650       42.116015           1.1489400          9081
      1.496    -0.650       35.337701           1.0278458          8285
      1.679    -0.650       28.678498          0.85106580          7344
      1.884    -0.650       23.946016          0.78884438          6417
      2.113    -0.650       17.848000          0.60174672          5554
      2.371    -0.650       14.872764          0.54995561          4921
      2.661    -0.650       12.175647          0.49411183          4321
      2.985    -0.650       9.1276907          0.38838737          3746
      3.350    -0.650       7.9054688          0.36906226          3300
      3.758    -0.650       5.9754154          0.29406732          2869
      4.217    -0.650       4.6998934          0.25041780          2459
      4.732    -0.650       3.8943653          0.21469257          2095
      5.309    -0.650       3.2357503          0.19860919          1857
      5.957    -0.650       2.2752395          0.14315423          1553
      6.683    -0.650       1.6174717          0.11868788          1239
      7.499    -0.650       1.6183534          0.13113348          1136
      8.414    -0.650       1.0776621          0.86307138E-01       937
      9.441    -0.650      0.81739500          0.78627005E-01       817
      0.106    -0.550       304.75847           4.7899143         21165
      0.119    -0.550       314.67358           4.9267666         21710
      0.133    -0.550       302.65718           4.6501663         22187
      0.150    -0.550       285.00017           4.4065207         22436
      0.168    -0.550       280.83041           4.4271725         22736
      0.188    -0.550       267.34297           4.1406251         22951
      0.211    -0.550       261.81316           4.0390199         23218
      0.237    -0.550       245.40225           3.8754782         23025
      0.266    -0.550       230.24577           3.6755038         22497
      0.299    -0.550       212.37879           3.4867421         21998
      0.335    -0.550       198.39649           3.2816950         21435
      0.376    -0.550       177.90229           3.0264247         20541
      0.422    -0.550       161.94121           2.8016388         19613
      0.473    -0.550       147.19121           2.6150811         19111
      0.531    -0.550       134.19588           2.4367089         18093
      0.596    -0.550       118.11940           2.2503649         17031
      0.668    -0.550       103.41742           2.0186619         16089
      0.750    -0.550       90.482833           1.8304801         14859
      0.841    -0.550       80.317426           1.7188865         13798
      0.944    -0.550       70.875551           1.5865745         12693
      1.059    -0.550       60.376318           1.4319676         11679
      1.189    -0.550       51.797020           1.2913614         10538
      1.334    -0.550       41.311496           1.0731325          9545
      1.496    -0.550       36.963055           1.0441876          8695
      1.679    -0.550       30.714579          0.88664520          7830
      1.884    -0.550       25.525526          0.80162850          6776
      2.113    -0.550       19.808060          0.65774274          5976
      2.371    -0.550       16.799838          0.60547308          5381
      2.661    -0.550       14.172157          0.52054956          4788
      2.985    -0.550       11.482909          0.48128447          4216
      3.350    -0.550       8.3549347          0.36671068          3676
      3.758    -0.550       7.3552413          0.32708145          3249
      4.217    -0.550       5.3019905          0.27099824          2704
      4.732    -0.550       4.8456268          0.25441098          2346
      5.309    -0.550       3.3898235          0.19811660          2047
      5.957    -0.550       2.6275487          0.17086252          1729
      6.683    -0.550       1.7783079          0.11168754          1446
      7.499    -0.550       1.5029586          0.10768636          1185
      8.414    -0.550       1.1232482          0.85535514E-01      1045
      9.441    -0.550       1.0328659          0.84423755E-01       869
      0.106    -0.450       284.59272           5.0017226         18659
      0.119    -0.450       288.52231           4.9841054         19159
      0.133    -0.450       291.51298           4.9598295         20340
      0.150    -0.450       278.13625           4.6582640         20537
      0.168    -0.450       266.76543           4.5659501         20701
      0.188    -0.450       256.90390           4.3541425         21117
      0.211    -0.450       233.22444           3.9275757         20882
      0.237    -0.450       234.77552           3.9996757         21420
      0.266    -0.450       210.80914           3.6409839         21069
      0.299    -0.450       200.27508           3.4875823         20665
      0.335    -0.450       187.71705           3.2549962         20603
      0.376    -0.450       173.28172           3.1251302         19910
      0.422    -0.450       154.97556           2.8608053         18919
      0.473    -0.450       144.32384           2.7631758         18509
      0.531    -0.450       132.09351           2.5245665         17778
      0.596    -0.450       114.21415           2.2448997         16647
      0.668    -0.450       100.98735           1.9963711         15987
      0.750    -0.450       90.317766           1.8554587         15166
      0.841    -0.450       79.102885           1.7072484         13729
      0.944    -0.450       72.091303           1.5758208         13155
      1.059    -0.450       57.700735           1.3489335         12089
      1.189    -0.450       49.739132           1.1964573         10987
      1.334    -0.450       46.257040           1.1809888         10156
      1.496    -0.450       38.855398           1.0438194          9062
      1.679    -0.450       31.543802          0.89413955          8258
      1.884    -0.450       26.830052          0.79359401          7376
      2.113    -0.450       23.211990          0.74934140          6629
      2.371    -0.450       18.003582          0.60812762          6021
      2.661    -0.450       15.905220          0.55332020          5367
      2.985    -0.450       11.943587          0.46602878          4525
      3.350    -0.450       9.3247249          0.38127924          4079
      3.758    -0.450       7.4286771          0.33253352          3508
      4.217    -0.450       6.2086160          0.29207976          3088
      4.732    -0.450       5.1717035          0.26257437          2661
      5.309    -0.450       3.7406262          0.20124432          2254
      5.957    -0.450       3.0221933          0.16353568          1996
      6.683    -0.450       2.3080805          0.15112925          1683
      7.499    -0.450       1.9276184          0.12213501          1393
      8.414    -0.450       1.4505488          0.10207375          1256
      9.441    -0.450       1.3815141          0.10879306          1028
      0.106    -0.350       313.46589           5.8566924         16771
      0.119    -0.350       307.60993           5.7774661         17152
      0.133    -0.350       298.55530           5.4422345         17860
      0.150    -0.350       294.11541           5.4079467         18441
      0.168    -0.350       275.12367           5.0679278         18594
      0.188    -0.350       262.57848           4.9099109         18835
      0.211    -0.350       248.44828           4.6096033         19071
      0.237    -0.350       234.04291           4.3285185         19036
      0.266    -0.350       214.84519           4.0042318         18859
      0.299    -0.350       205.19670           3.8454732         18939
      0.335    -0.350       187.82081           3.5268099         18940
      0.376    -0.350       167.81254           3.2589158         18062
      0.422    -0.350       156.91468           3.0593465         17590
      0.473    -0.350       138.89841           2.7604126         17169
      0.531    -0.350       131.59435           2.6538331         16637
      0.596    -0.350       116.43528           2.4066667         16128
      0.668    -0.350       101.79935           2.1132823         15502
      0.750    -0.350       89.100263           1.9472253         14552
      0.841    -0.350       79.702597           1.7758125         13749
      0.944    -0.350       68.932716           1.5445127         12965
      1.059    -0.350       61.680647           1.4584570         12215
      1.189    -0.350       54.822236           1.3711171         11079
      1.334    -0.350       47.375654           1.1961399         10317
      1.496    -0.350       39.732243           1.0610633          9504
      1.679    -0.350       33.412511          0.93837235          8581
      1.884    -0.350       27.858017          0.83777971          7829
      2.113    -0.350       22.766608          0.70370322          7113
      2.371    -0.350       18.894270          0.58798732          6356
      2.661    -0.350       16.394054          0.56031757          5641
      2.985    -0.350       13.443058          0.47846929          5212
      3.350    -0.350       11.219144          0.44369760          4410
      3.758    -0.350       8.0482382          0.32932155          3889
      4.217    -0.350       7.6182238          0.33379194          3624
      4.732    -0.350       5.6440395          0.26195146          3052
      5.309    -0.350       4.6507739          0.22443450          2727
      5.957    -0.350       3.7690540          0.19365922          2314
      6.683    -0.350       3.2063948          0.18632737          2064
      7.499    -0.350       2.4942779          0.15701592          1714
      8.414    -0.350       1.7717241          0.11908298          1413
      9.441    -0.350       1.2670299          0.93270049E-01      1235
      0.106    -0.250       353.31567           7.1026039         14081
      0.119    -0.250       329.82662           6.6011178         14682
      0.133    -0.250       323.81292           6.2886303         15018
      0.150    -0.250       310.12957           6.3560260         15321
      0.168    -0.250       293.41660           5.7508281         15813
      0.188    -0.250       278.32481           5.5318007         15842
      0.211    -0.250       258.27763           5.2571007         16002
      0.237    -0.250       256.34419           5.2763878         16242
      0.266    -0.250       226.57722           4.7149749         15869
      0.299    -0.250       212.49238           4.4438531         15958
      0.335    -0.250       195.29034           4.0122667         15761
      0.376    -0.250       185.77624           3.9313818         15591
      0.422    -0.250       161.07420           3.4165050         15298
      0.473    -0.250       144.20371           3.0681903         15046
      0.531    -0.250       130.73952           2.8862562         14625
      0.596    -0.250       121.31644           2.7973216         14102
      0.668    -0.250       105.94789           2.3852259         13759
      0.750    -0.250       95.514338           2.1780495         13252
      0.841    -0.250       83.334706           2.0187685         12649
      0.944    -0.250       76.188626           1.8747030         12135
      1.059    -0.250       63.641799           1.6504688         11159
      1.189    -0.250       54.744691           1.4124039         10719
      1.334    -0.250       47.069821           1.2646074          9996
      1.496    -0.250       42.940094           1.2291592          9327
      1.679    -0.250       35.786567           1.0180814          8712
      1.884    -0.250       30.370210          0.91045840          7873
      2.113    -0.250       27.012894          0.86195267          7280
      2.371    -0.250       22.453882          0.70685684          6674
      2.661    -0.250       18.678957          0.65674743          5908
      2.985    -0.250       15.602287          0.54786197          5444
      3.350    -0.250       12.182636          0.48470303          4843
      3.758    -0.250       10.645158          0.41922478          4471
      4.217    -0.250       8.0365637          0.33342872          3824
      4.732    -0.250       6.4959082          0.28695748          3365
      5.309    -0.250       5.7515587          0.28802418          2979
      5.957    -0.250       3.9628250          0.19353819          2508
      6.683    -0.250       3.4700032          0.18578037          2234
      7.499    -0.250       2.8068187          0.15174979          1933
      8.414    -0.250       2.0181473          0.12233050          1706
      9.441    -0.250       1.8180975          0.11026570          1500
      0.106    -0.150       360.10661           8.1352021         10597
      0.119    -0.150       367.26280           8.3102727         10996
      0.133    -0.150       360.49185           8.2841468         11355
      0.150    -0.150       337.58108           7.6691387         11307
      0.168    -0.150       305.48175           7.0262993         11372
      0.188    -0.150       297.20773           6.7381958         11878
      0.211    -0.150       282.88117           6.4676966         12053
      0.237    -0.150       274.94229           6.4388233         11969
      0.266    -0.150       242.27808           5.6541672         11843
      0.299    -0.150       234.53763           5.7159591         11852
      0.335    -0.150       223.73260           5.3666092         11778
      0.376    -0.150       205.15806           5.2206091         11675
      0.422    -0.150       170.69617           4.4446794         11490
      0.473    -0.150       158.89933           4.0260789         11156
      0.531    -0.150       135.75598           3.6267769         10891
      0.596    -0.150       124.94948           3.3354899         10692
      0.668    -0.150       109.67856           3.0213058         10218
      0.750    -0.150       101.60312           2.7863953         10114
      0.841    -0.150       84.678240           2.4537401          9405
      0.944    -0.150       74.779548           2.2137489          9113
      1.059    -0.150       68.425206           2.0233612          8695
      1.189    -0.150       60.049177           1.7510297          8591
      1.334    -0.150       51.985833           1.6539518          7996
      1.496    -0.150       46.650021           1.5963814          7633
      1.679    -0.150       38.719287           1.3360183          6972
      1.884    -0.150       33.206468           1.1898228          6512
      2.113    -0.150       27.134543           1.0059135          6096
      2.371    -0.150       25.547675          0.95536028          5683
      2.661    -0.150       19.638854          0.79449535          5139
      2.985    -0.150       15.995299          0.61101804          4669
      3.350    -0.150       14.059625          0.53127392          4460
      3.758    -0.150       10.569395          0.42079657          3901
      4.217    -0.150       9.8168295          0.42270694          3627
      4.732    -0.150       7.5049114          0.32224031          3260
      5.309    -0.150       6.3736027          0.30453288          2918
      5.957    -0.150       5.3328115          0.27009991          2567
      6.683    -0.150       4.2379951          0.21262520          2360
      7.499    -0.150       3.4661297          0.20162733          1977
      8.414    -0.150       2.7075754          0.15344039          1794
      9.441    -0.150       2.4384791          0.15289590          1579
      0.106    -0.050       438.59235           16.825480          5031
      0.119    -0.050       445.22752           16.690178          5203
      0.133    -0.050       435.97142           17.649761          5328
      0.150    -0.050       415.65499           15.759886          5200
      0.168    -0.050       407.95978           17.288571          5314
      0.188    -0.050       388.93913           15.959393          5368
      0.211    -0.050       346.68691           14.392137          5334
      0.237    -0.050       333.93884           14.775776          5354
      0.266    -0.050       320.15247           14.070195          5336
      0.299    -0.050       292.29171           12.542647          5197
      0.335    -0.050       264.43965           12.058333          5061
      0.376    -0.050       232.87008           10.365612          4931
      0.422    -0.050       208.96793           9.3959153          4883
      0.473    -0.050       195.68901           8.5146172          4850
      0.531    -0.050       176.76030           8.6433186          4756
      0.596    -0.050       153.51416           7.1573199          4497
      0.668    -0.050       134.06911           7.1713782          4302
      0.750    -0.050       124.78241           5.9590805          4216
      0.841    -0.050       106.20098           6.0449862          4003
      0.944    -0.050       92.091314           5.3031092          3819
      1.059    -0.050       74.637111           4.7019663          3652
      1.189    -0.050       65.106415           4.1474211          3409
      1.334    -0.050       52.905357           3.3006957          3308
      1.496    -0.050       50.375165           3.5145273          3107
      1.679    -0.050       47.456169           3.6073459          3016
      1.884    -0.050       33.796623           2.2121507          2748
      2.113    -0.050       30.235320           1.9561204          2703
      2.371    -0.050       23.927589           1.5424037          2422
      2.661    -0.050       23.784948           1.9894709          2326
      2.985    -0.050       18.633329           1.1952903          2232
      3.350    -0.050       15.373886           1.1546827          1899
      3.758    -0.050       14.515797           1.5760745          1867
      4.217    -0.050       10.849915          0.99215651          1629
      4.732    -0.050       9.1481623          0.81816912          1468
      5.309    -0.050       7.4643542          0.64291586          1348
      5.957    -0.050       6.4831134          0.61700329          1228
      6.683    -0.050       5.5757349          0.49542649          1156
      7.499    -0.050       4.7893165          0.66884073           965
      8.414    -0.050       3.4162799          0.28565529           909
      9.441    -0.050       2.9957664          0.30614610           842
      0.106     0.050       419.07140           16.562982          4969
      0.119     0.050       421.11616           17.245094          5135
      0.133     0.050       410.79752           16.578919          5142
      0.150     0.050       406.64940           15.606088          5264
      0.168     0.050       385.10779           15.358457          5384
      0.188     0.050       374.33122           15.237877          5346
      0.211     0.050       327.37520           13.904539          5391
      0.237     0.050       329.78620           13.773734          5357
      0.266     0.050       294.22455           12.639613          5367
      0.299     0.050       287.94108           12.571988          5281
      0.335     0.050       249.70668           11.562045          5065
      0.376     0.050       231.31419           10.737488          4837
      0.422     0.050       206.20107           8.7697794          4922
      0.473     0.050       173.14569           7.3245781          4809
      0.531     0.050       179.55936           9.0835415          4712
      0.596     0.050       153.95655           7.4690248          4530
      0.668     0.050       137.67738           7.3096123          4445
      0.750     0.050       121.31135           5.9947411          4202
      0.841     0.050       103.96513           6.2587096          3985
      0.944     0.050       91.147696           5.0587789          3893
      1.059     0.050       81.589836           5.0589994          3609
      1.189     0.050       71.620903           4.5259937          3466
      1.334     0.050       57.836416           3.7590205          3296
      1.496     0.050       52.292435           3.8914590          3139
      1.679     0.050       48.727133           3.8795510          3055
      1.884     0.050       34.150202           2.4012495          2735
      2.113     0.050       33.130381           2.5691784          2575
      2.371     0.050       25.749034           1.6082818          2491
      2.661     0.050       24.642604           2.0570987          2298
      2.985     0.050       18.601593           1.3108810          2089
      3.350     0.050       16.834467           1.3417468          2041
      3.758     0.050       13.912688           1.3530653          1800
      4.217     0.050       11.090630          0.96487971          1658
      4.732     0.050       9.5166168          0.80717286          1475
      5.309     0.050       7.4660723          0.63686900          1307
      5.957     0.050       5.5554000          0.56610075          1211
      6.683     0.050       5.1672456          0.46257055          1124
      7.499     0.050       4.7125813          0.64682250           969
      8.414     0.050       3.0491064          0.22800059           905
      9.441     0.050       2.4771728          0.27968767           789
      0.106     0.150       285.90320           6.2384416         10246
      0.119     0.150       288.51632           6.1967575         10800
      0.133     0.150       279.51805           5.9950551         11069
      0.150     0.150       278.41766           6.0800018         11177
      0.168     0.150       270.01569           5.8841140         11413
      0.188     0.150       272.26805           5.8418563         11916
      0.211     0.150       247.34792           5.3534114         11740
      0.237     0.150       235.37210           5.1500916         11946
      0.266     0.150       224.01413           4.9400131         11739
      0.299     0.150       201.91561           4.5752692         11788
      0.335     0.150       200.26575           4.5837168         11764
      0.376     0.150       184.39186           4.2434165         11813
      0.422     0.150       170.20514           4.1544343         11327
      0.473     0.150       156.59305           3.8320532         11247
      0.531     0.150       135.24435           3.3546563         10902
      0.596     0.150       121.88033           3.1900672         10543
      0.668     0.150       112.44454           2.9631713         10226
      0.750     0.150       99.121214           2.6175832         10017
      0.841     0.150       89.329141           2.4741106          9592
      0.944     0.150       79.840073           2.2866712          9251
      1.059     0.150       71.111749           2.1144095          8832
      1.189     0.150       63.265139           1.9059315          8516
      1.334     0.150       51.746568           1.6124094          7914
      1.496     0.150       45.464935           1.4614350          7435
      1.679     0.150       38.491907           1.3870162          6929
      1.884     0.150       33.931933           1.1725558          6602
      2.113     0.150       28.119242           1.0200528          6196
      2.371     0.150       25.414267          0.97435687          5628
      2.661     0.150       20.664494          0.82388760          5163
      2.985     0.150       17.671147          0.73761669          4856
      3.350     0.150       13.910670          0.59431730          4363
      3.758     0.150       11.980295          0.50400802          4048
      4.217     0.150       9.9653030          0.46804772          3580
      4.732     0.150       7.7310240          0.37429735          3123
      5.309     0.150       6.6609500          0.31774998          2910
      5.957     0.150       5.2686204          0.25583539          2490
      6.683     0.150       4.5365464          0.27605121          2196
      7.499     0.150       3.3938814          0.18888949          2007
      8.414     0.150       2.7536428          0.16880845          1683
      9.441     0.150       2.2647970          0.14191868          1523
      0.106     0.250       225.93680           4.2896314         13232
      0.119     0.250       224.36131           4.2094227         13881
      0.133     0.250       224.69851           4.0933708         14363
      0.150     0.250       224.64761           4.1717759         14803
      0.168     0.250       223.48644           4.0821825         15249
      0.188     0.250       218.41951           4.0044721         15456
      0.211     0.250       194.96288           3.6284122         15521
      0.237     0.250       190.10951           3.5967817         15856
      0.266     0.250       189.22204           3.5589602         15739
      0.299     0.250       182.20262           3.4707335         15859
      0.335     0.250       172.81573           3.2872708         15796
      0.376     0.250       159.83071           3.1289876         15551
      0.422     0.250       143.22694           2.8592031         15195
      0.473     0.250       134.84296           2.7541652         14963
      0.531     0.250       127.19333           2.6299978         14824
      0.596     0.250       114.77394           2.4636405         14093
      0.668     0.250       105.76243           2.3215375         13872
      0.750     0.250       90.218619           2.0582759         13008
      0.841     0.250       82.702817           1.9023597         12715
      0.944     0.250       73.853874           1.7427491         11796
      1.059     0.250       64.924452           1.6188707         11281
      1.189     0.250       55.993727           1.4491844         10559
      1.334     0.250       46.330374           1.2453762          9810
      1.496     0.250       44.214619           1.2458783          9270
      1.679     0.250       36.377883           1.0885373          8452
      1.884     0.250       33.529124           1.0113390          7994
      2.113     0.250       27.376489          0.88088066          7253
      2.371     0.250       23.066862          0.80891484          6622
      2.661     0.250       17.900714          0.59347622          5993
      2.985     0.250       14.929439          0.56132074          5323
      3.350     0.250       12.158963          0.47341300          4791
      3.758     0.250       10.811016          0.44069408          4421
      4.217     0.250       8.1985608          0.34784959          3852
      4.732     0.250       6.3777796          0.28955817          3377
      5.309     0.250       5.6577783          0.26465460          2966
      5.957     0.250       4.1294189          0.21376775          2517
      6.683     0.250       3.4982828          0.20248676          2189
      7.499     0.250       2.7768717          0.15367624          1850
      8.414     0.250       1.9188449          0.11191383          1636
      9.441     0.250       1.6949853          0.11406492          1506
      0.106     0.350       204.57014           3.4809361         15864
      0.119     0.350       204.94505           3.4715115         16443
      0.133     0.350       205.71291           3.4431010         17063
      0.150     0.350       194.74504           3.2326873         17188
      0.168     0.350       201.09973           3.3571775         17916
      0.188     0.350       192.66819           3.2152190         18136
      0.211     0.350       185.48137           3.0692306         18426
      0.237     0.350       180.91905           3.0308258         18440
      0.266     0.350       173.97487           2.9902379         18306
      0.299     0.350       166.72102           2.8588779         18449
      0.335     0.350       156.53473           2.7673407         18035
      0.376     0.350       149.17317           2.5940446         17927
      0.422     0.350       137.54142           2.4899952         17704
      0.473     0.350       129.32023           2.3475994         17232
      0.531     0.350       113.57727           2.1331742         16577
      0.596     0.350       107.57273           2.1346699         16188
      0.668     0.350       96.040012           1.9486669         15084
      0.750     0.350       87.295869           1.8044636         14477
      0.841     0.350       81.160075           1.7231324         13855
      0.944     0.350       67.191890           1.4708334         12705
      1.059     0.350       60.299649           1.4177484         12175
      1.189     0.350       51.154700           1.2566339         11308
      1.334     0.350       46.540584           1.1954790         10331
      1.496     0.350       38.391295           1.0115692          9556
      1.679     0.350       32.753431          0.90572116          8533
      1.884     0.350       28.631333          0.79418307          8114
      2.113     0.350       23.929249          0.72397945          7287
      2.371     0.350       20.164302          0.64661376          6550
      2.661     0.350       16.615836          0.57600383          5753
      2.985     0.350       13.324648          0.50267196          5173
      3.350     0.350       11.242744          0.43788890          4534
      3.758     0.350       9.2138755          0.38036807          4103
      4.217     0.350       7.5050054          0.33823854          3505
      4.732     0.350       6.2275496          0.30106754          3101
      5.309     0.350       5.0450468          0.26193362          2628
      5.957     0.350       3.7266278          0.19658745          2364
      6.683     0.350       3.1240585          0.17989488          2114
      7.499     0.350       2.2994644          0.13481243          1693
      8.414     0.350       1.8212043          0.11096617          1479
      9.441     0.350       1.3162417          0.92229770E-01      1314
      0.106     0.450       189.62840           3.0315251         17767
      0.119     0.450       190.42917           2.9886459         18537
      0.133     0.450       189.30553           2.9326074         19251
      0.150     0.450       194.34986           2.9744364         19608
      0.168     0.450       187.74298           2.8865634         20018
      0.188     0.450       183.59773           2.7932373         20470
      0.211     0.450       181.73113           2.8207746         20539
      0.237     0.450       172.74373           2.6801344         20497
      0.266     0.450       164.81933           2.6053256         20521
      0.299     0.450       158.94901           2.5219821         20080
      0.335     0.450       152.82728           2.4668812         19824
      0.376     0.450       145.83843           2.4214915         19512
      0.422     0.450       133.27785           2.2456280         18799
      0.473     0.450       122.47965           2.1380234         18064
      0.531     0.450       112.40749           2.0122254         17375
      0.596     0.450       104.03886           1.9352125         16491
      0.668     0.450       92.028895           1.7651509         15679
      0.750     0.450       84.293943           1.6916329         14770
      0.841     0.450       74.080036           1.5340773         13713
      0.944     0.450       66.710287           1.4534349         12708
      1.059     0.450       58.858404           1.3573929         11754
      1.189     0.450       50.607891           1.2296586         10993
      1.334     0.450       43.849057           1.0815713         10288
      1.496     0.450       39.752689           1.0425805          9188
      1.679     0.450       31.448550          0.87589607          8307
      1.884     0.450       25.695968          0.76604960          7337
      2.113     0.450       21.820904          0.67016671          6564
      2.371     0.450       19.205554          0.62459888          6030
      2.661     0.450       15.745491          0.58472510          5249
      2.985     0.450       12.706056          0.50773845          4734
      3.350     0.450       10.146835          0.41732876          4034
      3.758     0.450       7.3439101          0.31363506          3544
      4.217     0.450       6.6712863          0.31843125          3075
      4.732     0.450       5.2160395          0.27749375          2648
      5.309     0.450       4.0543847          0.22819215          2279
      5.957     0.450       3.0540574          0.17604720          2009
      6.683     0.450       2.6139855          0.16891816          1744
      7.499     0.450       2.2454057          0.16978977          1516
      8.414     0.450       1.2935178          0.85191744E-01      1256
      9.441     0.450       1.2123061          0.10538164          1073
      0.106     0.550       183.50647           2.7462525         19584
      0.119     0.550       183.18384           2.7091591         20204
      0.133     0.550       185.92299           2.7167347         20911
      0.150     0.550       184.43906           2.7058105         21307
      0.168     0.550       179.71816           2.6344112         21516
      0.188     0.550       177.06939           2.5998090         21924
      0.211     0.550       171.54508           2.5229806         21904
      0.237     0.550       164.37040           2.4233280         21499
      0.266     0.550       164.00844           2.4385114         21775
      0.299     0.550       158.57484           2.3966880         21556
      0.335     0.550       146.67335           2.2596796         20530
      0.376     0.550       135.08591           2.1223908         20008
      0.422     0.550       130.12875           2.0945930         19266
      0.473     0.550       118.75337           2.0084261         18188
      0.531     0.550       110.04826           1.8997513         17628
      0.596     0.550       100.57352           1.7907165         16665
      0.668     0.550       91.827772           1.7155159         15636
      0.750     0.550       79.779935           1.5605810         14443
      0.841     0.550       73.432343           1.5195622         13462
      0.944     0.550       64.392723           1.3853932         12624
      1.059     0.550       54.328345           1.2437302         11477
      1.189     0.550       46.123956           1.1195420         10429
      1.334     0.550       40.686102           1.0363704          9445
      1.496     0.550       34.275376          0.93397635          8448
      1.679     0.550       30.039557          0.85827935          7675
      1.884     0.550       24.329804          0.71913783          6820
      2.113     0.550       19.932571          0.63208914          6154
      2.371     0.550       16.087700          0.57573359          5274
      2.661     0.550       14.361832          0.54429034          4604
      2.985     0.550       11.694105          0.46058737          4159
      3.350     0.550       8.2693455          0.35433832          3590
      3.758     0.550       6.6422590          0.30583543          3173
      4.217     0.550       5.6020997          0.29413152          2731
      4.732     0.550       4.2245323          0.23559808          2355
      5.309     0.550       3.3029641          0.20295195          2019
      5.957     0.550       2.6427958          0.15984161          1752
      6.683     0.550       2.1441231          0.14551444          1485
      7.499     0.550       1.4223339          0.10441842          1211
      8.414     0.550       1.2109697          0.92748371E-01      1092
      9.441     0.550      0.86658857          0.69529158E-01       892
      0.106     0.650       175.59724           2.5141214         20674
      0.119     0.650       184.05229           2.5728886         21615
      0.133     0.650       183.03896           2.5823023         21919
      0.150     0.650       183.59639           2.5599129         22464
      0.168     0.650       179.59027           2.5304639         22743
      0.188     0.650       174.24677           2.4359227         22825
      0.211     0.650       170.67174           2.3985333         22829
      0.237     0.650       167.51047           2.3879663         22562
      0.266     0.650       160.55597           2.3144664         22317
      0.299     0.650       156.99678           2.3242154         21653
      0.335     0.650       145.47314           2.1735314         21105
      0.376     0.650       133.35565           2.0521949         20541
      0.422     0.650       126.00296           1.9988390         19254
      0.473     0.650       114.13936           1.8934850         18310
      0.531     0.650       103.93116           1.7865799         17263
      0.596     0.650       96.920666           1.7174552         16320
      0.668     0.650       86.968250           1.6073136         14982
      0.750     0.650       76.621110           1.4869987         14215
      0.841     0.650       66.820709           1.3789517         12848
      0.944     0.650       60.274068           1.3028482         11950
      1.059     0.650       50.277305           1.1547058         10882
      1.189     0.650       44.891624           1.0857983          9892
      1.334     0.650       38.376500          0.96190227          8962
      1.496     0.650       30.614665          0.86442543          7871
      1.679     0.650       26.262443          0.77212760          7115
      1.884     0.650       22.292742          0.70609137          6419
      2.113     0.650       18.327425          0.63197276          5528
      2.371     0.650       15.558937          0.56631740          4904
      2.661     0.650       11.963702          0.44401705          4386
      2.985     0.650       9.7908570          0.42482120          3700
      3.350     0.650       7.3209707          0.33973235          3218
      3.758     0.650       6.4800934          0.32795043          2806
      4.217     0.650       5.0233679          0.26596271          2504
      4.732     0.650       4.2489247          0.24470135          2145
      5.309     0.650       2.8929323          0.16566925          1806
      5.957     0.650       2.1153502          0.14158907          1495
      6.683     0.650       1.8018155          0.13115046          1350
      7.499     0.650       1.4658472          0.10956957          1119
      8.414     0.650       1.1395648          0.95385944E-01       916
      9.441     0.650      0.80611955          0.72533634E-01       816
      0.106     0.750       171.11575           2.3665297         21939
      0.119     0.750       176.34974           2.3935410         22743
      0.133     0.750       170.90870           2.3432994         22872
      0.150     0.750       174.90759           2.3714656         23456
      0.168     0.750       177.28539           2.4123725         23345
      0.188     0.750       176.69718           2.4113995         23470
      0.211     0.750       167.44887           2.3148301         23316
      0.237     0.750       158.98888           2.2323194         22701
      0.266     0.750       155.69131           2.2153157         22392
      0.299     0.750       147.97347           2.1628339         21563
      0.335     0.750       140.77603           2.1039646         20664
      0.376     0.750       129.22921           1.9906160         19806
      0.422     0.750       123.86299           1.9365131         19235
      0.473     0.750       114.04836           1.8733226         18138
      0.531     0.750       102.71033           1.7365752         16906
      0.596     0.750       87.564366           1.5653868         15672
      0.668     0.750       80.839296           1.5230463         14696
      0.750     0.750       74.064857           1.4466177         13683
      0.841     0.750       64.916097           1.3363139         12308
      0.944     0.750       54.335232           1.2036110         11255
      1.059     0.750       48.278310           1.1220165         10186
      1.189     0.750       42.425789           1.0548845          9111
      1.334     0.750       35.492178          0.94533556          8161
      1.496     0.750       30.668126          0.88211916          7475
      1.679     0.750       24.475642          0.74181968          6490
      1.884     0.750       20.618981          0.68131910          5837
      2.113     0.750       16.606849          0.57642751          5081
      2.371     0.750       13.427149          0.51300209          4474
      2.661     0.750       10.392368          0.42702328          3885
      2.985     0.750       8.8302116          0.40180230          3376
      3.350     0.750       7.1004774          0.33925530          2978
      3.758     0.750       5.6038106          0.30819441          2461
      4.217     0.750       4.1582188          0.23587007          2168
      4.732     0.750       3.0876717          0.19592613          1831
      5.309     0.750       2.4195473          0.15606529          1555
      5.957     0.750       2.1087416          0.14787050          1350
      6.683     0.750       1.8246284          0.14957327          1148
      7.499     0.750       1.1501339          0.88683172E-01       951
      8.414     0.750      0.91616691          0.84460834E-01       830
      9.441     0.750      0.65721548          0.65700349E-01       646
      0.106     0.850       172.03081           2.2851874         22595
      0.119     0.850       174.58286           2.3063440         23408
      0.133     0.850       173.16796           2.2738651         23704
      0.150     0.850       176.92474           2.3495634         23844
      0.168     0.850       171.40809           2.2701953         23604
      0.188     0.850       170.13748           2.2718848         23978
      0.211     0.850       167.37412           2.2624017         23579
      0.237     0.850       156.28944           2.1706522         23072
      0.266     0.850       153.14491           2.1349900         22227
      0.299     0.850       141.73736           2.0429821         21696
      0.335     0.850       138.16244           2.0399219         20857
      0.376     0.850       123.13763           1.8997222         19708
      0.422     0.850       117.68832           1.8706979         18611
      0.473     0.850       109.99868           1.8102450         17570
      0.531     0.850       99.290259           1.6849738         16552
      0.596     0.850       85.455912           1.5423838         15251
      0.668     0.850       78.358921           1.4765129         14123
      0.750     0.850       70.067423           1.3786037         13081
      0.841     0.850       59.502883           1.2584148         11664
      0.944     0.850       53.884686           1.2068591         10942
      1.059     0.850       47.552023           1.1309885          9761
      1.189     0.850       39.072000           1.0008976          8699
      1.334     0.850       32.706359          0.88867400          7903
      1.496     0.850       26.880539          0.81099176          6863
      1.679     0.850       22.953340          0.73734684          6065
      1.884     0.850       18.194085          0.61286503          5511
      2.113     0.850       15.333810          0.57080964          4646
      2.371     0.850       12.222382          0.48394168          4142
      2.661     0.850       9.8624685          0.43575576          3574
      2.985     0.850       8.4122423          0.39927284          3288
      3.350     0.850       6.7003823          0.33367269          2763
      3.758     0.850       4.7773315          0.27027035          2257
      4.217     0.850       3.7540889          0.21901530          2030
      4.732     0.850       3.1350088          0.20398484          1708
      5.309     0.850       2.2539706          0.15724386          1429
      5.957     0.850       1.6373892          0.13117573          1119
      6.683     0.850       1.4100926          0.10920567          1048
      7.499     0.850       1.1315508          0.98502495E-01       899
      8.414     0.850      0.84274766          0.80937777E-01       769
      9.441     0.850      0.65204827          0.73103027E-01       645
      0.106     0.950       169.97498           2.2290507         23311
      0.119     0.950       169.77796           2.2210238         23639
      0.133     0.950       176.22081           2.2505799         24114
      0.150     0.950       174.04491           2.2533701         24155
      0.168     0.950       171.74128           2.2401852         24013
      0.188     0.950       166.87770           2.1878008         23982
      0.211     0.950       164.77456           2.1762171         23398
      0.237     0.950       157.86456           2.1286882         23030
      0.266     0.950       151.78630           2.1051463         22204
      0.299     0.950       142.25182           2.0126022         21560
      0.335     0.950       132.22260           1.9341917         20564
      0.376     0.950       122.56792           1.8696189         19320
      0.422     0.950       112.93499           1.8010586         17973
      0.473     0.950       103.34614           1.6980917         17133
      0.531     0.950       96.106787           1.6460317         16010
      0.596     0.950       84.570607           1.5432647         14717
      0.668     0.950       76.722718           1.4793295         13495
      0.750     0.950       66.505692           1.3366492         12375
      0.841     0.950       57.997084           1.2692189         11089
      0.944     0.950       48.692884           1.1464231          9984
      1.059     0.950       44.322733           1.0872750          9248
      1.189     0.950       36.111479          0.97438302          8095
      1.334     0.950       29.533657          0.84291169          7244
      1.496     0.950       26.272456          0.80605629          6460
      1.679     0.950       21.338081          0.70249888          5792
      1.884     0.950       18.594483          0.64281211          5160
      2.113     0.950       14.299090          0.55749438          4317
      2.371     0.950       12.238856          0.51759635          3821
      2.661     0.950       9.3745006          0.41346485          3390
      2.985     0.950       6.9810283          0.34166059          2898
      3.350     0.950       5.5523092          0.30027769          2452
      3.758     0.950       4.3778378          0.25391508          2164
      4.217     0.950       3.3333533          0.20753523          1768
      4.732     0.950       2.6689989          0.17841946          1549
      5.309     0.950       2.0144629          0.13898742          1252
      5.957     0.950       1.9093238          0.14880912          1137
      6.683     0.950       1.2809407          0.11392844           935
      7.499     0.950      0.92471029          0.86881073E-01       801
      8.414     0.950      0.70302652          0.70018235E-01       670
      9.441     0.950      0.43394918          0.42932202E-01       538
