 # fmax20_0311z.kam_num   
      0.106    -0.950       590.76726           5.5097670         51362
      0.119    -0.950       583.78195           5.4378086         52375
      0.133    -0.950       576.47396           5.3242217         53713
      0.150    -0.950       551.03707           5.1011542         54047
      0.168    -0.950       537.47932           5.0184159         53989
      0.188    -0.950       518.85194           4.8746877         55036
      0.211    -0.950       489.25357           4.6493748         53802
      0.237    -0.950       464.75747           4.5194578         53042
      0.266    -0.950       440.82643           4.2826011         52590
      0.299    -0.950       417.73568           4.2032930         50938
      0.335    -0.950       376.33238           3.8718571         48933
      0.376    -0.950       344.61592           3.6884355         46939
      0.422    -0.950       313.68667           3.4506903         45018
      0.473    -0.950       280.07386           3.1923279         42986
      0.531    -0.950       253.22150           2.9961510         40693
      0.596    -0.950       226.97315           2.7994193         38496
      0.668    -0.950       196.51696           2.5343396         36473
      0.750    -0.950       172.05020           2.3119481         34053
      0.841    -0.950       150.55671           2.1140722         31559
      0.944    -0.950       130.61801           1.9303869         29407
      1.059    -0.950       114.09269           1.7720168         27388
      1.189    -0.950       100.13459           1.6227358         25545
      1.334    -0.950       80.317379           1.4014676         23068
      1.496    -0.950       71.169782           1.3093691         21450
      1.679    -0.950       56.363001           1.0899853         19475
      1.884    -0.950       49.250601           1.0229625         17661
      2.113    -0.950       41.645941          0.89640457         16336
      2.371    -0.950       32.370970          0.71404892         14851
      2.661    -0.950       28.633632          0.68812853         13567
      2.985    -0.950       23.714296          0.59702354         12176
      3.350    -0.950       19.885506          0.52604531         11151
      3.758    -0.950       15.942473          0.45166240          9813
      4.217    -0.950       12.808846          0.36706239          8832
      4.732    -0.950       10.337308          0.33260327          7802
      5.309    -0.950       8.9110108          0.30132764          7003
      5.957    -0.950       6.9300081          0.24795487          6218
      6.683    -0.950       5.4360570          0.19742381          5488
      7.499    -0.950       4.5387987          0.17901034          4858
      8.414    -0.950       3.6666896          0.16134605          4236
      9.441    -0.950       3.1991416          0.13442234          3788
      0.106    -0.850       599.70441           5.7932420         49616
      0.119    -0.850       609.72897           5.8909002         50944
      0.133    -0.850       597.04792           5.6862274         52331
      0.150    -0.850       556.06455           5.3548834         52534
      0.168    -0.850       540.79101           5.2265017         53190
      0.188    -0.850       530.50156           5.1275622         53381
      0.211    -0.850       501.85578           4.8940835         52634
      0.237    -0.850       483.24020           4.7482742         52385
      0.266    -0.850       447.12684           4.4970251         51752
      0.299    -0.850       415.89642           4.2540922         50117
      0.335    -0.850       372.70270           3.9102096         48469
      0.376    -0.850       348.58239           3.7585673         46938
      0.422    -0.850       311.93045           3.4626230         45151
      0.473    -0.850       283.01717           3.2387501         42954
      0.531    -0.850       257.31199           3.0441244         41204
      0.596    -0.850       226.57969           2.8107371         38539
      0.668    -0.850       199.21811           2.5818550         36121
      0.750    -0.850       174.39265           2.3226725         34419
      0.841    -0.850       150.55149           2.1064793         31975
      0.944    -0.850       132.47267           1.9694287         29846
      1.059    -0.850       115.92554           1.7946760         27693
      1.189    -0.850       100.58729           1.6191998         25711
      1.334    -0.850       82.739466           1.4148003         23597
      1.496    -0.850       70.813225           1.3064106         21401
      1.679    -0.850       60.917659           1.1558912         20011
      1.884    -0.850       49.070535          0.99429582         18088
      2.113    -0.850       43.761251          0.93608693         16594
      2.371    -0.850       34.342451          0.77908902         14759
      2.661    -0.850       28.971526          0.69514288         13837
      2.985    -0.850       24.069848          0.60056155         12399
      3.350    -0.850       19.730217          0.51358044         11239
      3.758    -0.850       16.358830          0.44480388         10026
      4.217    -0.850       12.855553          0.38001356          8961
      4.732    -0.850       10.876507          0.34788148          8130
      5.309    -0.850       8.6381156          0.29573374          7083
      5.957    -0.850       7.1674022          0.25124706          6418
      6.683    -0.850       6.0270452          0.21296311          5712
      7.499    -0.850       4.5319350          0.16828396          5044
      8.414    -0.850       3.9145283          0.15674010          4499
      9.441    -0.850       3.2919816          0.13373955          3859
      0.106    -0.750       685.83302           6.6554949         48407
      0.119    -0.750       675.94866           6.5365444         50162
      0.133    -0.750       653.43796           6.2999924         51017
      0.150    -0.750       602.58931           5.8725304         51283
      0.168    -0.750       585.09039           5.7006968         51799
      0.188    -0.750       559.59367           5.5149984         51797
      0.211    -0.750       536.46168           5.3261948         51796
      0.237    -0.750       512.32612           5.1453446         51622
      0.266    -0.750       484.42848           4.9133332         50598
      0.299    -0.750       441.35950           4.6012503         49679
      0.335    -0.750       407.81209           4.3073040         48414
      0.376    -0.750       367.09173           4.0197804         46370
      0.422    -0.750       328.37694           3.7113355         44770
      0.473    -0.750       303.44142           3.5429511         42805
      0.531    -0.750       266.66977           3.1947375         40401
      0.596    -0.750       239.83652           2.9870132         38522
      0.668    -0.750       206.68025           2.6918481         36453
      0.750    -0.750       182.42765           2.4816537         33889
      0.841    -0.750       163.28119           2.3238210         31891
      0.944    -0.750       134.43498           2.0046149         30014
      1.059    -0.750       119.35582           1.8642444         27921
      1.189    -0.750       100.97632           1.6484839         25621
      1.334    -0.750       87.635998           1.4926879         24035
      1.496    -0.750       71.521699           1.2785121         21929
      1.679    -0.750       60.857492           1.1476229         20119
      1.884    -0.750       52.502822           1.0568703         18347
      2.113    -0.750       41.872157          0.86902711         16712
      2.371    -0.750       35.869126          0.79542228         15209
      2.661    -0.750       29.411158          0.68648785         13782
      2.985    -0.750       25.110822          0.63254697         12499
      3.350    -0.750       20.458444          0.53809757         11370
      3.758    -0.750       16.513716          0.45249162         10269
      4.217    -0.750       14.023273          0.40562148          9164
      4.732    -0.750       10.848753          0.32580264          8302
      5.309    -0.750       9.1173971          0.28219017          7509
      5.957    -0.750       7.1471988          0.23490168          6496
      6.683    -0.750       5.8082684          0.21095393          5659
      7.499    -0.750       4.7883058          0.18266099          5008
      8.414    -0.750       3.8082234          0.14873771          4526
      9.441    -0.750       3.2377749          0.13019809          4076
      0.106    -0.650       708.20087           7.1133341         46120
      0.119    -0.650       678.08145           6.8227001         47186
      0.133    -0.650       659.76979           6.6745790         47803
      0.150    -0.650       607.09658           6.1718541         48324
      0.168    -0.650       599.96855           6.0939932         49386
      0.188    -0.650       571.34788           5.8613000         49797
      0.211    -0.650       545.99188           5.5503016         49985
      0.237    -0.650       508.57583           5.2535613         49522
      0.266    -0.650       485.77792           5.0763572         49135
      0.299    -0.650       438.47725           4.7145739         47682
      0.335    -0.650       406.98546           4.4630898         47034
      0.376    -0.650       368.65782           4.1102890         44931
      0.422    -0.650       333.35250           3.8110641         43822
      0.473    -0.650       297.54407           3.4930415         41937
      0.531    -0.650       270.25052           3.2795395         40376
      0.596    -0.650       242.21873           3.0245466         38183
      0.668    -0.650       212.75336           2.7687410         35982
      0.750    -0.650       182.98384           2.4904684         33889
      0.841    -0.650       163.16407           2.3040654         31698
      0.944    -0.650       139.39315           2.0698322         29565
      1.059    -0.650       120.25763           1.8365938         27631
      1.189    -0.650       104.15117           1.6933486         25692
      1.334    -0.650       88.008961           1.4795687         23985
      1.496    -0.650       75.709768           1.3337474         22216
      1.679    -0.650       62.376408           1.1632155         19939
      1.884    -0.650       52.557098           1.0342522         18564
      2.113    -0.650       43.310362          0.90265420         16883
      2.371    -0.650       36.522917          0.80655214         15220
      2.661    -0.650       31.238968          0.70858536         13994
      2.985    -0.650       24.989224          0.60298563         12603
      3.350    -0.650       20.926588          0.54131463         11515
      3.758    -0.650       17.194126          0.46081123         10158
      4.217    -0.650       14.926413          0.43970516          9397
      4.732    -0.650       11.407254          0.35332245          8083
      5.309    -0.650       9.2688521          0.27882691          7414
      5.957    -0.650       7.7690432          0.28261646          6565
      6.683    -0.650       6.5827135          0.23664112          5934
      7.499    -0.650       5.0475206          0.18488226          5092
      8.414    -0.650       4.0790542          0.16170957          4492
      9.441    -0.650       3.2599600          0.12585265          4143
      0.106    -0.550       625.61550           6.7881609         41568
      0.119    -0.550       622.76454           6.7537250         43003
      0.133    -0.550       604.18961           6.5046481         44324
      0.150    -0.550       573.51103           6.1748742         44973
      0.168    -0.550       559.48661           6.0029691         45711
      0.188    -0.550       539.76055           5.7632810         46602
      0.211    -0.550       504.34157           5.4519130         46408
      0.237    -0.550       476.97983           5.2098209         46364
      0.266    -0.550       436.97372           4.8078754         45845
      0.299    -0.550       414.99534           4.5886602         45700
      0.335    -0.550       381.93985           4.3133246         44212
      0.376    -0.550       347.71931           4.0290919         43399
      0.422    -0.550       319.94010           3.7959361         41860
      0.473    -0.550       294.48879           3.5482956         40884
      0.531    -0.550       258.12265           3.2218838         39273
      0.596    -0.550       227.45877           2.9301888         36701
      0.668    -0.550       208.89751           2.7685647         35183
      0.750    -0.550       182.56516           2.4858948         33393
      0.841    -0.550       158.72981           2.2648509         31248
      0.944    -0.550       139.90536           2.0998421         29329
      1.059    -0.550       118.67064           1.8247626         27400
      1.189    -0.550       102.82059           1.6513153         25619
      1.334    -0.550       86.641359           1.4736366         23818
      1.496    -0.550       74.951389           1.3213755         21787
      1.679    -0.550       64.341472           1.1972225         20234
      1.884    -0.550       53.351735           1.0229448         18306
      2.113    -0.550       44.111625          0.91166735         16822
      2.371    -0.550       36.765925          0.81301888         15179
      2.661    -0.550       31.190434          0.71108998         13835
      2.985    -0.550       25.508667          0.61546536         12751
      3.350    -0.550       21.492247          0.52733835         11617
      3.758    -0.550       17.808889          0.47447393         10266
      4.217    -0.550       15.298474          0.43610386          9240
      4.732    -0.550       11.411485          0.33749366          8231
      5.309    -0.550       10.022766          0.30909341          7397
      5.957    -0.550       7.8980845          0.26445669          6607
      6.683    -0.550       6.8267717          0.25401183          6115
      7.499    -0.550       5.6143036          0.19602788          5423
      8.414    -0.550       4.0862069          0.15114863          4589
      9.441    -0.550       3.5608110          0.14224704          4176
      0.106    -0.450       600.88954           7.1426842         37465
      0.119    -0.450       588.86177           6.9544038         38651
      0.133    -0.450       566.06928           6.6835432         39612
      0.150    -0.450       543.94379           6.3896694         40453
      0.168    -0.450       521.54126           6.0910970         41415
      0.188    -0.450       498.06214           5.8667208         42212
      0.211    -0.450       466.66411           5.4753636         42438
      0.237    -0.450       447.76840           5.3054433         42349
      0.266    -0.450       421.51201           4.9779982         42229
      0.299    -0.450       384.03823           4.5586267         41682
      0.335    -0.450       360.42905           4.3304511         41570
      0.376    -0.450       328.31270           4.0179636         40291
      0.422    -0.450       296.73996           3.6550460         39330
      0.473    -0.450       277.46057           3.5222029         38526
      0.531    -0.450       244.42147           3.1395521         36950
      0.596    -0.450       214.92853           2.8367508         35346
      0.668    -0.450       195.86797           2.6360344         33936
      0.750    -0.450       175.18752           2.4394268         32237
      0.841    -0.450       155.41884           2.2245906         30726
      0.944    -0.450       134.03723           2.0033936         28777
      1.059    -0.450       116.32653           1.7835132         26979
      1.189    -0.450       100.37892           1.6469251         25159
      1.334    -0.450       86.246248           1.4340107         23306
      1.496    -0.450       77.476366           1.3542411         21578
      1.679    -0.450       64.291125           1.1501439         20022
      1.884    -0.450       54.941779           1.0749920         18578
      2.113    -0.450       44.535031          0.89398853         16695
      2.371    -0.450       39.353836          0.84250941         15640
      2.661    -0.450       32.373447          0.72063943         14101
      2.985    -0.450       27.527346          0.62546486         13029
      3.350    -0.450       21.901379          0.55100128         11638
      3.758    -0.450       18.870366          0.48726862         10361
      4.217    -0.450       14.775196          0.38438716          9475
      4.732    -0.450       12.622180          0.36463448          8439
      5.309    -0.450       10.674350          0.32499294          7609
      5.957    -0.450       8.0312765          0.23817203          6784
      6.683    -0.450       6.6209525          0.21816675          6061
      7.499    -0.450       5.3099232          0.17941779          5345
      8.414    -0.450       4.3518820          0.15566489          4829
      9.441    -0.450       3.7158989          0.14448422          4180
      0.106    -0.350       638.00758           8.3078096         33322
      0.119    -0.350       615.70071           7.8984217         34065
      0.133    -0.350       602.25577           7.7634777         35136
      0.150    -0.350       572.26810           7.2564103         36190
      0.168    -0.350       539.59623           6.8833202         36804
      0.188    -0.350       506.20434           6.4678853         36990
      0.211    -0.350       485.29142           6.3017407         37513
      0.237    -0.350       459.17031           5.8829903         38397
      0.266    -0.350       423.60372           5.4876822         38023
      0.299    -0.350       387.56337           5.0541190         37750
      0.335    -0.350       355.55537           4.6606094         37164
      0.376    -0.350       318.44622           4.1856792         36522
      0.422    -0.350       293.82197           3.9669328         35946
      0.473    -0.350       268.88215           3.7373353         34740
      0.531    -0.350       238.80859           3.3313970         34015
      0.596    -0.350       217.03960           3.0591492         32996
      0.668    -0.350       192.59594           2.7708771         31599
      0.750    -0.350       167.40935           2.4792337         29955
      0.841    -0.350       150.50537           2.2631407         28611
      0.944    -0.350       132.58595           2.0779040         27243
      1.059    -0.350       117.53209           1.8955045         25838
      1.189    -0.350       98.660325           1.6261985         23986
      1.334    -0.350       89.056042           1.5439863         22786
      1.496    -0.350       74.513148           1.3291835         20897
      1.679    -0.350       64.657303           1.2104404         19723
      1.884    -0.350       56.608481           1.1013054         18265
      2.113    -0.350       47.676803          0.95411446         16847
      2.371    -0.350       39.872238          0.83987798         15433
      2.661    -0.350       34.319402          0.75244206         14107
      2.985    -0.350       26.998226          0.64351311         12871
      3.350    -0.350       23.022670          0.55994903         11723
      3.758    -0.350       19.515827          0.51316859         10681
      4.217    -0.350       15.904269          0.44516755          9493
      4.732    -0.350       13.387052          0.37552008          8828
      5.309    -0.350       10.959228          0.32090989          7699
      5.957    -0.350       8.4333832          0.26021413          6875
      6.683    -0.350       7.4684811          0.25220477          6146
      7.499    -0.350       5.6935750          0.19541021          5504
      8.414    -0.350       4.8375111          0.17297881          4932
      9.441    -0.350       3.9309420          0.14925417          4383
      0.106    -0.250       704.79754           9.8797489         28198
      0.119    -0.250       683.88952           9.6106966         28923
      0.133    -0.250       628.75695           8.8362361         29635
      0.150    -0.250       599.60809           8.4107292         30207
      0.168    -0.250       559.64430           8.0362773         30522
      0.188    -0.250       549.01599           7.6686367         31338
      0.211    -0.250       516.79627           7.2635278         31963
      0.237    -0.250       477.01409           6.7805600         31998
      0.266    -0.250       439.78294           6.2477334         32082
      0.299    -0.250       409.74372           5.9709489         31961
      0.335    -0.250       370.24078           5.4100790         31585
      0.376    -0.250       338.85890           4.9865336         31403
      0.422    -0.250       307.99108           4.6207558         30635
      0.473    -0.250       268.92631           4.1543166         29818
      0.531    -0.250       243.39609           3.7206889         29191
      0.596    -0.250       217.56898           3.3851182         28187
      0.668    -0.250       193.24984           3.0385440         27492
      0.750    -0.250       173.82600           2.8261934         26679
      0.841    -0.250       151.76337           2.4972291         25302
      0.944    -0.250       132.90645           2.2742820         24258
      1.059    -0.250       119.23896           2.0282305         23043
      1.189    -0.250       104.17085           1.8308060         21926
      1.334    -0.250       89.019403           1.6292452         20575
      1.496    -0.250       73.298318           1.3825593         19319
      1.679    -0.250       63.999112           1.2737059         17957
      1.884    -0.250       56.995306           1.1509751         16867
      2.113    -0.250       49.485682           1.0112644         15820
      2.371    -0.250       41.438499          0.92528821         14561
      2.661    -0.250       34.094048          0.78273146         13128
      2.985    -0.250       29.351179          0.69603596         12116
      3.350    -0.250       24.051555          0.61316594         11125
      3.758    -0.250       20.312212          0.52375525         10141
      4.217    -0.250       17.036193          0.44232455          9399
      4.732    -0.250       13.821082          0.39170068          8362
      5.309    -0.250       11.297828          0.34286142          7560
      5.957    -0.250       9.3172170          0.28678733          6804
      6.683    -0.250       7.8947559          0.25874114          6144
      7.499    -0.250       6.9389154          0.23557217          5597
      8.414    -0.250       5.2941315          0.19382732          4725
      9.441    -0.250       3.8911597          0.14104356          4334
      0.106    -0.150       767.61641           12.058145         21482
      0.119    -0.150       752.70513           11.834624         21979
      0.133    -0.150       699.53687           11.068140         22413
      0.150    -0.150       690.83074           11.004924         23054
      0.168    -0.150       648.73361           10.396558         23495
      0.188    -0.150       612.52197           9.9637855         23914
      0.211    -0.150       562.39390           9.0658131         23805
      0.237    -0.150       524.34544           8.8738866         24001
      0.266    -0.150       493.68812           8.2201183         23873
      0.299    -0.150       444.34474           7.4170941         23622
      0.335    -0.150       406.48543           7.0282819         23507
      0.376    -0.150       361.11464           6.1708173         23367
      0.422    -0.150       339.41196           6.0004191         23100
      0.473    -0.150       289.20641           5.1989974         22293
      0.531    -0.150       264.65203           4.8919250         21885
      0.596    -0.150       231.59533           4.3172241         21153
      0.668    -0.150       201.91895           3.8587652         20754
      0.750    -0.150       178.79969           3.4222944         19559
      0.841    -0.150       155.32718           2.9997166         18984
      0.944    -0.150       141.59014           2.8028547         18354
      1.059    -0.150       120.97658           2.4887270         17512
      1.189    -0.150       104.94862           2.2076741         16633
      1.334    -0.150       91.503583           1.9283071         15894
      1.496    -0.150       81.044139           1.8252955         15106
      1.679    -0.150       66.784920           1.4917791         14149
      1.884    -0.150       58.808084           1.3817471         13298
      2.113    -0.150       48.913364           1.2566011         12293
      2.371    -0.150       42.132258           1.0432859         11571
      2.661    -0.150       37.949021          0.98319229         10909
      2.985    -0.150       29.884670          0.77041476          9815
      3.350    -0.150       26.076828          0.68527219          9397
      3.758    -0.150       21.757441          0.60529050          8623
      4.217    -0.150       18.663099          0.56563333          7858
      4.732    -0.150       14.893601          0.45071451          7057
      5.309    -0.150       12.411169          0.41160925          6508
      5.957    -0.150       10.849607          0.35418016          5876
      6.683    -0.150       8.5447171          0.29481909          5171
      7.499    -0.150       6.9181410          0.26733097          4722
      8.414    -0.150       5.7345835          0.21936306          4366
      9.441    -0.150       4.7087873          0.18803907          3829
      0.106    -0.050       951.67654           24.959679         10246
      0.119    -0.050       929.23056           26.452901         10429
      0.133    -0.050       887.56917           24.686219         10580
      0.150    -0.050       820.69546           22.766847         10609
      0.168    -0.050       807.21287           22.895767         10781
      0.188    -0.050       754.21018           21.576861         10851
      0.211    -0.050       691.15752           20.714903         10714
      0.237    -0.050       668.52929           21.051867         10711
      0.266    -0.050       597.96782           18.368576         10499
      0.299    -0.050       537.81979           16.846007         10364
      0.335    -0.050       512.86982           15.219389         10351
      0.376    -0.050       443.77324           14.265003         10184
      0.422    -0.050       366.79775           12.044049          9724
      0.473    -0.050       327.62893           11.283620          9422
      0.531    -0.050       304.72838           10.303425          9219
      0.596    -0.050       260.60394           10.093182          8809
      0.668    -0.050       238.01371           8.8279575          8479
      0.750    -0.050       195.36155           6.5721597          8196
      0.841    -0.050       175.82637           7.2763144          7822
      0.944    -0.050       158.84062           7.0755405          7709
      1.059    -0.050       129.69986           5.1672954          7240
      1.189    -0.050       113.82338           4.6323513          6964
      1.334    -0.050       96.979446           4.4193531          6653
      1.496    -0.050       85.004623           3.6040976          6337
      1.679    -0.050       75.181447           3.6494579          5781
      1.884    -0.050       70.656882           3.7395482          5561
      2.113    -0.050       53.434180           3.2146940          5212
      2.371    -0.050       48.820221           2.4295567          4907
      2.661    -0.050       37.489532           1.8537709          4545
      2.985    -0.050       29.365478           1.4461192          4255
      3.350    -0.050       29.472034           1.4849545          3931
      3.758    -0.050       22.339475           1.1607791          3601
      4.217    -0.050       19.159244          0.96817045          3392
      4.732    -0.050       16.399695          0.90525622          3123
      5.309    -0.050       12.985416          0.69724858          2797
      5.957    -0.050       12.815517           1.0149263          2683
      6.683    -0.050       9.5289398          0.54181093          2351
      7.499    -0.050       8.4201298          0.84747984          2097
      8.414    -0.050       6.1597357          0.40021346          1939
      9.441    -0.050       5.5839747          0.47562336          1724
      0.106     0.050       892.52710           23.927967         10055
      0.119     0.050       894.27706           24.748855         10496
      0.133     0.050       823.74219           22.859188         10449
      0.150     0.050       796.71569           22.457949         10679
      0.168     0.050       761.84867           21.082226         10758
      0.188     0.050       704.28281           20.457187         10713
      0.211     0.050       690.66116           20.483328         10808
      0.237     0.050       646.40933           20.125699         10630
      0.266     0.050       593.19743           17.402844         10538
      0.299     0.050       519.81549           16.887102         10475
      0.335     0.050       481.05986           14.203959         10074
      0.376     0.050       436.51047           13.829218         10042
      0.422     0.050       368.89652           12.193781          9748
      0.473     0.050       334.23154           10.931484          9372
      0.531     0.050       296.72544           10.271594          9293
      0.596     0.050       268.01555           9.5062730          9034
      0.668     0.050       236.39591           9.1973195          8433
      0.750     0.050       188.04973           6.5088094          8304
      0.841     0.050       174.62101           7.6042787          7920
      0.944     0.050       159.03085           6.7664236          7558
      1.059     0.050       127.30442           4.7204139          7182
      1.189     0.050       121.90469           5.2647098          6985
      1.334     0.050       102.80965           4.8137433          6614
      1.496     0.050       89.485065           3.8485394          6349
      1.679     0.050       77.564321           3.8932754          5864
      1.884     0.050       69.700908           3.5928399          5581
      2.113     0.050       48.596134           3.0296049          5042
      2.371     0.050       47.933253           2.3109499          4840
      2.661     0.050       36.307322           1.5626354          4520
      2.985     0.050       32.019449           1.4570643          4154
      3.350     0.050       29.033757           1.6116094          3923
      3.758     0.050       23.681756           1.3034169          3597
      4.217     0.050       19.511386           1.0572710          3335
      4.732     0.050       16.260395          0.95272253          3029
      5.309     0.050       12.560705          0.84262250          2774
      5.957     0.050       11.740787          0.80872850          2608
      6.683     0.050       8.6482450          0.52313776          2214
      7.499     0.050       8.5130409          0.83916182          2154
      8.414     0.050       6.4136799          0.40887362          1900
      9.441     0.050       5.3404423          0.46219085          1791
      0.106     0.150       602.34719           9.1154516         20892
      0.119     0.150       577.70503           8.6926536         21310
      0.133     0.150       589.70065           8.8034726         22412
      0.150     0.150       559.89705           8.3737835         22591
      0.168     0.150       532.36781           7.9067860         22840
      0.188     0.150       511.22967           7.7771492         23435
      0.211     0.150       485.21222           7.3470373         23592
      0.237     0.150       474.01831           7.1484450         23773
      0.266     0.150       425.49964           6.6456511         23648
      0.299     0.150       402.10492           6.3439405         23585
      0.335     0.150       370.85284           5.9619559         23650
      0.376     0.150       339.23849           5.5549558         23081
      0.422     0.150       311.31703           5.2507483         22904
      0.473     0.150       280.18123           4.7404096         22242
      0.531     0.150       250.73649           4.4299371         21782
      0.596     0.150       221.02734           3.8558973         21002
      0.668     0.150       202.06333           3.6564138         20787
      0.750     0.150       178.85414           3.3626813         19714
      0.841     0.150       155.64677           2.9108130         19212
      0.944     0.150       136.91122           2.6845774         18222
      1.059     0.150       123.35198           2.5214080         17448
      1.189     0.150       106.74214           2.2709091         16787
      1.334     0.150       91.159814           1.9130488         15744
      1.496     0.150       79.678507           1.7979303         14727
      1.679     0.150       68.273619           1.5266110         14210
      1.884     0.150       57.124037           1.3187385         13320
      2.113     0.150       51.807954           1.2806558         12251
      2.371     0.150       41.409779           1.0286597         11494
      2.661     0.150       36.476864          0.92168009         10634
      2.985     0.150       29.561964          0.78247297         10012
      3.350     0.150       25.545900          0.72884490          8957
      3.758     0.150       21.286779          0.61734865          8388
      4.217     0.150       17.319085          0.49214484          7608
      4.732     0.150       15.854363          0.48806391          7174
      5.309     0.150       12.236263          0.37428214          6306
      5.957     0.150       10.799226          0.36443905          5872
      6.683     0.150       8.4481349          0.29147241          5230
      7.499     0.150       7.1463442          0.26893622          4739
      8.414     0.150       5.9170538          0.23204697          4269
      9.441     0.150       4.5308899          0.19278381          3763
      0.106     0.250       474.41661           6.1091878         26761
      0.119     0.250       462.61539           6.0081011         27454
      0.133     0.250       465.01470           6.0307241         28573
      0.150     0.250       449.32201           5.8100322         29211
      0.168     0.250       429.65674           5.4697611         29997
      0.188     0.250       423.30116           5.4105828         30752
      0.211     0.250       412.00012           5.3557455         30807
      0.237     0.250       398.79833           5.1770536         31560
      0.266     0.250       375.19131           4.8355505         31558
      0.299     0.250       346.26581           4.6124808         31521
      0.335     0.250       327.05238           4.3841505         31396
      0.376     0.250       305.08850           4.1395724         30935
      0.422     0.250       282.09405           3.9339603         30517
      0.473     0.250       253.63951           3.6191341         30186
      0.531     0.250       234.43254           3.3574547         29381
      0.596     0.250       209.31177           3.0958645         28159
      0.668     0.250       189.85542           2.8788224         27341
      0.750     0.250       165.60340           2.5484617         26386
      0.841     0.250       148.85388           2.3812004         25284
      0.944     0.250       135.14474           2.2336072         24175
      1.059     0.250       117.03634           1.9840843         23074
      1.189     0.250       104.85911           1.8830731         21843
      1.334     0.250       89.225818           1.6907130         20667
      1.496     0.250       77.994042           1.4733794         19409
      1.679     0.250       65.229885           1.2977884         18055
      1.884     0.250       56.517104           1.1726181         16755
      2.113     0.250       47.214743          0.97495184         15564
      2.371     0.250       43.333361          0.93738356         14527
      2.661     0.250       35.904212          0.81411418         13580
      2.985     0.250       29.951288          0.71098066         12276
      3.350     0.250       25.343094          0.64400792         11173
      3.758     0.250       20.720619          0.52761446         10321
      4.217     0.250       16.615443          0.47349937          9207
      4.732     0.250       14.604153          0.41720850          8438
      5.309     0.250       11.732157          0.35376127          7707
      5.957     0.250       9.4128268          0.30161164          6651
      6.683     0.250       7.7267923          0.24611478          6134
      7.499     0.250       6.3651190          0.22757283          5420
      8.414     0.250       5.7149306          0.21757583          4946
      9.441     0.250       4.2612797          0.17198301          4371
      0.106     0.350       423.20458           4.9860496         31350
      0.119     0.350       418.02953           4.9077767         32192
      0.133     0.350       410.57331           4.7725233         33427
      0.150     0.350       414.74786           4.8083702         34538
      0.168     0.350       398.37178           4.6380548         35373
      0.188     0.350       384.39791           4.4574051         36271
      0.211     0.350       380.83743           4.4062520         36835
      0.237     0.350       363.97614           4.2667248         36966
      0.266     0.350       348.40007           4.1441633         37086
      0.299     0.350       331.49286           3.9455190         36961
      0.335     0.350       308.77054           3.7376984         36880
      0.376     0.350       290.03923           3.5561930         36404
      0.422     0.350       262.59349           3.2965916         35447
      0.473     0.350       250.46591           3.1992728         34562
      0.531     0.350       221.12565           2.8983298         33355
      0.596     0.350       202.71941           2.7211102         32447
      0.668     0.350       187.36744           2.5820843         31774
      0.750     0.350       171.93805           2.4157274         30410
      0.841     0.350       151.37032           2.2123386         28574
      0.944     0.350       132.55627           1.9899670         26966
      1.059     0.350       115.75685           1.8138005         25696
      1.189     0.350       99.620315           1.6389340         24040
      1.334     0.350       87.695730           1.4866746         22754
      1.496     0.350       74.764216           1.3030345         21280
      1.679     0.350       65.974652           1.2140215         19687
      1.884     0.350       54.082413           1.0138787         18114
      2.113     0.350       44.880724          0.90246797         16608
      2.371     0.350       41.496770          0.88210949         15594
      2.661     0.350       34.596033          0.78964835         14148
      2.985     0.350       28.070121          0.66139595         12781
      3.350     0.350       22.862036          0.57534101         11608
      3.758     0.350       19.315859          0.50018734         10540
      4.217     0.350       15.425192          0.39800211          9650
      4.732     0.350       12.914025          0.36680937          8621
      5.309     0.350       11.136682          0.34015176          7772
      5.957     0.350       8.8207155          0.26347314          6938
      6.683     0.350       7.6267198          0.24395719          6277
      7.499     0.350       5.9948311          0.21860078          5565
      8.414     0.350       4.9697419          0.19872860          5025
      9.441     0.350       4.1459941          0.16432362          4484
      0.106     0.450       399.35503           4.3504301         35657
      0.119     0.450       397.80869           4.3164540         36810
      0.133     0.450       400.37871           4.2865221         38149
      0.150     0.450       381.55693           4.1506387         38875
      0.168     0.450       385.10927           4.1123113         40031
      0.188     0.450       378.18091           4.0173882         40687
      0.211     0.450       362.89376           3.9129728         41011
      0.237     0.450       350.93526           3.8035354         41335
      0.266     0.450       349.32970           3.8111120         41630
      0.299     0.450       325.21119           3.6019789         41056
      0.335     0.450       302.55225           3.3923306         40889
      0.376     0.450       285.38679           3.2518223         39933
      0.422     0.450       266.55946           3.1076695         39170
      0.473     0.450       241.25830           2.8809982         37970
      0.531     0.450       229.28046           2.8229055         36941
      0.596     0.450       207.75185           2.6103978         35228
      0.668     0.450       181.81317           2.3799864         33675
      0.750     0.450       166.27921           2.2722145         31795
      0.841     0.450       145.81362           2.0295231         30098
      0.944     0.450       132.43452           1.9361837         28672
      1.059     0.450       113.34840           1.7209267         26914
      1.189     0.450       101.60277           1.6133934         25060
      1.334     0.450       89.021565           1.4693073         23305
      1.496     0.450       76.802474           1.3362595         22045
      1.679     0.450       64.546855           1.2100646         20079
      1.884     0.450       55.654213           1.0605494         18702
      2.113     0.450       45.833238          0.93665934         17043
      2.371     0.450       38.341359          0.80540890         15541
      2.661     0.450       32.941413          0.73509477         14211
      2.985     0.450       27.078238          0.64980103         12836
      3.350     0.450       22.621395          0.57703331         11627
      3.758     0.450       17.959197          0.48699999         10541
      4.217     0.450       14.763335          0.41584711          9412
      4.732     0.450       13.516890          0.40549503          8747
      5.309     0.450       10.519487          0.31770522          7796
      5.957     0.450       8.5585198          0.28224057          7006
      6.683     0.450       6.7446961          0.23093913          6120
      7.499     0.450       5.7943905          0.20726742          5576
      8.414     0.450       4.5579830          0.16361930          4841
      9.441     0.450       3.9094935          0.16183769          4344
      0.106     0.550       384.62099           3.9617477         38711
      0.119     0.550       380.83058           3.8957328         40370
      0.133     0.550       380.45854           3.9085221         41167
      0.150     0.550       373.35432           3.7743997         42579
      0.168     0.550       374.36789           3.7644917         43527
      0.188     0.550       360.49285           3.6632469         43611
      0.211     0.550       361.03532           3.6734238         44562
      0.237     0.550       356.22286           3.6255568         44962
      0.266     0.550       335.57445           3.4211613         44603
      0.299     0.550       319.45303           3.3298168         44348
      0.335     0.550       305.97418           3.2598708         43426
      0.376     0.550       281.47961           3.0513584         41996
      0.422     0.550       268.28951           2.9956884         41082
      0.473     0.550       245.34378           2.8318430         39493
      0.531     0.550       222.41432           2.6299676         38039
      0.596     0.550       205.89277           2.5089913         36726
      0.668     0.550       186.08280           2.3519789         34705
      0.750     0.550       163.01482           2.1498833         32865
      0.841     0.550       145.88257           1.9773987         31342
      0.944     0.550       129.87394           1.8541410         29121
      1.059     0.550       115.13811           1.7329064         27303
      1.189     0.550       97.509413           1.5107453         25535
      1.334     0.550       86.679640           1.4223762         23686
      1.496     0.550       73.132878           1.2769192         21689
      1.679     0.550       60.882739           1.1338304         19918
      1.884     0.550       52.399521          0.99764825         18496
      2.113     0.550       44.886864          0.91057687         16830
      2.371     0.550       39.234942          0.83762848         15597
      2.661     0.550       32.792683          0.75167366         13933
      2.985     0.550       26.373855          0.61276551         12868
      3.350     0.550       22.094674          0.55823420         11417
      3.758     0.550       18.005512          0.46998191         10435
      4.217     0.550       14.910127          0.39947317          9417
      4.732     0.550       11.819459          0.33576378          8442
      5.309     0.550       9.7695053          0.30984677          7442
      5.957     0.550       7.9462261          0.26973589          6668
      6.683     0.550       6.5520946          0.22779584          6043
      7.499     0.550       5.4501497          0.20887888          5422
      8.414     0.550       4.0146740          0.14469271          4688
      9.441     0.550       3.6653021          0.14787601          4290
      0.106     0.650       385.73795           3.7442704         42209
      0.119     0.650       376.26452           3.6643246         43245
      0.133     0.650       377.58799           3.6544558         44242
      0.150     0.650       369.40562           3.5731137         45479
      0.168     0.650       372.10700           3.5967746         46424
      0.188     0.650       366.68526           3.5589032         46834
      0.211     0.650       357.29083           3.4527885         47065
      0.237     0.650       349.79266           3.4287880         46855
      0.266     0.650       324.57658           3.2486964         46410
      0.299     0.650       316.30204           3.1929108         46239
      0.335     0.650       302.67002           3.1108971         45479
      0.376     0.650       282.35221           2.9986125         43881
      0.422     0.650       259.55830           2.8231089         42343
      0.473     0.650       245.92992           2.7468284         41019
      0.531     0.650       224.10874           2.5856045         39547
      0.596     0.650       202.12541           2.3957815         37610
      0.668     0.650       185.20859           2.2915994         35636
      0.750     0.650       165.64412           2.1168452         33833
      0.841     0.650       144.53825           1.9512781         31802
      0.944     0.650       126.63081           1.8057794         29388
      1.059     0.650       109.24492           1.6348143         27300
      1.189     0.650       94.985313           1.4794052         25456
      1.334     0.650       83.168284           1.3653717         23875
      1.496     0.650       71.939631           1.2322017         22051
      1.679     0.650       60.996956           1.0951690         20473
      1.884     0.650       52.131692           1.0119588         18605
      2.113     0.650       43.200064          0.87025108         16927
      2.371     0.650       35.606477          0.74792120         15448
      2.661     0.650       30.035877          0.69188291         13830
      2.985     0.650       24.923187          0.60794025         12563
      3.350     0.650       20.752068          0.53040296         11361
      3.758     0.650       16.647237          0.43403037         10295
      4.217     0.650       13.869405          0.39814738          9239
      4.732     0.650       11.722445          0.34778986          8224
      5.309     0.650       10.117236          0.33115849          7416
      5.957     0.650       7.6534376          0.25707864          6595
      6.683     0.650       6.5202067          0.22958736          5972
      7.499     0.650       5.0411776          0.19366718          5203
      8.414     0.650       4.3464716          0.17534840          4673
      9.441     0.650       3.4215133          0.13864442          4114
      0.106     0.750       364.88129           3.4697665         43953
      0.119     0.750       375.02104           3.5149338         45784
      0.133     0.750       365.60272           3.4241013         46282
      0.150     0.750       373.49928           3.4813662         48101
      0.168     0.750       374.24215           3.4710404         48936
      0.188     0.750       364.60529           3.3843924         49342
      0.211     0.750       354.70961           3.3416851         49161
      0.237     0.750       349.78454           3.3290050         49391
      0.266     0.750       335.17598           3.2572123         48346
      0.299     0.750       313.59918           3.1019593         47373
      0.335     0.750       298.03717           2.9891488         46213
      0.376     0.750       276.33310           2.8603041         45000
      0.422     0.750       256.25875           2.7312578         43173
      0.473     0.750       242.19014           2.6753207         41925
      0.531     0.750       218.15362           2.4778415         39905
      0.596     0.750       202.17952           2.3921685         37963
      0.668     0.750       178.18665           2.1861112         35982
      0.750     0.750       160.90703           2.0584301         33624
      0.841     0.750       142.54028           1.9091987         31652
      0.944     0.750       128.22180           1.8083569         29808
      1.059     0.750       108.41372           1.6215656         27093
      1.189     0.750       95.727036           1.5023719         25538
      1.334     0.750       81.257408           1.3525362         23715
      1.496     0.750       67.775161           1.1831676         21688
      1.679     0.750       60.085128           1.1129105         19862
      1.884     0.750       50.582352          0.98138462         18402
      2.113     0.750       41.869307          0.85582706         16635
      2.371     0.750       35.029749          0.76644328         14983
      2.661     0.750       29.476625          0.67944472         13659
      2.985     0.750       24.206051          0.57670704         12555
      3.350     0.750       20.374303          0.53909204         11196
      3.758     0.750       17.198860          0.47684387          9981
      4.217     0.750       13.440916          0.38956374          8970
      4.732     0.750       11.670990          0.35359092          8226
      5.309     0.750       8.9002094          0.29767464          7168
      5.957     0.750       8.3324756          0.29442324          6485
      6.683     0.750       6.1524195          0.22408964          5790
      7.499     0.750       4.9144109          0.18770123          5077
      8.414     0.750       4.1344455          0.16554560          4491
      9.441     0.750       3.3595822          0.14015256          3953
      0.106     0.850       364.67169           3.3418212         46080
      0.119     0.850       373.35907           3.3875805         47636
      0.133     0.850       375.21626           3.3913577         49131
      0.150     0.850       368.92824           3.3495733         49790
      0.168     0.850       368.17744           3.3602557         50523
      0.188     0.850       363.26508           3.3204338         50714
      0.211     0.850       350.88101           3.2260315         50870
      0.237     0.850       343.96108           3.2049148         50697
      0.266     0.850       327.01223           3.0933859         49479
      0.299     0.850       314.42509           3.0496701         48312
      0.335     0.850       295.37661           2.9392513         47516
      0.376     0.850       275.32509           2.8193942         45777
      0.422     0.850       255.47877           2.6913658         44170
      0.473     0.850       241.28505           2.6006272         42718
      0.531     0.850       217.38205           2.4413369         40457
      0.596     0.850       193.99418           2.2841447         38268
      0.668     0.850       173.21131           2.1317959         36168
      0.750     0.850       157.07389           2.0212733         34077
      0.841     0.850       141.48135           1.9105803         31935
      0.944     0.850       122.07608           1.7301862         29870
      1.059     0.850       105.16468           1.5640990         27677
      1.189     0.850       93.783572           1.4703227         25849
      1.334     0.850       79.807682           1.3219963         23890
      1.496     0.850       66.080156           1.1643555         21669
      1.679     0.850       58.470434           1.0960411         19776
      1.884     0.850       49.126133          0.96389324         18323
      2.113     0.850       41.724314          0.87072183         16787
      2.371     0.850       33.234834          0.73147096         14943
      2.661     0.850       29.250031          0.69534773         13990
      2.985     0.850       23.949741          0.58458419         12557
      3.350     0.850       18.722596          0.48015741         11035
      3.758     0.850       15.721440          0.43295309         10194
      4.217     0.850       12.842822          0.37797340          9083
      4.732     0.850       10.750842          0.33690285          8095
      5.309     0.850       8.9714730          0.28661540          7255
      5.957     0.850       7.0776469          0.25962898          6453
      6.683     0.850       6.2096481          0.23142822          5751
      7.499     0.850       5.0334148          0.18696995          5150
      8.414     0.850       3.7985789          0.15524823          4422
      9.441     0.850       3.1308871          0.12701159          3883
      0.106     0.950       365.63522           3.2576825         48064
      0.119     0.950       367.84115           3.2746508         49419
      0.133     0.950       371.40155           3.2747824         50742
      0.150     0.950       364.50825           3.2451697         51349
      0.168     0.950       364.74392           3.2491220         52178
      0.188     0.950       363.45954           3.2373042         52193
      0.211     0.950       355.95685           3.2019343         52550
      0.237     0.950       342.44588           3.1455817         51301
      0.266     0.950       328.07169           3.0545984         50798
      0.299     0.950       311.77215           2.9653196         49545
      0.335     0.950       292.56812           2.8775585         48209
      0.376     0.950       275.44851           2.7969177         46467
      0.422     0.950       257.96954           2.6902984         44913
      0.473     0.950       237.22387           2.5564691         42949
      0.531     0.950       219.21910           2.4428175         40931
      0.596     0.950       193.61365           2.2715644         38359
      0.668     0.950       173.98125           2.1337425         36367
      0.750     0.950       154.25777           1.9986068         33948
      0.841     0.950       135.94442           1.8437336         31882
      0.944     0.950       121.63428           1.7224725         29898
      1.059     0.950       104.25298           1.5776972         27556
      1.189     0.950       92.478745           1.4625580         25654
      1.334     0.950       78.806400           1.3323351         23701
      1.496     0.950       66.158288           1.1886386         21376
      1.679     0.950       58.735659           1.0968019         19705
      1.884     0.950       48.819924          0.97297733         18248
      2.113     0.950       38.996380          0.82605723         16575
      2.371     0.950       34.191152          0.76956093         14887
      2.661     0.950       28.432347          0.67390018         13630
      2.985     0.950       23.802354          0.58833832         12596
      3.350     0.950       20.257025          0.54289300         11232
      3.758     0.950       16.556402          0.46620780         10092
      4.217     0.950       12.445865          0.35933134          8884
      4.732     0.950       10.283758          0.32039981          8034
      5.309     0.950       8.5346188          0.29027627          7173
      5.957     0.950       7.2518802          0.25459911          6390
      6.683     0.950       5.5994811          0.20339536          5565
      7.499     0.950       4.4393859          0.17452072          4941
      8.414     0.950       3.6941427          0.14719795          4359
      9.441     0.950       3.0893233          0.13273497          3907
