 # fmax20_0311z.kam_nbe   
      0.106    -0.950       258.85937           3.4723443         24750
      0.119    -0.950       253.58939           3.3916307         25107
      0.133    -0.950       254.58129           3.4262461         25254
      0.150    -0.950       251.05046           3.3664260         25546
      0.168    -0.950       233.87275           3.1756389         25026
      0.188    -0.950       218.88899           3.0336717         24416
      0.211    -0.950       217.74002           3.0518607         24189
      0.237    -0.950       197.61454           2.8498173         23028
      0.266    -0.950       186.12456           2.7300383         22679
      0.299    -0.950       165.32536           2.5078495         21398
      0.335    -0.950       153.92040           2.4238457         20372
      0.376    -0.950       142.76638           2.2896658         19299
      0.422    -0.950       129.05020           2.1567406         17989
      0.473    -0.950       113.64441           1.9907741         16886
      0.531    -0.950       96.765946           1.7887097         15558
      0.596    -0.950       91.386317           1.7784401         14583
      0.668    -0.950       73.883907           1.5291139         13395
      0.750    -0.950       65.193005           1.4318581         12156
      0.841    -0.950       56.725455           1.2986213         11179
      0.944    -0.950       46.256368           1.1497065          9900
      1.059    -0.950       37.861626          0.99976717          8830
      1.189    -0.950       33.479985          0.94844835          7855
      1.334    -0.950       28.407616          0.87155998          7059
      1.496    -0.950       22.113419          0.71456585          6251
      1.679    -0.950       18.348172          0.62544801          5611
      1.884    -0.950       15.245675          0.56049978          4885
      2.113    -0.950       11.544909          0.48005120          4222
      2.371    -0.950       9.1246159          0.40287010          3680
      2.661    -0.950       7.7131110          0.36985161          3198
      2.985    -0.950       5.5156036          0.28866939          2749
      3.350    -0.950       4.3059655          0.22915653          2340
      3.758    -0.950       3.8611779          0.24834079          2049
      4.217    -0.950       2.9082470          0.18170294          1780
      4.732    -0.950       2.2460570          0.15417195          1482
      5.309    -0.950       1.6636859          0.12305176          1199
      5.957    -0.950       1.1562532          0.95705791E-01      1035
      6.683    -0.950      0.88931311          0.81249712E-01       804
      7.499    -0.950      0.75141925          0.76790078E-01       730
      8.414    -0.950      0.57833087          0.56242927E-01       622
      9.441    -0.950      0.44480908          0.49972858E-01       550
      0.106    -0.850       272.30718           3.7507298         24285
      0.119    -0.850       264.86378           3.7094136         24617
      0.133    -0.850       259.80512           3.6134610         24940
      0.150    -0.850       255.85207           3.5835272         25321
      0.168    -0.850       242.15001           3.3794123         24760
      0.188    -0.850       237.30310           3.3492328         24854
      0.211    -0.850       223.45353           3.1889904         24188
      0.237    -0.850       200.43695           2.9004422         23819
      0.266    -0.850       192.82489           2.8396274         22881
      0.299    -0.850       175.85670           2.6952945         21840
      0.335    -0.850       159.83265           2.4999797         21103
      0.376    -0.850       150.20051           2.4343133         19694
      0.422    -0.850       132.03836           2.2014777         18803
      0.473    -0.850       118.03016           2.0749850         17568
      0.531    -0.850       108.22075           1.9721743         16590
      0.596    -0.850       89.931814           1.7240560         15117
      0.668    -0.850       79.428715           1.5916724         13931
      0.750    -0.850       70.477628           1.5034351         12778
      0.841    -0.850       57.889731           1.3383918         11546
      0.944    -0.850       48.730884           1.1574712         10419
      1.059    -0.850       43.479317           1.0912267          9687
      1.189    -0.850       34.138354          0.93074240          8466
      1.334    -0.850       29.416569          0.86456349          7553
      1.496    -0.850       23.623039          0.73519837          6717
      1.679    -0.850       19.188839          0.65011590          5986
      1.884    -0.850       16.385423          0.58171434          5300
      2.113    -0.850       12.957639          0.51089072          4641
      2.371    -0.850       9.5344055          0.37795996          4068
      2.661    -0.850       7.9271798          0.35473352          3510
      2.985    -0.850       6.2936554          0.30362994          3080
      3.350    -0.850       4.7961492          0.26469969          2536
      3.758    -0.850       3.8534498          0.21981623          2250
      4.217    -0.850       3.0256566          0.17836499          1876
      4.732    -0.850       2.4164951          0.16968767          1636
      5.309    -0.850       1.7007708          0.12455412          1337
      5.957    -0.850       1.3893871          0.10144531          1146
      6.683    -0.850       1.1034336          0.82306816E-01      1048
      7.499    -0.850      0.76180709          0.57958620E-01       844
      8.414    -0.850      0.62735820          0.60057686E-01       705
      9.441    -0.850      0.51313765          0.58386106E-01       583
      0.106    -0.750       295.55529           4.1801584         23858
      0.119    -0.750       300.12716           4.1947316         24518
      0.133    -0.750       284.97344           3.9593320         24726
      0.150    -0.750       287.58886           3.9719259         24685
      0.168    -0.750       265.21177           3.7494909         24999
      0.188    -0.750       253.35316           3.6385728         24594
      0.211    -0.750       234.70154           3.3724425         24036
      0.237    -0.750       221.26881           3.2402085         23910
      0.266    -0.750       208.88609           3.0987741         23216
      0.299    -0.750       185.84589           2.8757599         22170
      0.335    -0.750       171.87949           2.7174749         21471
      0.376    -0.750       157.82752           2.6020702         20488
      0.422    -0.750       141.06892           2.3823503         19241
      0.473    -0.750       126.32186           2.2097672         18166
      0.531    -0.750       112.33208           2.0490015         16960
      0.596    -0.750       97.418424           1.8477538         15707
      0.668    -0.750       83.130445           1.6626957         14508
      0.750    -0.750       71.120112           1.5021646         13523
      0.841    -0.750       63.458943           1.4065034         12519
      0.944    -0.750       53.480327           1.2459940         11099
      1.059    -0.750       45.947511           1.1445640         10126
      1.189    -0.750       37.524954           1.0135769          9130
      1.334    -0.750       32.397216          0.93480483          8177
      1.496    -0.750       24.233279          0.74093196          7188
      1.679    -0.750       20.945309          0.69788088          6402
      1.884    -0.750       16.694266          0.57794413          5634
      2.113    -0.750       14.062762          0.53736681          5066
      2.371    -0.750       10.568105          0.43334553          4325
      2.661    -0.750       8.9493892          0.40693946          3766
      2.985    -0.750       7.3771976          0.34878746          3317
      3.350    -0.750       5.6201174          0.27652069          2845
      3.758    -0.750       4.2051186          0.23371432          2445
      4.217    -0.750       3.5118692          0.21089966          2093
      4.732    -0.750       2.7753275          0.15800465          1875
      5.309    -0.750       2.1362191          0.14982323          1524
      5.957    -0.750       1.4107803          0.99110181E-01      1277
      6.683    -0.750       1.2014147          0.93658939E-01      1124
      7.499    -0.750      0.97039812          0.83985623E-01       951
      8.414    -0.750      0.78110598          0.82110116E-01       819
      9.441    -0.750      0.57817528          0.50454643E-01       693
      0.106    -0.650       298.16871           4.3722741         22581
      0.119    -0.650       302.14787           4.4130894         23072
      0.133    -0.650       288.16129           4.1813093         23620
      0.150    -0.650       283.39615           4.1344425         24127
      0.168    -0.650       273.21916           3.9878439         23903
      0.188    -0.650       256.03810           3.7744200         23808
      0.211    -0.650       242.10499           3.6330262         23891
      0.237    -0.650       230.83688           3.4796115         23508
      0.266    -0.650       214.41631           3.2651294         22919
      0.299    -0.650       191.19016           2.9970081         22223
      0.335    -0.650       171.48193           2.7924592         21157
      0.376    -0.650       158.86782           2.5932782         20599
      0.422    -0.650       146.84229           2.5038865         19564
      0.473    -0.650       131.90196           2.3169273         18543
      0.531    -0.650       114.01940           2.0634788         17480
      0.596    -0.650       98.444446           1.8906067         15999
      0.668    -0.650       87.047875           1.7673835         15034
      0.750    -0.650       74.823755           1.5870710         13644
      0.841    -0.650       69.960604           1.5082467         13086
      0.944    -0.650       57.930683           1.3073978         11897
      1.059    -0.650       47.997736           1.1665856         10776
      1.189    -0.650       38.898321          0.98155298          9590
      1.334    -0.650       34.258246          0.95623127          8627
      1.496    -0.650       28.681182          0.84387767          7772
      1.679    -0.650       22.865922          0.75226625          6852
      1.884    -0.650       18.150026          0.59771737          6179
      2.113    -0.650       15.744655          0.56020436          5555
      2.371    -0.650       11.544074          0.43538302          4818
      2.661    -0.650       10.631297          0.44484449          4176
      2.985    -0.650       6.8082893          0.29163266          3579
      3.350    -0.650       6.2386663          0.29979326          3096
      3.758    -0.650       4.7214502          0.22770510          2741
      4.217    -0.650       3.5656613          0.19646600          2311
      4.732    -0.650       3.2012207          0.18811524          2066
      5.309    -0.650       2.1719231          0.13865324          1659
      5.957    -0.650       1.8290043          0.12618958          1524
      6.683    -0.650       1.4685199          0.11166034          1303
      7.499    -0.650       1.0787397          0.82181776E-01      1043
      8.414    -0.650      0.89083776          0.77140025E-01       881
      9.441    -0.650      0.65862971          0.63394853E-01       744
      0.106    -0.550       285.96812           4.4786655         20914
      0.119    -0.550       280.84997           4.3589036         21392
      0.133    -0.550       265.67848           4.1380540         21948
      0.150    -0.550       265.23889           4.0922123         22465
      0.168    -0.550       257.75574           3.9917871         22718
      0.188    -0.550       243.73559           3.7816671         22919
      0.211    -0.550       223.41180           3.4561907         22433
      0.237    -0.550       217.61490           3.4207932         22457
      0.266    -0.550       192.74124           3.0877668         21797
      0.299    -0.550       182.58266           3.0088405         21325
      0.335    -0.550       163.57911           2.6935551         20774
      0.376    -0.550       156.31527           2.6488131         20287
      0.422    -0.550       139.58534           2.4316976         19386
      0.473    -0.550       126.89655           2.2612221         18562
      0.531    -0.550       114.81383           2.0836476         17618
      0.596    -0.550       102.10359           1.9328871         16545
      0.668    -0.550       89.166004           1.7640743         15525
      0.750    -0.550       77.498407           1.5994891         14367
      0.841    -0.550       66.996879           1.4464440         13303
      0.944    -0.550       58.453298           1.3420312         12241
      1.059    -0.550       49.538810           1.1438085         11178
      1.189    -0.550       41.767773           1.0151249         10165
      1.334    -0.550       34.200814          0.91350609          9202
      1.496    -0.550       29.093658          0.81221450          8270
      1.679    -0.550       23.141990          0.69701695          7379
      1.884    -0.550       20.799186          0.65319065          6799
      2.113    -0.550       15.757540          0.52758950          5826
      2.371    -0.550       13.469281          0.49879668          5138
      2.661    -0.550       10.886123          0.42295919          4691
      2.985    -0.550       9.0932594          0.37522774          4055
      3.350    -0.550       6.7177692          0.28791831          3481
      3.758    -0.550       5.5845552          0.26743654          2929
      4.217    -0.550       4.2704320          0.22182260          2676
      4.732    -0.550       3.3393603          0.17484178          2196
      5.309    -0.550       2.7316871          0.16187414          1913
      5.957    -0.550       1.9523430          0.12614547          1657
      6.683    -0.550       1.7365262          0.12333466          1358
      7.499    -0.550       1.3793420          0.10254929          1215
      8.414    -0.550      0.95158535          0.73968227E-01       983
      9.441    -0.550      0.79235758          0.62594123E-01       904
      0.106    -0.450       268.60064           4.6122131         18639
      0.119    -0.450       263.45799           4.4799039         19303
      0.133    -0.450       265.74963           4.5240172         20020
      0.150    -0.450       255.00753           4.3251868         20256
      0.168    -0.450       239.71261           4.0469094         20634
      0.188    -0.450       228.01972           3.7883952         20889
      0.211    -0.450       218.73894           3.7582156         20766
      0.237    -0.450       201.06111           3.3710022         20720
      0.266    -0.450       187.97485           3.2179664         20641
      0.299    -0.450       173.64920           3.0108204         20314
      0.335    -0.450       162.95583           2.9226984         19811
      0.376    -0.450       150.09142           2.6064040         19525
      0.422    -0.450       134.65778           2.4024391         18655
      0.473    -0.450       122.20050           2.2671432         17905
      0.531    -0.450       109.90413           2.0855156         16974
      0.596    -0.450       94.959638           1.8500623         16174
      0.668    -0.450       84.743491           1.6568357         15553
      0.750    -0.450       77.874601           1.6268451         14536
      0.841    -0.450       66.281436           1.4284206         13559
      0.944    -0.450       56.990857           1.2898232         12442
      1.059    -0.450       50.397062           1.1963902         11543
      1.189    -0.450       42.247215           1.0336529         10795
      1.334    -0.450       36.946363          0.93522724          9894
      1.496    -0.450       30.649464          0.82726569          8810
      1.679    -0.450       27.531064          0.76765433          8173
      1.884    -0.450       22.101314          0.66911278          7207
      2.113    -0.450       18.023008          0.57170076          6510
      2.371    -0.450       14.693169          0.49967231          5673
      2.661    -0.450       11.619071          0.41626027          5031
      2.985    -0.450       9.3121377          0.36074084          4366
      3.350    -0.450       7.9224110          0.34369787          3931
      3.758    -0.450       5.7996770          0.24759786          3368
      4.217    -0.450       5.0224702          0.23952704          3036
      4.732    -0.450       3.9433627          0.18824579          2639
      5.309    -0.450       2.9177739          0.15968639          2227
      5.957    -0.450       2.5056262          0.14707547          1911
      6.683    -0.450       1.8695743          0.11641437          1621
      7.499    -0.450       1.4724104          0.10254975          1351
      8.414    -0.450       1.0740298          0.71889106E-01      1131
      9.441    -0.450      0.82695974          0.63140874E-01       948
      0.106    -0.350       282.02755           5.2368378         16344
      0.119    -0.350       279.16559           5.2370307         17186
      0.133    -0.350       264.92904           4.8634511         17340
      0.150    -0.350       262.68062           4.7987714         18116
      0.168    -0.350       248.32091           4.5675750         18362
      0.188    -0.350       236.89745           4.3687687         18580
      0.211    -0.350       215.24656           3.9662258         18756
      0.237    -0.350       203.28762           3.7730969         18623
      0.266    -0.350       193.35926           3.6417098         18668
      0.299    -0.350       178.30792           3.3861690         18531
      0.335    -0.350       162.01178           3.0478024         18388
      0.376    -0.350       150.34802           2.8656736         18127
      0.422    -0.350       132.73908           2.5814981         17574
      0.473    -0.350       121.64734           2.4011944         16885
      0.531    -0.350       111.14302           2.2089377         16409
      0.596    -0.350       99.210329           2.0414888         15658
      0.668    -0.350       89.378445           1.8152960         15072
      0.750    -0.350       78.444320           1.7024680         14157
      0.841    -0.350       68.606939           1.5113945         13349
      0.944    -0.350       57.382248           1.3059144         12546
      1.059    -0.350       51.589717           1.2056511         11812
      1.189    -0.350       45.061959           1.1160453         11006
      1.334    -0.350       36.767293          0.90928514          9996
      1.496    -0.350       33.603899          0.90252530          9305
      1.679    -0.350       27.225750          0.78315539          8566
      1.884    -0.350       22.245453          0.64293105          7599
      2.113    -0.350       18.748676          0.60386508          6904
      2.371    -0.350       16.431759          0.49899547          6289
      2.661    -0.350       13.495503          0.47484407          5435
      2.985    -0.350       10.623839          0.39221805          4902
      3.350    -0.350       8.9128543          0.36089075          4377
      3.758    -0.350       7.1677308          0.31453957          3824
      4.217    -0.350       5.7167036          0.24823303          3407
      4.732    -0.350       4.4764782          0.21256475          2937
      5.309    -0.350       3.6145098          0.18460342          2511
      5.957    -0.350       2.9969898          0.16266901          2200
      6.683    -0.350       2.2598983          0.12299191          1955
      7.499    -0.350       1.7220743          0.97337096E-01      1664
      8.414    -0.350       1.2842883          0.88447042E-01      1355
      9.441    -0.350       1.0238638          0.63476606E-01      1245
      0.106    -0.250       324.18938           6.6012960         14002
      0.119    -0.250       300.35847           6.0847208         14441
      0.133    -0.250       285.72480           5.7913763         14758
      0.150    -0.250       287.67405           5.7843151         15156
      0.168    -0.250       266.06918           5.4200006         15253
      0.188    -0.250       243.32327           4.8467595         15574
      0.211    -0.250       234.94472           4.7747007         15739
      0.237    -0.250       222.89115           4.6261048         15803
      0.266    -0.250       208.19491           4.3080126         15779
      0.299    -0.250       187.88888           4.0743549         15659
      0.335    -0.250       170.28500           3.5358713         15590
      0.376    -0.250       163.15267           3.4754586         15562
      0.422    -0.250       147.25816           3.0886670         15253
      0.473    -0.250       124.52203           2.7349918         14639
      0.531    -0.250       114.53167           2.5810684         14094
      0.596    -0.250       101.55875           2.2860194         13683
      0.668    -0.250       91.619212           2.0121178         13342
      0.750    -0.250       76.860704           1.7615887         12752
      0.841    -0.250       69.883325           1.6878581         12226
      0.944    -0.250       61.639846           1.5278738         11505
      1.059    -0.250       51.717735           1.3020398         10844
      1.189    -0.250       47.559378           1.1871894         10407
      1.334    -0.250       40.968560           1.1209689          9460
      1.496    -0.250       35.152651          0.94384641          8953
      1.679    -0.250       27.859330          0.74888930          8230
      1.884    -0.250       26.207546          0.79214118          7758
      2.113    -0.250       21.210933          0.67329443          7093
      2.371    -0.250       18.335110          0.63295981          6365
      2.661    -0.250       14.540592          0.51544030          5839
      2.985    -0.250       11.804380          0.41854927          5173
      3.350    -0.250       9.0447089          0.32904606          4591
      3.758    -0.250       8.6753909          0.33225366          4237
      4.217    -0.250       6.4778880          0.26346058          3786
      4.732    -0.250       5.3741601          0.24049025          3125
      5.309    -0.250       4.4269742          0.21635717          2859
      5.957    -0.250       3.3737367          0.18173156          2383
      6.683    -0.250       2.9350659          0.16599609          2170
      7.499    -0.250       2.0475034          0.12452025          1826
      8.414    -0.250       1.6279652          0.94808266E-01      1626
      9.441    -0.250       1.4377934          0.91886877E-01      1392
      0.106    -0.150       351.87034           8.0242233         10607
      0.119    -0.150       338.13176           7.7520031         10884
      0.133    -0.150       318.75177           7.3541319         11051
      0.150    -0.150       310.33662           7.2371373         11311
      0.168    -0.150       297.90643           6.8850340         11501
      0.188    -0.150       271.10000           6.2217382         11728
      0.211    -0.150       257.35188           6.0245154         11722
      0.237    -0.150       239.17027           5.7134687         11671
      0.266    -0.150       225.49884           5.5485752         11567
      0.299    -0.150       213.82981           5.1449277         11779
      0.335    -0.150       185.91378           4.4489278         11643
      0.376    -0.150       166.76516           4.1053430         11279
      0.422    -0.150       155.21972           3.9641965         11239
      0.473    -0.150       137.67983           3.6428678         10974
      0.531    -0.150       117.55327           3.1127243         10772
      0.596    -0.150       106.62836           2.8127761         10337
      0.668    -0.150       89.098375           2.4408838          9943
      0.750    -0.150       83.019679           2.2594091          9707
      0.841    -0.150       71.079988           2.1021734          9388
      0.944    -0.150       64.162009           1.8738532          8970
      1.059    -0.150       56.517464           1.6904576          8555
      1.189    -0.150       50.540265           1.5472216          8190
      1.334    -0.150       42.468298           1.2550079          7722
      1.496    -0.150       37.659382           1.2110377          7203
      1.679    -0.150       31.608658           1.0166040          6884
      1.884    -0.150       26.449224          0.91243758          6290
      2.113    -0.150       22.927418          0.80118207          5878
      2.371    -0.150       19.391379          0.71393910          5433
      2.661    -0.150       16.561171          0.61401183          5170
      2.985    -0.150       14.494260          0.54481150          4669
      3.350    -0.150       11.239329          0.42677148          4270
      3.758    -0.150       9.1275101          0.36720204          3940
      4.217    -0.150       7.5149974          0.31094852          3471
      4.732    -0.150       6.5973758          0.29010956          3022
      5.309    -0.150       5.3742799          0.27089111          2803
      5.957    -0.150       4.1354190          0.19554700          2515
      6.683    -0.150       3.5494796          0.19031748          2146
      7.499    -0.150       2.6978295          0.16276241          1917
      8.414    -0.150       2.1582141          0.13674438          1641
      9.441    -0.150       1.6531389          0.10592206          1454
      0.106    -0.050       460.00324           18.643884          5074
      0.119    -0.050       429.33973           17.916542          5157
      0.133    -0.050       408.27461           18.415303          5148
      0.150    -0.050       394.32349           15.813549          5250
      0.168    -0.050       337.73497           13.011042          5242
      0.188    -0.050       342.64803           14.121640          5238
      0.211    -0.050       326.50191           15.128302          5171
      0.237    -0.050       329.37771           15.642316          5268
      0.266    -0.050       308.71178           14.935968          5157
      0.299    -0.050       255.60102           12.063467          5036
      0.335    -0.050       211.11643           9.1034002          5153
      0.376    -0.050       209.38629           10.122650          5021
      0.422    -0.050       184.96836           8.1594403          4834
      0.473    -0.050       172.67156           9.2383365          4718
      0.531    -0.050       137.47301           7.2207202          4521
      0.596    -0.050       120.65880           5.7651093          4376
      0.668    -0.050       105.02281           4.9703799          4180
      0.750    -0.050       93.967134           4.5496471          4211
      0.841    -0.050       88.567940           5.2146813          3955
      0.944    -0.050       73.023981           3.8053068          3808
      1.059    -0.050       61.855878           3.0807077          3473
      1.189    -0.050       57.763848           3.8264885          3325
      1.334    -0.050       48.232615           2.7572290          3177
      1.496    -0.050       38.653195           2.7318188          3109
      1.679    -0.050       37.014418           2.2784566          2949
      1.884    -0.050       27.216308           1.7047937          2632
      2.113    -0.050       28.886353           2.2651674          2589
      2.371    -0.050       20.804634           1.4339433          2386
      2.661    -0.050       18.422171           1.2259924          2108
      2.985    -0.050       14.393224           1.0474959          2016
      3.350    -0.050       12.700996          0.84505366          1930
      3.758    -0.050       10.946449          0.86113118          1668
      4.217    -0.050       9.3789711          0.61864571          1660
      4.732    -0.050       7.5426846          0.50789350          1545
      5.309    -0.050       6.0923200          0.44593924          1314
      5.957    -0.050       4.3946891          0.37128714          1208
      6.683    -0.050       3.9884764          0.33906828          1081
      7.499    -0.050       3.2932404          0.28530134           996
      8.414    -0.050       2.3122958          0.28481696           825
      9.441    -0.050       1.8550395          0.15032759           811
      0.106     0.050       426.67835           18.408616          5113
      0.119     0.050       417.28587           17.666663          5139
      0.133     0.050       394.99795           18.114447          5144
      0.150     0.050       377.80372           14.960631          5340
      0.168     0.050       347.40178           13.251606          5282
      0.188     0.050       329.28621           13.946218          5288
      0.211     0.050       338.50168           15.334554          5255
      0.237     0.050       326.05163           14.774705          5308
      0.266     0.050       282.12332           12.616166          5334
      0.299     0.050       251.42629           12.017615          5135
      0.335     0.050       212.78821           9.9042178          5096
      0.376     0.050       204.77212           9.9671310          4859
      0.422     0.050       181.94345           8.0944499          4920
      0.473     0.050       160.01651           8.1241806          4565
      0.531     0.050       146.37701           7.3617434          4450
      0.596     0.050       125.47540           5.8723330          4569
      0.668     0.050       112.87684           5.3519837          4293
      0.750     0.050       86.625847           4.2165770          4040
      0.841     0.050       79.287701           4.5154503          3994
      0.944     0.050       74.105098           3.5081107          3806
      1.059     0.050       60.891212           3.0345373          3581
      1.189     0.050       57.277726           3.4187238          3424
      1.334     0.050       49.427475           2.8960867          3365
      1.496     0.050       36.821877           2.0091817          2962
      1.679     0.050       37.465291           2.4105128          2867
      1.884     0.050       27.194936           1.5315492          2662
      2.113     0.050       25.983417           2.1900689          2456
      2.371     0.050       19.078951           1.3116482          2382
      2.661     0.050       16.390066           1.2393327          2115
      2.985     0.050       12.888713          0.93312133          1954
      3.350     0.050       13.225381           1.0743929          1889
      3.758     0.050       10.188409          0.66502837          1689
      4.217     0.050       9.1376321          0.69965862          1537
      4.732     0.050       7.1359191          0.53400881          1471
      5.309     0.050       6.1979214          0.49244162          1299
      5.957     0.050       4.8486979          0.37936629          1268
      6.683     0.050       3.6672039          0.32014140          1035
      7.499     0.050       3.0943715          0.28554800           941
      8.414     0.050       2.6360676          0.30044174           848
      9.441     0.050       1.8959491          0.17146246           760
      0.106     0.150       290.20926           6.3051235         10623
      0.119     0.150       278.72157           5.9600603         10935
      0.133     0.150       262.36833           5.6432395         10710
      0.150     0.150       256.92840           5.5535856         11175
      0.168     0.150       262.44602           5.6754422         11705
      0.188     0.150       244.15579           5.2370319         11732
      0.211     0.150       230.29107           5.0464464         11576
      0.237     0.150       211.50871           4.6135919         11662
      0.266     0.150       196.02321           4.3384769         11676
      0.299     0.150       185.08122           4.2235205         11517
      0.335     0.150       183.51216           4.2239532         11691
      0.376     0.150       155.23668           3.7505649         11230
      0.422     0.150       148.11997           3.5944787         11349
      0.473     0.150       128.78747           3.1474971         11032
      0.531     0.150       120.41502           2.9275949         10830
      0.596     0.150       103.85301           2.6843128         10176
      0.668     0.150       95.078536           2.4478913         10096
      0.750     0.150       86.213847           2.2460634          9840
      0.841     0.150       75.245450           2.0289725          9395
      0.944     0.150       66.344033           1.8336274          8981
      1.059     0.150       56.379779           1.5937801          8487
      1.189     0.150       50.871243           1.5219920          7971
      1.334     0.150       44.027322           1.3292193          7793
      1.496     0.150       37.725096           1.1475201          7218
      1.679     0.150       30.837324           1.0172893          6768
      1.884     0.150       28.725015          0.94297415          6378
      2.113     0.150       23.401135          0.86535348          5956
      2.371     0.150       19.532268          0.69608712          5381
      2.661     0.150       16.912631          0.62148983          5024
      2.985     0.150       13.500008          0.54513332          4586
      3.350     0.150       11.551686          0.47305359          4207
      3.758     0.150       9.8529807          0.41443354          3863
      4.217     0.150       7.9498217          0.35290360          3522
      4.732     0.150       6.7481655          0.31013909          3152
      5.309     0.150       5.6179983          0.26924571          2734
      5.957     0.150       4.1752017          0.20625564          2459
      6.683     0.150       3.6391318          0.19919886          2193
      7.499     0.150       2.8084961          0.16375426          1887
      8.414     0.150       2.7081279          0.17165260          1699
      9.441     0.150       1.7465136          0.10697357          1417
      0.106     0.250       215.43472           4.0514333         13169
      0.119     0.250       226.18805           4.2154433         13963
      0.133     0.250       218.21700           4.0381266         14378
      0.150     0.250       206.40203           3.8252322         14621
      0.168     0.250       206.10990           3.8215667         14763
      0.188     0.250       203.74819           3.7275078         15415
      0.211     0.250       188.76932           3.5115142         15364
      0.237     0.250       179.02254           3.3629639         15317
      0.266     0.250       180.29624           3.3367316         15669
      0.299     0.250       159.21541           3.0427009         15371
      0.335     0.250       145.82182           2.8015747         15249
      0.376     0.250       140.58357           2.6965907         15298
      0.422     0.250       131.51359           2.6231022         15094
      0.473     0.250       118.27938           2.3683301         14562
      0.531     0.250       111.80662           2.3177513         14275
      0.596     0.250       97.459280           2.0561401         13804
      0.668     0.250       86.683224           1.8779358         13332
      0.750     0.250       79.987100           1.8322814         12695
      0.841     0.250       68.647734           1.5533127         12408
      0.944     0.250       61.422627           1.4783444         11637
      1.059     0.250       50.852424           1.2018680         11063
      1.189     0.250       47.137142           1.2023629         10382
      1.334     0.250       39.162751           1.0212266          9397
      1.496     0.250       35.197738          0.98242852          8861
      1.679     0.250       29.461973          0.83347979          8303
      1.884     0.250       26.418843          0.81389504          7778
      2.113     0.250       21.187596          0.65556301          7014
      2.371     0.250       18.256675          0.59241908          6414
      2.661     0.250       15.085446          0.52950630          5604
      2.985     0.250       12.868042          0.49442393          5130
      3.350     0.250       9.6922852          0.37751586          4664
      3.758     0.250       8.3607160          0.35317047          4281
      4.217     0.250       6.6481893          0.28231829          3651
      4.732     0.250       5.5889934          0.26907228          3259
      5.309     0.250       4.4229278          0.23594473          2814
      5.957     0.250       3.5045072          0.18405936          2465
      6.683     0.250       3.0048384          0.17613587          2127
      7.499     0.250       2.1345827          0.10645093          1840
      8.414     0.250       1.7069881          0.99796969E-01      1663
      9.441     0.250       1.3940473          0.94499192E-01      1352
      0.106     0.350       203.55810           3.3712530         15985
      0.119     0.350       194.51787           3.2346600         16352
      0.133     0.350       194.97688           3.2873987         16737
      0.150     0.350       187.32622           3.1143816         17396
      0.168     0.350       183.56288           3.0306006         17877
      0.188     0.350       187.27375           3.1344245         17983
      0.211     0.350       176.34977           2.9380428         18156
      0.237     0.350       163.15121           2.7906021         18126
      0.266     0.350       156.00270           2.6387241         18227
      0.299     0.350       151.19516           2.5657829         18085
      0.335     0.350       144.55808           2.5221208         18046
      0.376     0.350       133.81128           2.3678301         17514
      0.422     0.350       124.64492           2.2585394         17211
      0.473     0.350       114.38617           2.1268324         16746
      0.531     0.350       109.21366           2.0217281         16335
      0.596     0.350       94.490598           1.8349338         15533
      0.668     0.350       84.335084           1.7094722         14677
      0.750     0.350       72.257199           1.4781284         13985
      0.841     0.350       65.985850           1.3936852         13299
      0.944     0.350       60.793591           1.3325251         12489
      1.059     0.350       53.038267           1.2081068         11967
      1.189     0.350       43.081183           1.0301908         10760
      1.334     0.350       38.903546          0.96865295          9988
      1.496     0.350       32.876592          0.86041019          9282
      1.679     0.350       28.809257          0.81159842          8420
      1.884     0.350       22.889735          0.67813074          7696
      2.113     0.350       19.294799          0.60790626          6956
      2.371     0.350       16.141270          0.52376251          6304
      2.661     0.350       13.218370          0.46453795          5417
      2.985     0.350       11.283860          0.41070023          5045
      3.350     0.350       9.2354851          0.36588508          4342
      3.758     0.350       7.2101918          0.30104693          3891
      4.217     0.350       6.2593944          0.29672498          3444
      4.732     0.350       4.2748249          0.20106948          2922
      5.309     0.350       3.6857484          0.19886624          2526
      5.957     0.350       3.0376379          0.15847379          2268
      6.683     0.350       2.2201013          0.12630922          1979
      7.499     0.350       1.9380384          0.12781040          1634
      8.414     0.350       1.2537204          0.80996329E-01      1330
      9.441     0.350       1.0993554          0.78640268E-01      1153
      0.106     0.450       186.40391           2.9368576         17892
      0.119     0.450       184.45511           2.8453933         18359
      0.133     0.450       183.60593           2.8229982         19202
      0.150     0.450       180.40156           2.7804346         19424
      0.168     0.450       178.95825           2.7251311         19885
      0.188     0.450       178.62236           2.7295321         20166
      0.211     0.450       167.29513           2.5789989         20353
      0.237     0.450       164.76596           2.5419638         20205
      0.266     0.450       152.66186           2.4139980         20003
      0.299     0.450       149.70798           2.3617253         19830
      0.335     0.450       139.84818           2.2714630         19528
      0.376     0.450       129.39892           2.1357195         19166
      0.422     0.450       121.05911           2.0556957         18480
      0.473     0.450       111.67300           1.9521145         17915
      0.531     0.450       100.17845           1.7772804         16980
      0.596     0.450       89.784191           1.6892817         16099
      0.668     0.450       81.571527           1.5201513         15396
      0.750     0.450       72.505418           1.4439674         14414
      0.841     0.450       64.377613           1.3328147         13452
      0.944     0.450       58.908551           1.2783031         12626
      1.059     0.450       47.410811           1.0771870         11612
      1.189     0.450       39.728931          0.94171264         10549
      1.334     0.450       36.272469          0.92922344          9646
      1.496     0.450       32.028947          0.86632058          8916
      1.679     0.450       26.805474          0.76096081          8038
      1.884     0.450       21.785827          0.65438727          7181
      2.113     0.450       17.667746          0.56655274          6358
      2.371     0.450       15.082131          0.53522312          5791
      2.661     0.450       11.922536          0.43334936          5055
      2.985     0.450       9.3724236          0.36248189          4485
      3.350     0.450       7.6369910          0.31857042          3912
      3.758     0.450       6.3134968          0.27685601          3437
      4.217     0.450       5.0617055          0.24775225          3099
      4.732     0.450       3.8074128          0.21331368          2509
      5.309     0.450       3.0205620          0.17366336          2180
      5.957     0.450       2.4049836          0.15425154          1859
      6.683     0.450       2.0581175          0.13317961          1669
      7.499     0.450       1.4322500          0.90351585E-01      1445
      8.414     0.450       1.0564837          0.72533313E-01      1161
      9.441     0.450      0.82120539          0.61013328E-01       983
      0.106     0.550       174.90068           2.6336401         19180
      0.119     0.550       173.15947           2.5461119         19801
      0.133     0.550       177.85467           2.5970217         20593
      0.150     0.550       180.80051           2.6408358         21122
      0.168     0.550       175.68959           2.5595107         21324
      0.188     0.550       174.19489           2.5237592         21747
      0.211     0.550       163.69533           2.4197974         21361
      0.237     0.550       162.70093           2.3574988         21684
      0.266     0.550       155.14194           2.3389579         21317
      0.299     0.550       143.53359           2.1904440         20815
      0.335     0.550       138.82059           2.1144113         20821
      0.376     0.550       126.91126           2.0287800         19741
      0.422     0.550       121.13740           1.9713015         18972
      0.473     0.550       107.92981           1.8182672         18331
      0.531     0.550       99.243291           1.7161072         17333
      0.596     0.550       89.549815           1.6157298         16417
      0.668     0.550       79.598257           1.4944811         15236
      0.750     0.550       72.977975           1.4107013         14266
      0.841     0.550       61.908361           1.2667888         13316
      0.944     0.550       53.719426           1.1682498         12166
      1.059     0.550       47.311029           1.0956231         11088
      1.189     0.550       39.680018          0.94830208         10223
      1.334     0.550       33.550878          0.85170699          9167
      1.496     0.550       27.538424          0.74595790          8377
      1.679     0.550       24.575568          0.69910437          7529
      1.884     0.550       20.231753          0.62550799          6668
      2.113     0.550       15.644160          0.50129767          5838
      2.371     0.550       13.189225          0.47780457          5057
      2.661     0.550       10.113141          0.42049541          4521
      2.985     0.550       8.1765753          0.33796192          3925
      3.350     0.550       6.7583615          0.29231178          3483
      3.758     0.550       5.8518898          0.26787626          3132
      4.217     0.550       4.8003634          0.24764477          2635
      4.732     0.550       3.1297258          0.17616304          2210
      5.309     0.550       2.9034242          0.17292394          1963
      5.957     0.550       1.9980781          0.12331285          1642
      6.683     0.550       1.4249823          0.97771616E-01      1351
      7.499     0.550       1.2566194          0.86800946E-01      1263
      8.414     0.550       1.0109039          0.86403037E-01      1047
      9.441     0.550      0.81826721          0.78214607E-01       871
      0.106     0.650       173.10942           2.4512805         20822
      0.119     0.650       176.97254           2.4783132         21481
      0.133     0.650       177.69491           2.4553294         22155
      0.150     0.650       178.86680           2.4587682         22702
      0.168     0.650       175.05716           2.4158762         22842
      0.188     0.650       177.73283           2.4604259         22756
      0.211     0.650       161.41005           2.2902165         22227
      0.237     0.650       158.87847           2.2645491         22287
      0.266     0.650       149.92010           2.1801535         21972
      0.299     0.650       147.07395           2.1581530         21517
      0.335     0.650       134.15843           2.0383143         20694
      0.376     0.650       123.02832           1.9074880         19994
      0.422     0.650       115.91577           1.8713573         19041
      0.473     0.650       105.19532           1.7447657         18182
      0.531     0.650       97.694711           1.6827117         17102
      0.596     0.650       85.203605           1.5500585         15801
      0.668     0.650       78.590435           1.4671876         14951
      0.750     0.650       65.110204           1.2714095         13810
      0.841     0.650       58.564175           1.2067689         12855
      0.944     0.650       50.109218           1.1081633         11578
      1.059     0.650       43.840997           1.0064909         10677
      1.189     0.650       36.703049          0.90186816          9659
      1.334     0.650       31.390381          0.82197468          8616
      1.496     0.650       26.191597          0.72096957          7858
      1.679     0.650       23.210503          0.69514452          6955
      1.884     0.650       19.143035          0.60743380          6077
      2.113     0.650       14.046445          0.47883730          5406
      2.371     0.650       12.163902          0.45736388          4783
      2.661     0.650       9.4308532          0.38745360          4186
      2.985     0.650       7.3139097          0.30221252          3567
      3.350     0.650       5.7476763          0.26835322          3145
      3.758     0.650       5.1731779          0.26707876          2821
      4.217     0.650       4.1767445          0.23256177          2306
      4.732     0.650       3.2030562          0.18833186          2050
      5.309     0.650       2.3256861          0.14414039          1702
      5.957     0.650       1.8890088          0.12643572          1460
      6.683     0.650       1.4698771          0.12320288          1231
      7.499     0.650       1.0519241          0.73522179E-01      1066
      8.414     0.650      0.82156935          0.71671877E-01       835
      9.441     0.650      0.60156766          0.54493541E-01       739
      0.106     0.750       173.79380           2.3680610         21985
      0.119     0.750       174.42987           2.3800536         22479
      0.133     0.750       177.59353           2.3657639         23245
      0.150     0.750       172.29147           2.3041335         23281
      0.168     0.750       171.73123           2.3111037         23307
      0.188     0.750       167.02355           2.2540918         23316
      0.211     0.750       161.64239           2.2200824         23048
      0.237     0.750       156.76803           2.1736492         22838
      0.266     0.750       152.46917           2.1592071         22437
      0.299     0.750       141.40446           2.0438862         21527
      0.335     0.750       134.25943           2.0107928         20740
      0.376     0.750       119.75842           1.8478102         19580
      0.422     0.750       114.36947           1.8127243         18647
      0.473     0.750       99.283243           1.6474631         17733
      0.531     0.750       93.651703           1.6141702         16547
      0.596     0.750       83.866949           1.5177081         15532
      0.668     0.750       73.222932           1.3850724         14424
      0.750     0.750       65.244962           1.3064138         13180
      0.841     0.750       53.190107           1.1277840         12030
      0.944     0.750       49.680975           1.1027644         11092
      1.059     0.750       40.518817          0.99055119          9833
      1.189     0.750       36.120857          0.92279480          8904
      1.334     0.750       30.709031          0.84112529          8219
      1.496     0.750       23.939019          0.71156867          6989
      1.679     0.750       20.582553          0.62997556          6433
      1.884     0.750       16.038878          0.54231217          5545
      2.113     0.750       13.819691          0.48989461          4992
      2.371     0.750       10.837090          0.42302824          4312
      2.661     0.750       9.9190380          0.42835576          3814
      2.985     0.750       6.3094135          0.28881308          3111
      3.350     0.750       5.6398024          0.30528651          2810
      3.758     0.750       4.0945065          0.21175403          2470
      4.217     0.750       3.1856218          0.18443214          2074
      4.732     0.750       2.4360352          0.14961560          1717
      5.309     0.750       2.1427512          0.14345307          1606
      5.957     0.750       1.6091050          0.12262570          1307
      6.683     0.750       1.1522478          0.91704126E-01      1049
      7.499     0.750       1.0274283          0.84533721E-01       909
      8.414     0.750      0.66425626          0.53106349E-01       823
      9.441     0.750      0.63075004          0.61321920E-01       686
      0.106     0.850       176.66745           2.3248383         22895
      0.119     0.850       168.03629           2.2344949         23166
      0.133     0.850       172.31671           2.2614855         23594
      0.150     0.850       172.22406           2.2649426         23801
      0.168     0.850       166.07853           2.2043728         23496
      0.188     0.850       165.51792           2.2102023         23862
      0.211     0.850       161.76206           2.1782308         23356
      0.237     0.850       156.82967           2.1408132         22872
      0.266     0.850       149.02256           2.0917050         22401
      0.299     0.850       138.14813           1.9953764         21369
      0.335     0.850       127.82964           1.9187116         20089
      0.376     0.850       120.20023           1.8311600         19515
      0.422     0.850       110.00670           1.7660275         18334
      0.473     0.850       100.08296           1.6654421         17234
      0.531     0.850       88.446912           1.5418331         16001
      0.596     0.850       78.104360           1.4334839         14727
      0.668     0.850       68.013369           1.3015535         13818
      0.750     0.850       59.707894           1.2164606         12677
      0.841     0.850       51.250835           1.1282772         11464
      0.944     0.850       45.499038           1.0444576         10492
      1.059     0.850       38.196347          0.94878332          9217
      1.189     0.850       32.236412          0.85269651          8416
      1.334     0.850       27.387053          0.76523387          7644
      1.496     0.850       23.707934          0.70795575          6880
      1.679     0.850       18.395795          0.61829439          5741
      1.884     0.850       16.026651          0.56307688          5174
      2.113     0.850       12.468587          0.47482368          4623
      2.371     0.850       10.515080          0.43795893          4023
      2.661     0.850       7.6991225          0.36183550          3438
      2.985     0.850       6.3715000          0.31061538          2946
      3.350     0.850       4.7277903          0.24774319          2542
      3.758     0.850       3.7629311          0.21055210          2253
      4.217     0.850       3.1648988          0.18343619          1951
      4.732     0.850       2.1320453          0.13440413          1628
      5.309     0.850       1.7818702          0.12694366          1412
      5.957     0.850       1.4052242          0.10259675          1193
      6.683     0.850       1.1861704          0.91166766E-01      1006
      7.499     0.850      0.78750751          0.64012829E-01       857
      8.414     0.850      0.61742373          0.56979264E-01       690
      9.441     0.850      0.43559137          0.39980307E-01       582
      0.106     0.950       169.40678           2.2134939         23144
      0.119     0.950       172.18025           2.2110343         23822
      0.133     0.950       170.67291           2.2015676         24100
      0.150     0.950       170.16488           2.1924598         24141
      0.168     0.950       168.47144           2.1824396         23950
      0.188     0.950       163.90278           2.1702867         23857
      0.211     0.950       158.87284           2.1172198         23448
      0.237     0.950       149.16783           2.0393709         22802
      0.266     0.950       144.88759           2.0200124         22087
      0.299     0.950       133.30978           1.9383422         20876
      0.335     0.950       126.67763           1.8943808         20044
      0.376     0.950       116.16212           1.7685578         19161
      0.422     0.950       107.39201           1.7198107         17722
      0.473     0.950       93.103494           1.5618095         16728
      0.531     0.950       87.145311           1.5188598         15664
      0.596     0.950       74.968205           1.3994246         14354
      0.668     0.950       67.830692           1.3356334         13073
      0.750     0.950       59.190047           1.2120004         12103
      0.841     0.950       48.411667           1.0761035         10717
      0.944     0.950       42.652913           1.0069842          9792
      1.059     0.950       37.569951          0.94210425          8815
      1.189     0.950       29.849710          0.81736315          7836
      1.334     0.950       25.900862          0.75284500          7008
      1.496     0.950       21.017958          0.66441138          6152
      1.679     0.950       16.896944          0.57174586          5596
      1.884     0.950       14.957157          0.54775056          4908
      2.113     0.950       11.228267          0.43399392          4256
      2.371     0.950       8.4568635          0.34159700          3706
      2.661     0.950       7.9446442          0.36130657          3309
      2.985     0.950       5.8789507          0.29862644          2822
      3.350     0.950       4.6756849          0.25905852          2432
      3.758     0.950       3.4057852          0.20546732          2021
      4.217     0.950       2.6280488          0.17404190          1728
      4.732     0.950       2.0307172          0.16371312          1455
      5.309     0.950       1.5976487          0.12304240          1234
      5.957     0.950       1.3107510          0.10215123          1095
      6.683     0.950      0.87669249          0.84309850E-01       854
      7.499     0.950      0.69437005          0.64750834E-01       729
      8.414     0.950      0.62970766          0.60225183E-01       652
      9.441     0.950      0.50264930          0.59837363E-01       538
