 # tables0/fmax10_0401z.sou_nbm   
      0.112    -0.950       807.43167           4.9770588        111224
      0.141    -0.950       737.59688           4.6334326        112608
      0.178    -0.950       663.51477           4.2546975        113105
      0.224    -0.950       590.98723           3.9368448        110360
      0.282    -0.950       497.17804           3.5029692        104591
      0.355    -0.950       408.81185           3.0524189         98349
      0.447    -0.950       321.92836           2.5954702         88869
      0.562    -0.950       253.01836           2.2267769         79089
      0.708    -0.950       195.47289           1.8673341         70286
      0.891    -0.950       140.00241           1.4833941         60513
      1.122    -0.950       101.96769           1.1882969         52146
      1.413    -0.950       72.386407          0.94382922         44264
      1.778    -0.950       52.481895          0.76305957         37310
      2.239    -0.950       32.928491          0.53569025         30569
      2.818    -0.950       22.923117          0.41357486         24906
      3.548    -0.950       15.231373          0.30655923         20298
      4.467    -0.950       10.258108          0.22886395         16255
      5.623    -0.950       6.5306242          0.15918293         13007
      7.079    -0.950       4.0828408          0.10794624         10027
      8.913    -0.950       2.7044897          0.80302725E-01      7610
      0.112    -0.850       555.66756           3.8416146         98648
      0.141    -0.850       525.95479           3.6410531        103071
      0.178    -0.850       492.60708           3.4323290        104571
      0.224    -0.850       446.52326           3.1568885        103918
      0.282    -0.850       392.43421           2.8747887        100122
      0.355    -0.850       335.30591           2.5802668         94527
      0.447    -0.850       278.97090           2.2727285         86809
      0.562    -0.850       221.63965           1.9395378         77875
      0.708    -0.850       171.52404           1.6235168         69891
      0.891    -0.850       130.69807           1.3616731         60866
      1.122    -0.850       98.340352           1.1261911         51912
      1.413    -0.850       68.966000          0.87260351         44565
      1.778    -0.850       49.273181          0.68884825         37384
      2.239    -0.850       35.800606          0.55357860         31441
      2.818    -0.850       23.269132          0.40978686         25412
      3.548    -0.850       15.539103          0.30193128         20648
      4.467    -0.850       10.367657          0.22098468         16550
      5.623    -0.850       6.4804344          0.15744241         12866
      7.079    -0.850       4.2524886          0.10974101         10136
      8.913    -0.850       2.8842104          0.80101686E-01      8110
      0.112    -0.750       401.78533           2.7676808         90922
      0.141    -0.750       400.94260           2.7327887         95312
      0.178    -0.750       394.41434           2.6912992         98902
      0.224    -0.750       369.92950           2.5522201         98913
      0.282    -0.750       343.15620           2.4335835         96747
      0.355    -0.750       302.22016           2.2360141         92286
      0.447    -0.750       256.37174           2.0152240         85602
      0.562    -0.750       212.39375           1.7816408         77415
      0.708    -0.750       167.73739           1.5364825         69356
      0.891    -0.750       130.99429           1.3105117         61144
      1.122    -0.750       96.818037           1.0659906         52982
      1.413    -0.750       71.847151          0.89864772         44948
      1.778    -0.750       52.024801          0.71355867         38091
      2.239    -0.750       35.676567          0.54892301         31465
      2.818    -0.750       24.512369          0.42769063         25742
      3.548    -0.750       16.115689          0.30495639         21137
      4.467    -0.750       10.948705          0.23164211         17014
      5.623    -0.750       7.1662038          0.16429869         13571
      7.079    -0.750       4.4191283          0.11387077         10483
      8.913    -0.750       2.7566564          0.74738761E-01      8201
      0.112    -0.650       419.23878           3.0604693         86924
      0.141    -0.650       407.56645           2.9291499         91372
      0.178    -0.650       395.14867           2.8300958         94370
      0.224    -0.650       373.58494           2.6773268         95621
      0.282    -0.650       340.77152           2.4935898         93990
      0.355    -0.650       295.30310           2.2346266         89716
      0.447    -0.650       257.12898           2.0321415         84462
      0.562    -0.650       208.18772           1.7603805         76661
      0.708    -0.650       168.24535           1.5276619         68717
      0.891    -0.650       133.53821           1.3383223         60755
      1.122    -0.650       99.773802           1.0987001         53020
      1.413    -0.650       72.500975          0.86891662         45330
      1.778    -0.650       53.729098          0.70954476         38417
      2.239    -0.650       38.419900          0.58538182         32016
      2.818    -0.650       25.642754          0.42667498         26058
      3.548    -0.650       17.275409          0.32391527         21549
      4.467    -0.650       10.717904          0.22726554         17019
      5.623    -0.650       7.2129631          0.16130638         13660
      7.079    -0.650       4.7858991          0.12607656         10757
      8.913    -0.650       3.0640868          0.88010310E-01      8317
      0.112    -0.550       522.01619           4.1671592         82363
      0.141    -0.550       496.78662           3.8525404         87700
      0.178    -0.550       471.06100           3.6758382         90547
      0.224    -0.550       429.33055           3.3262344         91515
      0.282    -0.550       383.67601           3.0223590         90109
      0.355    -0.550       328.90094           2.6472159         87155
      0.447    -0.550       278.71269           2.3263495         82180
      0.562    -0.550       228.18797           2.0166544         75445
      0.708    -0.550       180.08261           1.6951815         68067
      0.891    -0.550       139.01796           1.4049643         60483
      1.122    -0.550       105.33373           1.1640828         52604
      1.413    -0.550       77.824547          0.94854143         45246
      1.778    -0.550       55.499892          0.74010109         38697
      2.239    -0.550       39.316260          0.58015074         32105
      2.818    -0.550       27.365141          0.45466484         26806
      3.548    -0.550       18.745510          0.34723749         21727
      4.467    -0.550       12.143351          0.25294582         17642
      5.623    -0.550       7.6260920          0.17446567         13965
      7.079    -0.550       5.1151243          0.13099412         10947
      8.913    -0.550       3.1563729          0.85989923E-01      8615
      0.112    -0.450       653.45036           5.2789597         78563
      0.141    -0.450       601.00358           4.8649048         82394
      0.178    -0.450       560.98178           4.4720126         86226
      0.224    -0.450       494.74672           3.9771559         86874
      0.282    -0.450       441.14205           3.6219158         86821
      0.355    -0.450       373.58813           3.1365956         83684
      0.447    -0.450       309.47869           2.6701491         79178
      0.562    -0.450       247.80371           2.2412015         73435
      0.708    -0.450       196.85076           1.9089551         66329
      0.891    -0.450       148.23294           1.5319640         59545
      1.122    -0.450       116.14942           1.3091127         52493
      1.413    -0.450       83.187694           1.0136213         45235
      1.778    -0.450       59.028704          0.80467460         38366
      2.239    -0.450       42.411175          0.63645845         32361
      2.818    -0.450       29.364057          0.48824600         27073
      3.548    -0.450       19.264945          0.35742369         21959
      4.467    -0.450       12.887032          0.26047784         17886
      5.623    -0.450       8.3453622          0.18548591         14404
      7.079    -0.450       5.3643182          0.13341097         11300
      8.913    -0.450       3.4480570          0.91666034E-01      8887
      0.112    -0.350       849.52297           6.8984173         73393
      0.141    -0.350       762.02820           6.2659717         76802
      0.178    -0.350       685.57805           5.6216118         79173
      0.224    -0.350       615.11850           5.0695200         80960
      0.282    -0.350       527.53476           4.4988908         80141
      0.355    -0.350       441.67009           3.8439966         78230
      0.447    -0.350       357.50749           3.2249102         74141
      0.562    -0.350       282.78103           2.6878198         69441
      0.708    -0.350       223.42009           2.2121614         63620
      0.891    -0.350       167.72759           1.7818395         57276
      1.122    -0.350       127.76228           1.4468863         51011
      1.413    -0.350       89.322428           1.1301208         43762
      1.778    -0.350       64.981048          0.88861311         38037
      2.239    -0.350       46.582669          0.71382792         32160
      2.818    -0.350       32.630296          0.54922534         26961
      3.548    -0.350       21.050206          0.39009589         22323
      4.467    -0.350       14.041922          0.28004727         18329
      5.623    -0.350       8.8170300          0.19565980         14540
      7.079    -0.350       5.6797375          0.13651032         11606
      8.913    -0.350       3.7442041          0.99147650E-01      9206
      0.112    -0.250       1183.0993           9.8381487         66300
      0.141    -0.250       1039.4630           8.7785705         69083
      0.178    -0.250       913.62985           7.7877452         70960
      0.224    -0.250       792.30569           6.9359382         71417
      0.282    -0.250       660.69903           5.9585359         70587
      0.355    -0.250       543.90039           5.0795965         69044
      0.447    -0.250       429.62152           4.2103753         65811
      0.562    -0.250       336.35335           3.4736198         61831
      0.708    -0.250       257.07310           2.7959715         56744
      0.891    -0.250       192.82316           2.2641900         51640
      1.122    -0.250       142.67419           1.7844782         46113
      1.413    -0.250       99.776564           1.3253672         40688
      1.778    -0.250       70.970713           1.0327492         35297
      2.239    -0.250       51.699150          0.82268900         30676
      2.818    -0.250       34.544235          0.58404499         25586
      3.548    -0.250       22.849302          0.43122528         21374
      4.467    -0.250       14.719402          0.29239784         17344
      5.623    -0.250       10.051042          0.22871396         14466
      7.079    -0.250       6.6946209          0.16688208         11564
      8.913    -0.250       4.2782547          0.11160294          9109
      0.112    -0.150       1798.8249           16.357575         54910
      0.141    -0.150       1531.4289           14.343415         55963
      0.178    -0.150       1293.1831           12.561114         56079
      0.224    -0.150       1098.7446           11.125667         55923
      0.282    -0.150       890.98615           9.4138389         54728
      0.355    -0.150       690.66897           7.7089350         52616
      0.447    -0.150       533.07166           6.2265217         50034
      0.562    -0.150       392.44877           4.7521128         47049
      0.708    -0.150       293.49728           3.8407872         43538
      0.891    -0.150       211.41692           2.8318103         39751
      1.122    -0.150       157.32379           2.2782227         36190
      1.413    -0.150       109.73169           1.7097308         31910
      1.778    -0.150       76.264614           1.2500465         28390
      2.239    -0.150       53.202915          0.94864683         24644
      2.818    -0.150       36.997459          0.69759275         20985
      3.548    -0.150       25.460938          0.53448667         17914
      4.467    -0.150       16.752087          0.36560578         14958
      5.623    -0.150       11.299728          0.28121356         12209
      7.079    -0.150       7.5428483          0.20043269          9998
      8.913    -0.150       4.8108065          0.14031855          7840
      0.112    -0.050       2970.4038           48.354985         27478
      0.141    -0.050       2416.9036           40.078658         27022
      0.178    -0.050       1999.8585           36.350744         26560
      0.224    -0.050       1642.2625           31.095515         26000
      0.282    -0.050       1291.0313           26.286788         24603
      0.355    -0.050       971.14165           21.405733         23258
      0.447    -0.050       685.20867           15.650257         21721
      0.562    -0.050       498.87965           12.599868         19783
      0.708    -0.050       346.96323           9.1784946         18285
      0.891    -0.050       246.89010           7.7836967         16295
      1.122    -0.050       171.87820           4.7831756         14978
      1.413    -0.050       122.30383           3.8395790         13323
      1.778    -0.050       87.898099           2.9342420         11880
      2.239    -0.050       59.696859           2.1315997         10288
      2.818    -0.050       41.964975           1.5139902          9056
      3.548    -0.050       25.257970          0.98344100          7637
      4.467    -0.050       17.413176          0.68151769          6576
      5.623    -0.050       11.348925          0.53621543          5440
      7.079    -0.050       8.3493346          0.40334249          4564
      8.913    -0.050       5.3365973          0.26286130          3650
      0.112     0.050       3026.0479           48.649185         27216
      0.141     0.050       2438.4862           40.140955         27084
      0.178     0.050       2040.1309           36.196478         26520
      0.224     0.050       1572.2909           29.502532         25512
      0.282     0.050       1267.9125           25.812808         24718
      0.355     0.050       942.44737           20.339022         23174
      0.447     0.050       664.56734           16.248163         21203
      0.562     0.050       501.66788           12.976765         19670
      0.708     0.050       349.50124           8.9640714         18155
      0.891     0.050       247.86059           7.0176720         16502
      1.122     0.050       168.58886           4.9744318         14796
      1.413     0.050       120.60284           3.9037070         13283
      1.778     0.050       81.221676           2.7618947         11563
      2.239     0.050       58.583806           2.1494861         10021
      2.818     0.050       42.665395           1.5611071          8985
      3.548     0.050       25.543728          0.94900120          7625
      4.467     0.050       17.916506          0.70327184          6312
      5.623     0.050       12.459215          0.59869664          5544
      7.079     0.050       8.0216684          0.38805166          4458
      8.913     0.050       5.1158848          0.24503445          3637
      0.112     0.150       1989.2624           17.669395         55993
      0.141     0.150       1689.5306           15.731724         56632
      0.178     0.150       1422.4596           13.675935         56869
      0.224     0.150       1166.4319           11.620656         56489
      0.282     0.150       924.08364           9.8213921         54814
      0.355     0.150       691.65341           7.7796184         52444
      0.447     0.150       527.65569           6.2000569         49857
      0.562     0.150       401.57167           5.0027186         47121
      0.708     0.150       300.95180           3.9322766         43389
      0.891     0.150       206.02036           2.8418813         39083
      1.122     0.150       148.76656           2.1269450         35464
      1.413     0.150       108.50027           1.7085115         31505
      1.778     0.150       74.504755           1.2187468         27875
      2.239     0.150       53.822132          0.96182566         24485
      2.818     0.150       38.640995          0.74962480         20933
      3.548     0.150       25.282506          0.51781574         17454
      4.467     0.150       16.750783          0.35941368         14711
      5.623     0.150       11.150628          0.26825481         11965
      7.079     0.150       6.9921246          0.18221429          9641
      8.913     0.150       4.9509216          0.13537472          7971
      0.112     0.250       1565.4546           12.200247         71699
      0.141     0.250       1333.4058           10.693306         73069
      0.178     0.250       1126.8105           9.3864478         73841
      0.224     0.250       949.00535           8.1838556         73714
      0.282     0.250       780.39058           7.0571562         72781
      0.355     0.250       611.59048           5.7500344         69954
      0.447     0.250       473.27508           4.6322113         66821
      0.562     0.250       353.14545           3.6942426         61989
      0.708     0.250       268.41427           2.9651081         57312
      0.891     0.250       197.46422           2.3108149         51342
      1.122     0.250       141.80270           1.7603454         45894
      1.413     0.250       104.38279           1.4055010         40418
      1.778     0.250       71.410894           1.0348359         35178
      2.239     0.250       50.382903          0.81806521         29815
      2.818     0.250       33.997747          0.59132791         24954
      3.548     0.250       22.709569          0.43742405         20602
      4.467     0.250       15.350897          0.31038070         17180
      5.623     0.250       10.483792          0.23685337         14018
      7.079     0.250       6.5839667          0.15650378         11069
      8.913     0.250       4.2061548          0.11552852          8725
      0.112     0.350       1362.6806           9.7783690         82828
      0.141     0.350       1178.1155           8.6628044         85443
      0.178     0.350       1032.7479           7.7600915         87084
      0.224     0.350       868.89015           6.7591918         86985
      0.282     0.350       710.43413           5.6706871         85617
      0.355     0.350       565.74885           4.8179507         81658
      0.447     0.350       450.57214           4.0243002         77066
      0.562     0.350       343.28780           3.2727665         71214
      0.708     0.350       258.09333           2.5824302         65215
      0.891     0.350       191.71440           2.0754000         57971
      1.122     0.350       138.18213           1.6220878         51492
      1.413     0.350       99.493935           1.2735715         44916
      1.778     0.350       67.286176          0.95856365         37797
      2.239     0.350       47.625408          0.74299277         32165
      2.818     0.350       31.925590          0.54051140         27069
      3.548     0.350       21.563020          0.39585379         22370
      4.467     0.350       14.332502          0.29145726         18053
      5.623     0.350       9.2154528          0.20026112         14589
      7.079     0.350       5.7640463          0.13948681         11479
      8.913     0.350       4.0701571          0.11414225          9186
      0.112     0.450       1251.4092           8.3865282         92652
      0.141     0.450       1111.3217           7.6112369         95607
      0.178     0.450       950.99709           6.7131472         96829
      0.224     0.450       822.16460           5.9741250         96443
      0.282     0.450       683.30212           5.1702963         94168
      0.355     0.450       542.45257           4.3512398         89468
      0.447     0.450       431.05098           3.6307214         83348
      0.562     0.450       334.13720           3.0113501         77223
      0.708     0.450       247.53277           2.3930710         68949
      0.891     0.450       180.35303           1.8705947         60965
      1.122     0.450       132.32388           1.5182068         53235
      1.413     0.450       93.742529           1.1751526         46005
      1.778     0.450       64.202497          0.89723800         39027
      2.239     0.450       44.669341          0.68958101         32726
      2.818     0.450       30.485562          0.51348155         27025
      3.548     0.450       20.316798          0.37636751         22115
      4.467     0.450       12.677860          0.25886559         17954
      5.623     0.450       8.5578351          0.19296723         14580
      7.079     0.450       5.3499817          0.13538607         11275
      8.913     0.450       3.5019388          0.93711020E-01      8952
      0.112     0.550       1207.0199           7.6889335        101215
      0.141     0.550       1065.3527           6.9396613        103664
      0.178     0.550       925.99501           6.1941419        104217
      0.224     0.550       793.61429           5.5109540        103914
      0.282     0.550       666.29407           4.8181639         99673
      0.355     0.550       528.64973           4.0413506         94279
      0.447     0.550       426.36351           3.4579905         87725
      0.562     0.550       325.22056           2.8532257         79079
      0.708     0.550       239.44500           2.2815906         70360
      0.891     0.550       173.96575           1.8210000         61976
      1.122     0.550       126.98252           1.4600344         53665
      1.413     0.550       88.168467           1.1150432         45914
      1.778     0.550       61.604678          0.86623192         39060
      2.239     0.550       41.135942          0.64010252         32236
      2.818     0.550       28.557226          0.50112804         26937
      3.548     0.550       18.130322          0.34040348         21547
      4.467     0.550       12.658609          0.26903035         17501
      5.623     0.550       7.9283935          0.18039793         14186
      7.079     0.550       5.1176052          0.12908252         11080
      8.913     0.550       3.2072180          0.90008962E-01      8620
      0.112     0.650       1177.2868           7.1670951        107840
      0.141     0.650       1033.5177           6.4847359        109517
      0.178     0.650       906.38536           5.8576746        109878
      0.224     0.650       780.12602           5.2418958        107782
      0.282     0.650       650.08338           4.5781437        103369
      0.355     0.650       520.41055           3.9063743         97284
      0.447     0.650       405.49138           3.2811716         88688
      0.562     0.650       313.33688           2.7416224         80931
      0.708     0.650       232.68586           2.1990518         71451
      0.891     0.650       172.48311           1.7833359         62656
      1.122     0.650       123.98254           1.4109439         54070
      1.413     0.650       86.836266           1.1120508         45936
      1.778     0.650       57.940538          0.82687261         38586
      2.239     0.650       39.974269          0.64378670         32099
      2.818     0.650       26.382919          0.45602204         26522
      3.548     0.650       17.394129          0.34090412         21475
      4.467     0.650       11.866046          0.26156313         17279
      5.623     0.650       7.4191163          0.16790475         13623
      7.079     0.650       4.9247597          0.12429673         10820
      8.913     0.650       3.1692113          0.85989602E-01      8615
      0.112     0.750       1133.4880           6.7223609        112369
      0.141     0.750       1008.1518           6.1412864        113992
      0.178     0.750       876.60489           5.5639786        112715
      0.224     0.750       753.75540           4.9565063        110948
      0.282     0.750       638.45033           4.4293202        105701
      0.355     0.750       508.44089           3.7804192         98721
      0.447     0.750       397.62402           3.1717289         90689
      0.562     0.750       302.16337           2.6135706         80501
      0.708     0.750       221.50795           2.1317194         71118
      0.891     0.750       163.92026           1.7146990         61787
      1.122     0.750       117.76364           1.3753454         53091
      1.413     0.750       82.490391           1.0745959         44837
      1.778     0.750       57.324172          0.83306201         38124
      2.239     0.750       37.703534          0.60186291         31456
      2.818     0.750       25.626338          0.46359841         25590
      3.548     0.750       16.982098          0.32958310         20887
      4.467     0.750       10.526871          0.22500682         16651
      5.623     0.750       7.0510649          0.16950068         13415
      7.079     0.750       4.6587712          0.11689681         10582
      8.913     0.750       2.8195190          0.82792738E-01      7956
      0.112     0.850       1117.2943           6.4628114        116111
      0.141     0.850       996.13060           5.9561168        116990
      0.178     0.850       873.59632           5.4032846        116475
      0.224     0.850       746.32036           4.8445387        113261
      0.282     0.850       619.09869           4.2347804        106761
      0.355     0.850       495.14078           3.6552466         99363
      0.447     0.850       385.82401           3.0670101         91027
      0.562     0.850       296.24226           2.5819376         81226
      0.708     0.850       221.63951           2.1058989         71446
      0.891     0.850       157.90081           1.6807954         62087
      1.122     0.850       112.72539           1.3336940         53240
      1.413     0.850       79.053314           1.0477913         45165
      1.778     0.850       54.007910          0.77429039         37770
      2.239     0.850       37.048707          0.61173014         31540
      2.818     0.850       24.307049          0.43772474         25908
      3.548     0.850       15.990575          0.31749501         21047
      4.467     0.850       10.611219          0.22719908         16636
      5.623     0.850       6.7108963          0.16142608         13204
      7.079     0.850       4.5774096          0.12145871         10454
      8.913     0.850       2.7670581          0.82622935E-01      7976
      0.112     0.950       1101.0832           6.2387983        118796
      0.141     0.950       984.25792           5.7733451        119382
      0.178     0.950       854.12424           5.2340443        117832
      0.224     0.950       734.38583           4.7051770        113621
      0.282     0.950       605.36216           4.1226044        107593
      0.355     0.950       489.15502           3.5814567         99632
      0.447     0.950       381.83424           3.0374147         90242
      0.562     0.950       295.18060           2.5627289         81067
      0.708     0.950       217.22156           2.0808469         70638
      0.891     0.950       154.31398           1.6560730         60789
      1.122     0.950       112.12919           1.3035582         52262
      1.413     0.950       76.737022           1.0066958         44386
      1.778     0.950       52.095771          0.76151472         36932
      2.239     0.950       34.170591          0.55859890         30377
      2.818     0.950       23.529899          0.42838081         24938
      3.548     0.950       15.597729          0.31875819         20057
      4.467     0.950       10.048594          0.22437453         15968
      5.623     0.950       6.4550467          0.15280187         12713
      7.079     0.950       4.1919677          0.11042750          9957
      8.913     0.950       2.7001256          0.78798421E-01      7660
