 # tables0/fmax20_0401z.sno_nbe   
      0.106    -0.950       337.19490           4.3922479         25742
      0.119    -0.950       336.82275           4.3703978         26073
      0.133    -0.950       315.79072           4.1659581         25975
      0.150    -0.950       308.30443           4.1096849         25770
      0.168    -0.950       287.07469           3.8924009         25746
      0.188    -0.950       277.65923           3.7972328         25391
      0.211    -0.950       248.37631           3.4844185         24557
      0.237    -0.950       227.72865           3.2798753         23663
      0.266    -0.950       211.33452           3.1198276         22672
      0.299    -0.950       201.45868           3.0446626         22045
      0.335    -0.950       177.72665           2.7898984         20952
      0.376    -0.950       161.75295           2.6351468         19738
      0.422    -0.950       144.18943           2.4626578         18200
      0.473    -0.950       126.32331           2.2732940         17207
      0.531    -0.950       104.84462           1.9540556         15500
      0.596    -0.950       95.050115           1.8742015         14605
      0.668    -0.950       83.686895           1.7180676         13290
      0.750    -0.950       69.873543           1.5589310         11988
      0.841    -0.950       56.848564           1.3633855         10984
      0.944    -0.950       49.574076           1.2509801          9823
      1.059    -0.950       39.501584           1.0498687          8786
      1.189    -0.950       33.973206          0.96920807          7811
      1.334    -0.950       26.814428          0.80779191          6944
      1.496    -0.950       21.949166          0.74468647          6283
      1.679    -0.950       18.737486          0.65458711          5483
      1.884    -0.950       14.594631          0.56179147          4854
      2.113    -0.950       12.026424          0.50275515          4188
      2.371    -0.950       8.9957471          0.38461060          3736
      2.661    -0.950       7.3115021          0.35068418          3164
      2.985    -0.950       5.7245181          0.29456294          2674
      3.350    -0.950       5.0350755          0.29138730          2344
      3.758    -0.950       3.9758136          0.25001337          2047
      4.217    -0.950       2.6402042          0.17276175          1751
      4.732    -0.950       2.3237790          0.16793153          1504
      5.309    -0.950       1.5542855          0.11962382          1257
      5.957    -0.950       1.3271148          0.10362051          1085
      6.683    -0.950       1.0565056          0.89517794E-01       884
      7.499    -0.950      0.75692472          0.64297248E-01       761
      8.414    -0.950      0.55947678          0.57302840E-01       615
      9.441    -0.950      0.45293547          0.47301831E-01       570
      0.106    -0.850       250.41910           3.6302931         23598
      0.119    -0.850       242.24887           3.4854331         24203
      0.133    -0.850       238.89318           3.4124603         24507
      0.150    -0.850       235.05194           3.3746804         24583
      0.168    -0.850       217.66950           3.1350926         24515
      0.188    -0.850       213.39847           3.1306858         24067
      0.211    -0.850       203.67042           2.9824990         24097
      0.237    -0.850       193.31549           2.8536596         23305
      0.266    -0.850       175.12003           2.6911153         22375
      0.299    -0.850       164.67295           2.5664299         21781
      0.335    -0.850       156.28126           2.4966054         20693
      0.376    -0.850       135.22923           2.2131356         19851
      0.422    -0.850       120.65023           2.0913929         18347
      0.473    -0.850       110.69936           1.9481458         17506
      0.531    -0.850       97.529517           1.8044161         16243
      0.596    -0.850       84.915389           1.6624519         15048
      0.668    -0.850       76.490767           1.5772540         13940
      0.750    -0.850       64.001081           1.3814231         12763
      0.841    -0.850       56.842089           1.2945780         11554
      0.944    -0.850       47.011405           1.1279389         10428
      1.059    -0.850       40.817492           1.0265799          9478
      1.189    -0.850       32.964483          0.89384160          8453
      1.334    -0.850       27.961216          0.80207801          7623
      1.496    -0.850       21.693928          0.67886728          6660
      1.679    -0.850       18.455477          0.59864086          5958
      1.884    -0.850       14.857061          0.52618479          5225
      2.113    -0.850       12.479818          0.48570937          4580
      2.371    -0.850       10.101389          0.41307175          4010
      2.661    -0.850       7.4861655          0.32892725          3502
      2.985    -0.850       6.4686889          0.31294284          3068
      3.350    -0.850       4.6074144          0.23861519          2604
      3.758    -0.850       4.0867414          0.21457993          2250
      4.217    -0.850       3.2014239          0.19213494          1952
      4.732    -0.850       2.3027529          0.14996567          1550
      5.309    -0.850       1.8089131          0.13579196          1396
      5.957    -0.850       1.5271383          0.12155350          1224
      6.683    -0.850       1.0534565          0.89302886E-01       957
      7.499    -0.850      0.88640580          0.74512088E-01       825
      8.414    -0.850      0.73230521          0.80241328E-01       698
      9.441    -0.850      0.49438048          0.59361203E-01       579
      0.106    -0.750       191.64889           2.7108544         22168
      0.119    -0.750       194.31604           2.7140632         22947
      0.133    -0.750       192.11353           2.6816018         23182
      0.150    -0.750       191.77742           2.6971210         23396
      0.168    -0.750       183.01667           2.5637450         23621
      0.188    -0.750       181.62152           2.5415409         23505
      0.211    -0.750       177.37854           2.5042348         23454
      0.237    -0.750       169.75663           2.4417521         22997
      0.266    -0.750       159.86069           2.3285437         22390
      0.299    -0.750       145.80558           2.1960209         21489
      0.335    -0.750       143.15872           2.1650775         20917
      0.376    -0.750       125.42356           2.0054098         19700
      0.422    -0.750       114.87759           1.8584620         18923
      0.473    -0.750       107.22869           1.8109362         17902
      0.531    -0.750       95.880739           1.6769207         16777
      0.596    -0.750       83.847463           1.5543319         15437
      0.668    -0.750       76.064742           1.4549618         14527
      0.750    -0.750       67.258168           1.3836984         13106
      0.841    -0.750       56.553966           1.2281353         11891
      0.944    -0.750       48.475012           1.0926449         10969
      1.059    -0.750       41.492732           1.0145324         10053
      1.189    -0.750       36.636549          0.96754164          9087
      1.334    -0.750       28.903893          0.78921039          8150
      1.496    -0.750       23.755541          0.69701234          7254
      1.679    -0.750       21.133886          0.65821362          6578
      1.884    -0.750       16.662424          0.55855081          5693
      2.113    -0.750       13.883914          0.49897116          5053
      2.371    -0.750       11.444168          0.45015543          4387
      2.661    -0.750       8.8569816          0.35659500          3796
      2.985    -0.750       6.8114213          0.30804182          3284
      3.350    -0.750       5.3968333          0.25977328          2894
      3.758    -0.750       4.1089148          0.21663599          2490
      4.217    -0.750       3.2398651          0.18881640          2063
      4.732    -0.750       2.4933090          0.15349560          1801
      5.309    -0.750       2.0828480          0.13582618          1668
      5.957    -0.750       1.5068307          0.10984179          1364
      6.683    -0.750       1.2165332          0.84234319E-01      1119
      7.499    -0.750      0.97173358          0.72409729E-01       969
      8.414    -0.750      0.69726679          0.58340580E-01       811
      9.441    -0.750      0.51762130          0.44873014E-01       652
      0.106    -0.650       200.12323           2.9972864         21257
      0.119    -0.650       199.79409           2.9662307         21963
      0.133    -0.650       195.90642           2.8304655         22457
      0.150    -0.650       197.60413           2.8720753         22861
      0.168    -0.650       191.22628           2.7841471         23060
      0.188    -0.650       184.18753           2.6624164         22994
      0.211    -0.650       178.38745           2.6201252         23099
      0.237    -0.650       172.82873           2.5930651         22470
      0.266    -0.650       162.29136           2.4265816         22218
      0.299    -0.650       154.07184           2.3804369         21478
      0.335    -0.650       142.59302           2.2304859         21088
      0.376    -0.650       128.15104           2.0472687         20285
      0.422    -0.650       118.81046           1.9787505         19261
      0.473    -0.650       108.63377           1.8670269         18213
      0.531    -0.650       99.328005           1.7119058         17344
      0.596    -0.650       89.627895           1.6437366         16073
      0.668    -0.650       77.174727           1.4663082         15092
      0.750    -0.650       67.092017           1.3373337         13765
      0.841    -0.650       59.899838           1.2518730         12794
      0.944    -0.650       52.199751           1.1464229         11968
      1.059    -0.650       45.455067           1.0428244         10670
      1.189    -0.650       39.537970          0.97524166          9668
      1.334    -0.650       32.640447          0.86248530          8777
      1.496    -0.650       26.503434          0.75723658          7683
      1.679    -0.650       22.796522          0.69674735          6930
      1.884    -0.650       17.314816          0.53938814          6194
      2.113    -0.650       14.546610          0.49356946          5452
      2.371    -0.650       12.918631          0.46728660          4946
      2.661    -0.650       9.9144987          0.41582837          4265
      2.985    -0.650       7.5609931          0.32356664          3612
      3.350    -0.650       6.6896217          0.29919723          3245
      3.758    -0.650       5.0925672          0.24399128          2769
      4.217    -0.650       3.7567706          0.21701150          2288
      4.732    -0.650       3.2047202          0.19690500          2074
      5.309    -0.650       2.2631543          0.13556552          1789
      5.957    -0.650       1.9239689          0.13388289          1542
      6.683    -0.650       1.3643911          0.10445779          1249
      7.499    -0.650       1.0133693          0.75210409E-01      1074
      8.414    -0.650      0.88648279          0.73261206E-01       885
      9.441    -0.650      0.60122427          0.53913539E-01       778
      0.106    -0.550       246.70911           3.9422266         20164
      0.119    -0.550       241.21417           3.8738507         20932
      0.133    -0.550       234.79816           3.7235432         21496
      0.150    -0.550       229.44750           3.6155066         21979
      0.168    -0.550       215.22280           3.3853724         22037
      0.188    -0.550       211.73045           3.3497299         22246
      0.211    -0.550       202.47620           3.1640816         22294
      0.237    -0.550       189.54587           3.0065501         22006
      0.266    -0.550       178.19005           2.8292597         21595
      0.299    -0.550       164.67712           2.6687005         21137
      0.335    -0.550       154.55678           2.5528944         20923
      0.376    -0.550       142.32310           2.3771784         19833
      0.422    -0.550       130.32499           2.2478431         19102
      0.473    -0.550       117.40606           2.0692788         18219
      0.531    -0.550       110.84408           1.9643336         17601
      0.596    -0.550       94.709982           1.8029310         16390
      0.668    -0.550       82.449692           1.5957586         15380
      0.750    -0.550       74.585421           1.4736389         14346
      0.841    -0.550       65.291263           1.3874375         13382
      0.944    -0.550       56.302455           1.2432954         12367
      1.059    -0.550       46.006201           1.0926540         11209
      1.189    -0.550       38.174390          0.92791843         10099
      1.334    -0.550       33.928975          0.88543169          9187
      1.496    -0.550       28.643407          0.78839338          8362
      1.679    -0.550       23.897609          0.70931931          7357
      1.884    -0.550       19.342839          0.62060382          6706
      2.113    -0.550       16.857844          0.55018789          5983
      2.371    -0.550       13.467060          0.48688458          5371
      2.661    -0.550       10.572279          0.40135172          4678
      2.985    -0.550       8.6864436          0.37822713          4045
      3.350    -0.550       6.9767381          0.30270905          3567
      3.758    -0.550       5.5431246          0.26139155          3025
      4.217    -0.550       4.2067208          0.19956067          2634
      4.732    -0.550       3.6851603          0.20214291          2369
      5.309    -0.550       2.7044039          0.15985774          2049
      5.957    -0.550       1.9731506          0.12176018          1652
      6.683    -0.550       1.7603718          0.12481251          1441
      7.499    -0.550       1.4772407          0.10430456          1242
      8.414    -0.550       1.0426844          0.83628503E-01      1029
      9.441    -0.550      0.81237305          0.66486859E-01       909
      0.106    -0.450       288.40361           4.7675723         19219
      0.119    -0.450       287.99222           4.6900551         19806
      0.133    -0.450       278.51091           4.4749779         20322
      0.150    -0.450       270.12305           4.4182511         20927
      0.168    -0.450       259.38069           4.1902447         21079
      0.188    -0.450       253.30771           4.1115076         21122
      0.211    -0.450       230.60998           3.7613355         21330
      0.237    -0.450       221.29917           3.6743165         21218
      0.266    -0.450       199.54612           3.3358527         21075
      0.299    -0.450       183.88740           3.0672201         20345
      0.335    -0.450       174.22845           3.0002196         20222
      0.376    -0.450       156.63895           2.7525504         19655
      0.422    -0.450       139.54024           2.4467433         18861
      0.473    -0.450       127.20551           2.3364776         18147
      0.531    -0.450       124.23341           2.3084866         17768
      0.596    -0.450       107.49282           2.0463796         16806
      0.668    -0.450       90.296821           1.7436076         15909
      0.750    -0.450       77.957077           1.5764797         14501
      0.841    -0.450       71.016159           1.5262415         13512
      0.944    -0.450       58.626621           1.2847661         12612
      1.059    -0.450       53.477787           1.2360574         11735
      1.189    -0.450       44.832073           1.0912416         10768
      1.334    -0.450       37.326649          0.95279658          9980
      1.496    -0.450       33.432744          0.87339350          9064
      1.679    -0.450       26.692493          0.75751019          8179
      1.884    -0.450       22.234133          0.67294490          7220
      2.113    -0.450       18.545485          0.62108620          6392
      2.371    -0.450       13.847673          0.47740958          5816
      2.661    -0.450       12.452707          0.44876352          5119
      2.985    -0.450       10.275698          0.38372496          4603
      3.350    -0.450       7.1236508          0.29377613          3859
      3.758    -0.450       6.3944671          0.29242392          3472
      4.217    -0.450       5.1288720          0.24538666          3028
      4.732    -0.450       4.0776279          0.20166008          2592
      5.309    -0.450       2.8355069          0.15682924          2196
      5.957    -0.450       2.4674182          0.14068729          1927
      6.683    -0.450       1.8052814          0.10339125          1641
      7.499    -0.450       1.2720111          0.82272899E-01      1373
      8.414    -0.450       1.0281330          0.68784595E-01      1153
      9.441    -0.450      0.81905563          0.61950460E-01       952
      0.106    -0.350       357.65507           6.1124756         17626
      0.119    -0.350       351.31422           5.9732673         18094
      0.133    -0.350       334.51395           5.6843750         18753
      0.150    -0.350       324.62659           5.4218258         19069
      0.168    -0.350       319.35996           5.2549926         19523
      0.188    -0.350       293.49935           4.9498152         19677
      0.211    -0.350       284.21372           4.8293550         19881
      0.237    -0.350       262.88784           4.4691888         19872
      0.266    -0.350       243.49274           4.2858189         19625
      0.299    -0.350       220.13909           3.8135517         19677
      0.335    -0.350       208.26119           3.7265198         19277
      0.376    -0.350       184.01234           3.2872248         18706
      0.422    -0.350       167.30166           3.1651562         18142
      0.473    -0.350       151.06686           2.8826241         17647
      0.531    -0.350       133.92948           2.5863935         16956
      0.596    -0.350       116.90536           2.3012365         16109
      0.668    -0.350       104.64265           2.1045322         15346
      0.750    -0.350       94.188589           1.9669261         14620
      0.841    -0.350       78.776187           1.7297992         13483
      0.944    -0.350       70.672392           1.5896041         12801
      1.059    -0.350       59.122717           1.3887409         12034
      1.189    -0.350       52.389409           1.2748835         10965
      1.334    -0.350       43.609670           1.0934560         10230
      1.496    -0.350       37.473245          0.98689662          9353
      1.679    -0.350       30.535833          0.85481563          8438
      1.884    -0.350       25.459379          0.72982707          7792
      2.113    -0.350       20.895084          0.65370295          6888
      2.371    -0.350       17.790058          0.57321549          6191
      2.661    -0.350       14.673140          0.53503348          5603
      2.985    -0.350       11.476526          0.41871285          4923
      3.350    -0.350       8.8617337          0.34262353          4311
      3.758    -0.350       7.5779002          0.32306631          3894
      4.217    -0.350       6.2377704          0.27336037          3368
      4.732    -0.350       4.7475763          0.22601746          2950
      5.309    -0.350       3.9273350          0.21479600          2515
      5.957    -0.350       2.8503913          0.15155156          2207
      6.683    -0.350       2.7937977          0.17426485          1876
      7.499    -0.350       1.6404527          0.97709851E-01      1649
      8.414    -0.350       1.5066225          0.10711096          1362
      9.441    -0.350       1.0718158          0.80263087E-01      1192
      0.106    -0.250       493.48023           8.5360903         16109
      0.119    -0.250       491.25935           8.4190134         16523
      0.133    -0.250       462.99071           7.9615903         16860
      0.150    -0.250       456.06240           7.9190737         17203
      0.168    -0.250       419.22366           7.2053811         17344
      0.188    -0.250       392.27635           6.8792964         17468
      0.211    -0.250       368.87957           6.5499612         17680
      0.237    -0.250       341.11471           6.1840449         17515
      0.266    -0.250       310.50798           5.7975785         17361
      0.299    -0.250       282.59765           5.2166152         17192
      0.335    -0.250       266.52416           4.9388682         17134
      0.376    -0.250       227.05808           4.3885371         16508
      0.422    -0.250       207.00477           4.1062379         16333
      0.473    -0.250       182.63080           3.6691181         15929
      0.531    -0.250       163.92691           3.5341501         15059
      0.596    -0.250       146.23483           3.1708852         14861
      0.668    -0.250       125.15510           2.7345209         14312
      0.750    -0.250       107.68355           2.3950395         13512
      0.841    -0.250       95.690664           2.2262893         12804
      0.944    -0.250       80.490165           1.9085536         11957
      1.059    -0.250       71.146888           1.8205368         11437
      1.189    -0.250       58.514857           1.4996835         10608
      1.334    -0.250       51.668481           1.3691084          9975
      1.496    -0.250       42.732090           1.1860100          9365
      1.679    -0.250       34.544876          0.97746907          8658
      1.884    -0.250       30.111291          0.92264179          7844
      2.113    -0.250       24.193292          0.77697182          7074
      2.371    -0.250       20.817801          0.69454399          6514
      2.661    -0.250       15.501480          0.51461722          5864
      2.985    -0.250       13.181787          0.47184188          5156
      3.350    -0.250       10.754613          0.42578460          4725
      3.758    -0.250       8.9523429          0.35495893          4209
      4.217    -0.250       6.9080108          0.31593319          3719
      4.732    -0.250       5.2362197          0.23015910          3209
      5.309    -0.250       4.4277378          0.21219140          2916
      5.957    -0.250       3.4263492          0.16451906          2485
      6.683    -0.250       3.1673643          0.17593540          2208
      7.499    -0.250       2.0706833          0.12277948          1882
      8.414    -0.250       1.6813859          0.10641296          1565
      9.441    -0.250       1.2620955          0.79455772E-01      1393
      0.106    -0.150       814.90919           15.191589         13253
      0.119    -0.150       766.47421           14.612620         13328
      0.133    -0.150       693.48603           13.375174         13564
      0.150    -0.150       667.87532           12.829776         13869
      0.168    -0.150       612.49681           12.308383         13829
      0.188    -0.150       593.75912           11.889966         13937
      0.211    -0.150       523.20029           10.753160         13584
      0.237    -0.150       457.99281           9.5086292         13555
      0.266    -0.150       426.58713           9.0175078         13859
      0.299    -0.150       369.82199           8.0614873         13161
      0.335    -0.150       327.22627           7.1634650         12956
      0.376    -0.150       304.44106           7.0983564         12761
      0.422    -0.150       274.51651           6.3095599         12726
      0.473    -0.150       229.14856           5.4337632         12278
      0.531    -0.150       202.09714           4.8751255         11816
      0.596    -0.150       175.36565           4.4534937         11334
      0.668    -0.150       145.01485           3.7011127         10857
      0.750    -0.150       123.12341           3.3002800         10401
      0.841    -0.150       108.17489           3.0110044          9887
      0.944    -0.150       91.532204           2.4996889          9624
      1.059    -0.150       75.463872           2.1174380          8868
      1.189    -0.150       66.272481           1.9509491          8498
      1.334    -0.150       57.377206           1.7652768          7983
      1.496    -0.150       50.002014           1.6127544          7639
      1.679    -0.150       36.012023           1.1885013          6972
      1.884    -0.150       32.668366           1.1194651          6432
      2.113    -0.150       27.089777          0.96108555          6038
      2.371    -0.150       23.406410          0.80420935          5585
      2.661    -0.150       19.045494          0.74622690          5047
      2.985    -0.150       15.211997          0.63886570          4712
      3.350    -0.150       12.956359          0.55379945          4323
      3.758    -0.150       10.533811          0.47511894          3789
      4.217    -0.150       8.5494890          0.39254491          3462
      4.732    -0.150       6.9347445          0.32918372          3098
      5.309    -0.150       5.3049531          0.27470553          2742
      5.957    -0.150       4.8714851          0.26197754          2506
      6.683    -0.150       3.4453288          0.17397954          2159
      7.499    -0.150       2.8645594          0.17344557          1824
      8.414    -0.150       2.3420012          0.14058745          1670
      9.441    -0.150       1.8399279          0.11307100          1496
      0.106    -0.050       1323.1637           48.243257          6427
      0.119    -0.050       1228.8142           41.404155          6456
      0.133    -0.050       1060.9947           38.619454          6532
      0.150    -0.050       1024.4862           37.151186          6402
      0.168    -0.050       933.97257           34.288128          6389
      0.188    -0.050       829.28474           29.837639          6215
      0.211    -0.050       768.69551           30.783999          6187
      0.237    -0.050       667.21764           26.757278          6031
      0.266    -0.050       664.70034           29.951719          5993
      0.299    -0.050       539.80223           23.263480          5792
      0.335    -0.050       447.80214           21.044609          5565
      0.376    -0.050       402.21922           19.432413          5664
      0.422    -0.050       362.19030           18.395378          5365
      0.473    -0.050       294.37126           12.955697          5228
      0.531    -0.050       248.28293           12.587250          4920
      0.596    -0.050       217.38306           11.238727          4817
      0.668    -0.050       192.55948           9.4239112          4669
      0.750    -0.050       153.64417           7.2891933          4343
      0.841    -0.050       116.71054           6.0486310          4259
      0.944    -0.050       115.93244           6.3956051          4171
      1.059    -0.050       83.415481           4.9441707          3761
      1.189    -0.050       76.536997           4.0548092          3571
      1.334    -0.050       62.109481           4.0946207          3388
      1.496    -0.050       52.697852           3.6772396          3174
      1.679    -0.050       46.318044           3.0130951          3066
      1.884    -0.050       35.474296           2.3271576          2789
      2.113    -0.050       30.291320           2.0183706          2603
      2.371    -0.050       24.418883           1.4325166          2537
      2.661    -0.050       20.091774           1.4002476          2311
      2.985    -0.050       16.457428           1.0992212          2105
      3.350    -0.050       14.395379           1.0254588          1937
      3.758    -0.050       11.067811          0.96409941          1763
      4.217    -0.050       9.8744587          0.85300632          1640
      4.732    -0.050       7.9375977          0.67284209          1444
      5.309    -0.050       6.3304578          0.45876834          1324
      5.957    -0.050       5.3350676          0.44051425          1254
      6.683    -0.050       4.3324484          0.33540307          1041
      7.499    -0.050       3.5391645          0.30869617           977
      8.414    -0.050       2.2906164          0.22801429           827
      9.441    -0.050       2.2542293          0.21383215           790
      0.106     0.050       1348.9092           48.096197          6351
      0.119     0.050       1212.0996           41.914730          6335
      0.133     0.050       1029.1639           37.025239          6406
      0.150     0.050       1075.6009           39.572808          6331
      0.168     0.050       889.27700           32.977538          6353
      0.188     0.050       819.07615           29.671436          6190
      0.211     0.050       724.24715           29.364988          6136
      0.237     0.050       667.29399           28.182785          5964
      0.266     0.050       643.43200           27.476107          6061
      0.299     0.050       542.29910           24.618878          5854
      0.335     0.050       474.07455           20.558717          5713
      0.376     0.050       420.19219           19.919375          5491
      0.422     0.050       362.91487           17.813136          5392
      0.473     0.050       289.79635           12.619930          5129
      0.531     0.050       251.92863           12.635008          4991
      0.596     0.050       196.72363           9.2410591          4684
      0.668     0.050       183.34466           10.368842          4503
      0.750     0.050       152.75019           7.3594343          4311
      0.841     0.050       116.23738           5.7824087          4237
      0.944     0.050       103.41145           5.8049248          4069
      1.059     0.050       85.883421           5.2653469          3728
      1.189     0.050       83.507099           5.4082008          3595
      1.334     0.050       59.377896           3.8561021          3418
      1.496     0.050       52.639188           3.8433132          3139
      1.679     0.050       45.005782           3.1904323          3066
      1.884     0.050       33.344468           2.2514157          2825
      2.113     0.050       32.177159           2.1763259          2640
      2.371     0.050       23.479139           1.4046784          2438
      2.661     0.050       22.725669           1.5686107          2323
      2.985     0.050       16.849873           1.3570799          2127
      3.350     0.050       13.665291           1.0698448          1947
      3.758     0.050       9.9905181          0.67971645          1746
      4.217     0.050       9.2030103          0.80111925          1590
      4.732     0.050       7.6322320          0.63753820          1516
      5.309     0.050       6.5428611          0.54098629          1365
      5.957     0.050       4.7555913          0.41451427          1259
      6.683     0.050       4.0122655          0.32993544          1122
      7.499     0.050       2.9298362          0.28067947           963
      8.414     0.050       2.4288487          0.21805078           868
      9.441     0.050       1.9018538          0.19258637           765
      0.106     0.150       850.56302           16.055471         13290
      0.119     0.150       829.48373           15.591556         13479
      0.133     0.150       760.44842           14.460695         13559
      0.150     0.150       702.61491           13.396124         13822
      0.168     0.150       648.58639           12.843088         13727
      0.188     0.150       588.70229           11.988497         13631
      0.211     0.150       545.03393           11.052602         13673
      0.237     0.150       495.54994           10.277261         13682
      0.266     0.150       444.29283           9.4766885         13379
      0.299     0.150       379.77189           8.4215438         13023
      0.335     0.150       348.11545           7.7658312         13143
      0.376     0.150       302.05545           7.1437086         12811
      0.422     0.150       263.00111           6.2470953         12421
      0.473     0.150       219.99451           5.3085471         12122
      0.531     0.150       209.63849           5.3341897         11612
      0.596     0.150       169.75492           4.3536336         11225
      0.668     0.150       147.88434           3.9725430         10832
      0.750     0.150       125.24071           3.2803329         10392
      0.841     0.150       111.04014           3.0965066         10020
      0.944     0.150       89.140662           2.5694821          9535
      1.059     0.150       79.061723           2.3025049          8937
      1.189     0.150       66.298785           1.9254916          8515
      1.334     0.150       54.927588           1.7001064          7913
      1.496     0.150       45.374316           1.3700094          7585
      1.679     0.150       38.151040           1.2202156          6972
      1.884     0.150       32.556965           1.1444249          6465
      2.113     0.150       27.866204           1.0061801          5989
      2.371     0.150       21.960676          0.78212179          5542
      2.661     0.150       18.716069          0.74067681          5039
      2.985     0.150       14.591815          0.54253938          4521
      3.350     0.150       12.728631          0.52930069          4114
      3.758     0.150       10.263870          0.42575230          3799
      4.217     0.150       8.0788484          0.34004608          3468
      4.732     0.150       6.5789073          0.31333367          3073
      5.309     0.150       5.7717098          0.30568925          2784
      5.957     0.150       4.5659799          0.23591488          2393
      6.683     0.150       3.6721785          0.19760462          2151
      7.499     0.150       2.4289842          0.12949689          1794
      8.414     0.150       2.0340285          0.12209545          1569
      9.441     0.150       1.6907117          0.10789952          1426
      0.106     0.250       669.91997           10.886445         17064
      0.119     0.250       641.25217           10.511371         17447
      0.133     0.250       600.49448           10.029276         17497
      0.150     0.250       562.82096           9.5669147         17838
      0.168     0.250       522.85591           8.8648883         17781
      0.188     0.250       484.46549           8.4400560         17910
      0.211     0.250       434.39810           7.6405884         17963
      0.237     0.250       396.69259           7.0101354         17851
      0.266     0.250       358.23680           6.4707804         17547
      0.299     0.250       330.30392           6.1598100         17618
      0.335     0.250       285.86743           5.5427508         17025
      0.376     0.250       254.87919           4.9756334         16632
      0.422     0.250       234.02838           4.6969401         16227
      0.473     0.250       196.44016           4.0063074         15999
      0.531     0.250       178.04702           3.8093711         15109
      0.596     0.250       145.62090           3.0550433         14691
      0.668     0.250       133.99912           2.9213131         14148
      0.750     0.250       112.21270           2.5661499         13393
      0.841     0.250       100.91889           2.4039569         12917
      0.944     0.250       79.971403           1.8803218         12086
      1.059     0.250       67.695941           1.6824487         11264
      1.189     0.250       56.941514           1.4667056         10560
      1.334     0.250       50.087590           1.3651018          9853
      1.496     0.250       41.469282           1.1662206          9002
      1.679     0.250       36.691501           1.0833087          8357
      1.884     0.250       28.597776          0.88807486          7641
      2.113     0.250       24.526788          0.79065402          6989
      2.371     0.250       20.193802          0.68208990          6310
      2.661     0.250       15.969479          0.55644119          5725
      2.985     0.250       13.723261          0.52359281          5168
      3.350     0.250       11.421449          0.47650961          4728
      3.758     0.250       8.6059006          0.36928029          4069
      4.217     0.250       6.7363818          0.28556001          3636
      4.732     0.250       5.6993006          0.25701392          3207
      5.309     0.250       3.9673329          0.20219551          2736
      5.957     0.250       3.2983322          0.18573928          2403
      6.683     0.250       2.7296077          0.14051555          2124
      7.499     0.250       2.3313169          0.12978189          1881
      8.414     0.250       1.7868611          0.10362628          1577
      9.441     0.250       1.4143233          0.99457554E-01      1361
      0.106     0.350       598.52460           8.8797335         20132
      0.119     0.350       575.66512           8.7068550         20248
      0.133     0.350       539.16502           8.1256652         20733
      0.150     0.350       511.50558           7.8715963         21019
      0.168     0.350       484.53805           7.4747469         21328
      0.188     0.350       430.77740           6.8544749         21122
      0.211     0.350       400.57204           6.3401212         21262
      0.237     0.350       360.79478           5.8702766         21028
      0.266     0.350       334.29862           5.5644904         20560
      0.299     0.350       300.02846           5.0433816         20343
      0.335     0.350       267.57276           4.5860109         19876
      0.376     0.350       240.91418           4.2750066         19433
      0.422     0.350       204.81037           3.6710666         18743
      0.473     0.350       182.95766           3.3805723         18059
      0.531     0.350       165.62596           3.1297211         17310
      0.596     0.350       141.39939           2.7811718         16393
      0.668     0.350       124.64042           2.5640011         15679
      0.750     0.350       107.42173           2.2976156         14687
      0.841     0.350       92.204999           2.0457223         13626
      0.944     0.350       80.435551           1.8417434         12992
      1.059     0.350       64.156912           1.5230469         11926
      1.189     0.350       53.789518           1.3459825         11044
      1.334     0.350       47.239428           1.2110001         10357
      1.496     0.350       40.893325           1.1302047          9314
      1.679     0.350       30.757446          0.90455625          8420
      1.884     0.350       27.358027          0.87617296          7533
      2.113     0.350       22.213123          0.69926050          6869
      2.371     0.350       17.506747          0.62510202          6086
      2.661     0.350       14.248505          0.52083613          5373
      2.985     0.350       11.107048          0.39755938          4953
      3.350     0.350       9.2302159          0.38106162          4307
      3.758     0.350       7.5978229          0.31449250          3850
      4.217     0.350       6.0668604          0.27830261          3290
      4.732     0.350       4.7878938          0.23920941          2925
      5.309     0.350       4.1164921          0.21161127          2626
      5.957     0.350       3.1172491          0.17205788          2262
      6.683     0.350       2.1413244          0.12609016          1915
      7.499     0.350       1.8368226          0.11400577          1664
      8.414     0.350       1.4058655          0.89526991E-01      1346
      9.441     0.350       1.1612972          0.86109682E-01      1189
      0.106     0.450       532.10063           7.4894823         22160
      0.119     0.450       534.53341           7.5261504         22805
      0.133     0.450       484.57296           6.8484527         22951
      0.150     0.450       469.38729           6.7403694         23415
      0.168     0.450       447.78367           6.4567925         23452
      0.188     0.450       407.16986           6.0367765         23256
      0.211     0.450       383.58969           5.6618570         23237
      0.237     0.450       338.27164           5.1446724         22762
      0.266     0.450       301.91893           4.6947255         22458
      0.299     0.450       279.84729           4.4881871         22145
      0.335     0.450       250.83152           4.1471966         21435
      0.376     0.450       232.53694           3.7812442         21092
      0.422     0.450       197.47200           3.4039684         19724
      0.473     0.450       175.81087           3.1198910         18858
      0.531     0.450       153.15786           2.8016487         18169
      0.596     0.450       138.89916           2.6233047         17082
      0.668     0.450       117.93776           2.3189692         16059
      0.750     0.450       97.122671           1.9798370         14967
      0.841     0.450       86.654169           1.8896802         14056
      0.944     0.450       74.235204           1.6349382         13124
      1.059     0.450       62.084127           1.4522404         12009
      1.189     0.450       50.287889           1.2417556         10872
      1.334     0.450       42.446067           1.1264253          9943
      1.496     0.450       36.589153           1.0460264          8878
      1.679     0.450       29.183428          0.82435450          8157
      1.884     0.450       23.415411          0.76104369          7068
      2.113     0.450       18.872945          0.64453543          6470
      2.371     0.450       15.617363          0.56918368          5686
      2.661     0.450       12.997923          0.48264174          5056
      2.985     0.450       9.9719372          0.39898896          4378
      3.350     0.450       8.2881037          0.37056365          3889
      3.758     0.450       6.6462408          0.29388331          3481
      4.217     0.450       5.1324277          0.22580368          3131
      4.732     0.450       4.0251492          0.21462098          2566
      5.309     0.450       3.4581305          0.19945304          2246
      5.957     0.450       2.6359474          0.16554293          1920
      6.683     0.450       2.0841919          0.13120270          1665
      7.499     0.450       1.4907478          0.93562921E-01      1405
      8.414     0.450       1.0960489          0.86757576E-01      1127
      9.441     0.450      0.79848717          0.55607597E-01      1032
      0.106     0.550       499.75120           6.7225941         23928
      0.119     0.550       493.74689           6.5774123         24735
      0.133     0.550       469.58228           6.3086052         24899
      0.150     0.550       453.05222           6.1557045         25068
      0.168     0.550       416.83502           5.7156891         25200
      0.188     0.550       390.51277           5.4677890         24937
      0.211     0.550       366.92216           5.1803687         24641
      0.237     0.550       334.85986           4.8290761         24483
      0.266     0.550       297.97788           4.4503726         23606
      0.299     0.550       274.55004           4.2138616         23244
      0.335     0.550       247.57435           3.8873344         22035
      0.376     0.550       217.89598           3.5342361         21388
      0.422     0.550       194.89591           3.2835312         20450
      0.473     0.550       169.30448           2.9287556         19537
      0.531     0.550       150.76060           2.7130607         18342
      0.596     0.550       126.48314           2.4051353         17173
      0.668     0.550       110.65563           2.1604192         15916
      0.750     0.550       97.245539           2.0287751         14787
      0.841     0.550       80.656168           1.7440487         13634
      0.944     0.550       68.203932           1.5758688         12640
      1.059     0.550       57.163307           1.3592747         11668
      1.189     0.550       47.470092           1.2072456         10468
      1.334     0.550       37.791294           1.0231002          9402
      1.496     0.550       33.306249          0.96427600          8638
      1.679     0.550       26.675798          0.81301125          7704
      1.884     0.550       21.900738          0.72885048          6784
      2.113     0.550       17.778837          0.62844889          5994
      2.371     0.550       14.927046          0.56969400          5316
      2.661     0.550       12.225163          0.50749131          4786
      2.985     0.550       9.1209262          0.37059350          4266
      3.350     0.550       6.9290967          0.31196143          3507
      3.758     0.550       5.8646880          0.27620726          3092
      4.217     0.550       4.6750177          0.23597913          2660
      4.732     0.550       4.0369115          0.22645770          2411
      5.309     0.550       2.7025610          0.15237531          2013
      5.957     0.550       2.0420196          0.12018742          1685
      6.683     0.550       1.7100902          0.12584844          1467
      7.499     0.550       1.1601247          0.81297212E-01      1235
      8.414     0.550      0.97481150          0.76977695E-01      1045
      9.441     0.550      0.70180966          0.54641440E-01       859
      0.106     0.650       504.42398           6.4682192         25554
      0.119     0.650       486.74818           6.2591748         25899
      0.133     0.650       445.25078           5.8415933         25997
      0.150     0.650       438.78797           5.7730993         26342
      0.168     0.650       402.16300           5.3359939         26506
      0.188     0.650       377.98270           5.0847170         26050
      0.211     0.650       346.20562           4.7693068         25758
      0.237     0.650       311.15672           4.4394724         24866
      0.266     0.650       283.27009           4.1048463         24244
      0.299     0.650       261.69352           3.9508266         23284
      0.335     0.650       238.73472           3.6536416         22662
      0.376     0.650       212.43703           3.3739314         21358
      0.422     0.650       191.09692           3.1621542         20343
      0.473     0.650       162.39388           2.8087576         18987
      0.531     0.650       142.81340           2.5561131         17939
      0.596     0.650       124.85840           2.3400332         16404
      0.668     0.650       104.95522           2.0628355         15660
      0.750     0.650       91.135162           1.9186005         14121
      0.841     0.650       77.913405           1.6663295         13182
      0.944     0.650       64.085037           1.5002464         11917
      1.059     0.650       56.359087           1.3446970         11055
      1.189     0.650       45.419672           1.1785508          9950
      1.334     0.650       36.797615           1.0036171          8762
      1.496     0.650       29.605616          0.86485029          7701
      1.679     0.650       24.588426          0.78708974          7084
      1.884     0.650       18.701148          0.62765301          6113
      2.113     0.650       15.162194          0.53015419          5494
      2.371     0.650       12.470146          0.46920722          4760
      2.661     0.650       9.6867643          0.37967258          4296
      2.985     0.650       8.1907065          0.37224669          3729
      3.350     0.650       6.4696592          0.32863078          3143
      3.758     0.650       5.5382293          0.27548254          2774
      4.217     0.650       3.7159510          0.20240483          2293
      4.732     0.650       3.0402650          0.19251936          1949
      5.309     0.650       2.2437280          0.14166805          1752
      5.957     0.650       1.6817630          0.11650639          1433
      6.683     0.650       1.3924563          0.96892053E-01      1238
      7.499     0.650       1.2058930          0.10437791          1043
      8.414     0.650      0.71893301          0.59072809E-01       903
      9.441     0.650      0.59905743          0.53892253E-01       720
      0.106     0.750       464.87794           5.8540340         26311
      0.119     0.750       466.28919           5.8891520         26745
      0.133     0.750       440.75346           5.6145701         26898
      0.150     0.750       426.57742           5.4805927         26958
      0.168     0.750       388.80162           5.0758844         26717
      0.188     0.750       363.59282           4.8398972         26534
      0.211     0.750       333.63157           4.5373681         25887
      0.237     0.750       309.32637           4.2730628         25216
      0.266     0.750       285.98812           4.1179188         24310
      0.299     0.750       248.69408           3.6415543         23241
      0.335     0.750       233.60080           3.5715199         22514
      0.376     0.750       202.36240           3.2409572         20929
      0.422     0.750       178.37176           2.9519126         19764
      0.473     0.750       155.13109           2.6680351         18685
      0.531     0.750       132.18068           2.3952255         17253
      0.596     0.750       115.87452           2.2338937         15932
      0.668     0.750       98.486920           1.9809420         14648
      0.750     0.750       86.529808           1.8509595         13432
      0.841     0.750       71.244745           1.5963369         12499
      0.944     0.750       61.721931           1.4451681         11367
      1.059     0.750       49.125105           1.2589155         10094
      1.189     0.750       42.215977           1.1205504          9188
      1.334     0.750       34.511539          0.98702501          8203
      1.496     0.750       28.213191          0.88018880          7345
      1.679     0.750       22.175633          0.74116719          6364
      1.884     0.750       17.126920          0.60384222          5661
      2.113     0.750       14.540711          0.53134405          5011
      2.371     0.750       11.335301          0.45549356          4287
      2.661     0.750       8.3028606          0.34731521          3784
      2.985     0.750       6.7356571          0.31815519          3198
      3.350     0.750       5.5793358          0.28564548          2848
      3.758     0.750       4.2368875          0.21736473          2487
      4.217     0.750       3.6352407          0.20513259          2150
      4.732     0.750       2.9515230          0.19238159          1777
      5.309     0.750       2.0755898          0.13835837          1553
      5.957     0.750       1.6135375          0.11351285          1260
      6.683     0.750       1.3863265          0.11784356          1104
      7.499     0.750      0.93260100          0.70493740E-01       928
      8.414     0.750      0.67309691          0.59194271E-01       731
      9.441     0.750      0.58515885          0.52264593E-01       675
      0.106     0.850       469.11073           5.6801773         27565
      0.119     0.850       463.04365           5.6537331         27462
      0.133     0.850       434.34650           5.3988458         27609
      0.150     0.850       408.65808           5.1832242         27439
      0.168     0.850       382.80068           4.9165094         27107
      0.188     0.850       348.13774           4.5939122         26494
      0.211     0.850       324.41566           4.3798891         25701
      0.237     0.850       298.98747           4.0854756         25124
      0.266     0.850       272.35496           3.8673466         24021
      0.299     0.850       256.86799           3.7558265         23296
      0.335     0.850       220.24615           3.3577497         21978
      0.376     0.850       194.16106           3.0831339         20699
      0.422     0.850       174.35536           2.8792310         19362
      0.473     0.850       149.51292           2.5866863         18081
      0.531     0.850       128.88684           2.4023808         16812
      0.596     0.850       110.88785           2.1470967         15429
      0.668     0.850       92.694601           1.9392741         14149
      0.750     0.850       79.112236           1.7293548         12978
      0.841     0.850       65.938490           1.5300806         11486
      0.944     0.850       55.655358           1.3758884         10613
      1.059     0.850       47.300486           1.2680876          9680
      1.189     0.850       38.934563           1.0936457          8373
      1.334     0.850       32.224920          0.97674853          7697
      1.496     0.850       24.817239          0.79058375          6781
      1.679     0.850       20.094482          0.69459178          5990
      1.884     0.850       16.009878          0.57754577          5348
      2.113     0.850       13.231994          0.52372889          4523
      2.371     0.850       10.559188          0.44847793          3974
      2.661     0.850       8.6368728          0.41040038          3510
      2.985     0.850       6.8942110          0.34588917          3104
      3.350     0.850       4.6297358          0.25174108          2550
      3.758     0.850       4.2407351          0.24798909          2240
      4.217     0.850       3.1834586          0.20102412          1887
      4.732     0.850       2.8766830          0.18886926          1677
      5.309     0.850       2.0338337          0.14336391          1387
      5.957     0.850       1.3043204          0.91093162E-01      1161
      6.683     0.850       1.0320822          0.85574355E-01      1004
      7.499     0.850       1.0090926          0.99200235E-01       843
      8.414     0.850      0.65061199          0.65123717E-01       680
      9.441     0.850      0.45181641          0.49286932E-01       567
      0.106     0.950       464.50141           5.5551548         27524
      0.119     0.950       438.67618           5.3173333         27454
      0.133     0.950       428.00095           5.2351396         27820
      0.150     0.950       406.13913           5.0391588         27603
      0.168     0.950       376.60488           4.7634242         27037
      0.188     0.950       346.34764           4.5379797         26206
      0.211     0.950       327.03468           4.3309168         25954
      0.237     0.950       293.27694           4.0290934         24796
      0.266     0.950       272.51297           3.8347270         23956
      0.299     0.950       238.40918           3.5083686         22402
      0.335     0.950       213.56080           3.2900998         21450
      0.376     0.950       192.35597           3.0909002         20027
      0.422     0.950       169.07153           2.8185032         18900
      0.473     0.950       153.93064           2.6963809         17726
      0.531     0.950       124.44372           2.3295479         15898
      0.596     0.950       105.54361           2.1300201         14547
      0.668     0.950       88.303955           1.8608943         13465
      0.750     0.950       77.053194           1.7157517         12444
      0.841     0.950       63.380223           1.5021235         11245
      0.944     0.950       52.018044           1.3046076         10043
      1.059     0.950       44.300683           1.1976536          8980
      1.189     0.950       34.433332           1.0019778          7859
      1.334     0.950       29.041690          0.90828697          7132
      1.496     0.950       22.828952          0.77086450          6241
      1.679     0.950       18.880826          0.65281884          5574
      1.884     0.950       14.589251          0.55746794          4841
      2.113     0.950       12.200625          0.52379397          4190
      2.371     0.950       9.8169527          0.42803741          3774
      2.661     0.950       7.2242532          0.34109837          3183
      2.985     0.950       6.0628533          0.32053405          2685
      3.350     0.950       4.7277170          0.28536747          2313
      3.758     0.950       3.3167710          0.19300259          2015
      4.217     0.950       3.0248783          0.19447257          1773
      4.732     0.950       2.1393447          0.15875957          1505
      5.309     0.950       1.7159656          0.12918567          1246
      5.957     0.950       1.2841300          0.11247079          1048
      6.683     0.950      0.91829522          0.75234526E-01       934
      7.499     0.950      0.70416520          0.60545318E-01       766
      8.414     0.950      0.52059313          0.42012329E-01       677
      9.441     0.950      0.53980731          0.55036444E-01       576
