 # tables0/fmax20_0401z.sou_nbe   
      0.106    -0.950       328.14163           4.3015654         25485
      0.119    -0.950       332.19606           4.3220972         25922
      0.133    -0.950       318.11012           4.1558422         26129
      0.150    -0.950       311.02375           4.0732969         25987
      0.168    -0.950       294.31761           3.9278227         25863
      0.188    -0.950       278.07936           3.7809713         25713
      0.211    -0.950       251.23315           3.5047367         24676
      0.237    -0.950       235.68994           3.3852277         23784
      0.266    -0.950       220.66619           3.2197910         22970
      0.299    -0.950       197.47769           2.9895077         21984
      0.335    -0.950       177.89299           2.7824638         20882
      0.376    -0.950       158.92238           2.5902259         19341
      0.422    -0.950       139.93499           2.4169418         18365
      0.473    -0.950       125.11020           2.2432470         16879
      0.531    -0.950       107.78668           2.0210977         15602
      0.596    -0.950       95.600278           1.9016993         14526
      0.668    -0.950       81.022377           1.7129762         13211
      0.750    -0.950       69.043452           1.5372204         11992
      0.841    -0.950       58.405219           1.4136436         10782
      0.944    -0.950       49.846768           1.2643545          9737
      1.059    -0.950       39.744452           1.0785991          8834
      1.189    -0.950       33.683717          0.95846352          7803
      1.334    -0.950       27.824927          0.87072244          7023
      1.496    -0.950       22.841226          0.76296335          6106
      1.679    -0.950       17.266288          0.61565963          5491
      1.884    -0.950       14.135410          0.52016126          4781
      2.113    -0.950       12.627013          0.52306984          4242
      2.371    -0.950       9.4266279          0.40534942          3727
      2.661    -0.950       7.3757372          0.33613761          3228
      2.985    -0.950       5.8184050          0.30400612          2712
      3.350    -0.950       4.9511755          0.28277525          2352
      3.758    -0.950       3.8490661          0.25052323          1984
      4.217    -0.950       2.7143300          0.17160946          1711
      4.732    -0.950       2.1465394          0.13256468          1452
      5.309    -0.950       1.4976220          0.11446518          1241
      5.957    -0.950       1.2732808          0.11082213          1051
      6.683    -0.950      0.92072963          0.73643954E-01       868
      7.499    -0.950      0.70818864          0.72265437E-01       729
      8.414    -0.950      0.57810221          0.60588118E-01       606
      9.441    -0.950      0.38121330          0.36499826E-01       494
      0.106    -0.850       250.32113           3.5578944         23839
      0.119    -0.850       242.97300           3.4244357         24112
      0.133    -0.850       241.33355           3.4041873         24558
      0.150    -0.850       229.96985           3.2880557         24604
      0.168    -0.850       223.91655           3.2091919         24413
      0.188    -0.850       213.56049           3.1009349         24174
      0.211    -0.850       205.22430           2.9665671         24090
      0.237    -0.850       193.89762           2.9281310         23166
      0.266    -0.850       177.04169           2.7120552         22623
      0.299    -0.850       163.80459           2.5488350         21663
      0.335    -0.850       152.61704           2.4094895         20814
      0.376    -0.850       133.74677           2.1925227         19832
      0.422    -0.850       125.42564           2.1541118         18802
      0.473    -0.850       104.48000           1.8615013         17382
      0.531    -0.850       97.573588           1.8096884         16186
      0.596    -0.850       85.561196           1.6699981         14850
      0.668    -0.850       74.149044           1.5220208         13772
      0.750    -0.850       67.833244           1.4123743         12661
      0.841    -0.850       55.285196           1.2868432         11377
      0.944    -0.850       47.705354           1.1421329         10404
      1.059    -0.850       41.339630           1.0315601          9490
      1.189    -0.850       32.176563          0.87541590          8529
      1.334    -0.850       27.853268          0.78848983          7597
      1.496    -0.850       23.066173          0.71881505          6658
      1.679    -0.850       19.707962          0.62739369          6021
      1.884    -0.850       15.548063          0.55929309          5204
      2.113    -0.850       11.895484          0.46517974          4540
      2.371    -0.850       10.008702          0.42656079          4039
      2.661    -0.850       7.6842914          0.34980436          3420
      2.985    -0.850       6.7319660          0.31104825          3086
      3.350    -0.850       5.0346143          0.26088956          2590
      3.758    -0.850       3.9436491          0.22225566          2241
      4.217    -0.850       3.1388903          0.20207495          1926
      4.732    -0.850       2.4717416          0.16011320          1682
      5.309    -0.850       1.8055551          0.13597598          1365
      5.957    -0.850       1.4795735          0.11273100          1197
      6.683    -0.850       1.0410281          0.83769881E-01      1024
      7.499    -0.850      0.85063083          0.68580481E-01       884
      8.414    -0.850      0.67698860          0.78214848E-01       685
      9.441    -0.850      0.42721266          0.39606524E-01       586
      0.106    -0.750       183.97248           2.5994134         22299
      0.119    -0.750       189.07998           2.6485712         22796
      0.133    -0.750       187.72068           2.5907904         23415
      0.150    -0.750       186.81657           2.5837528         23536
      0.168    -0.750       187.07135           2.6001930         23732
      0.188    -0.750       180.00590           2.5310041         23601
      0.211    -0.750       175.68673           2.4868768         23153
      0.237    -0.750       165.30059           2.3865132         22904
      0.266    -0.750       160.00070           2.3514198         22291
      0.299    -0.750       146.69242           2.1861097         21750
      0.335    -0.750       135.04471           2.0607162         20872
      0.376    -0.750       126.48289           1.9984114         19913
      0.422    -0.750       117.91601           1.9267490         19033
      0.473    -0.750       103.21387           1.7643212         17824
      0.531    -0.750       94.131728           1.6696655         16601
      0.596    -0.750       85.955797           1.5660607         15664
      0.668    -0.750       73.171643           1.4285407         14159
      0.750    -0.750       66.436215           1.3529225         13341
      0.841    -0.750       57.381295           1.2265084         12071
      0.944    -0.750       48.460649           1.1043577         10982
      1.059    -0.750       41.071690          0.97951918          9948
      1.189    -0.750       34.832763          0.90537134          9145
      1.334    -0.750       30.616368          0.81752544          8229
      1.496    -0.750       24.546093          0.73405823          7174
      1.679    -0.750       20.842175          0.65358726          6326
      1.884    -0.750       15.952875          0.53170252          5757
      2.113    -0.750       13.109728          0.47742556          4925
      2.371    -0.750       10.501210          0.41399744          4422
      2.661    -0.750       8.9440783          0.37265886          3789
      2.985    -0.750       6.5369500          0.31236908          3184
      3.350    -0.750       5.5201889          0.26275830          2880
      3.758    -0.750       4.3665095          0.22790081          2536
      4.217    -0.750       4.0470448          0.24375614          2143
      4.732    -0.750       2.6891030          0.16392050          1902
      5.309    -0.750       2.2898252          0.15704867          1650
      5.957    -0.750       1.5130977          0.10626428          1329
      6.683    -0.750       1.3161181          0.10158444          1110
      7.499    -0.750      0.90248118          0.74916323E-01       900
      8.414    -0.750      0.66276459          0.71117993E-01       766
      9.441    -0.750      0.53952943          0.56418066E-01       658
      0.106    -0.650       192.74076           2.8596753         21208
      0.119    -0.650       192.76648           2.8452856         22000
      0.133    -0.650       190.70048           2.7480188         22564
      0.150    -0.650       184.63093           2.7095364         22712
      0.168    -0.650       188.20134           2.7505669         22758
      0.188    -0.650       184.90938           2.6811214         22965
      0.211    -0.650       173.78995           2.5321831         22879
      0.237    -0.650       165.90301           2.4558660         22529
      0.266    -0.650       162.96457           2.4134177         22325
      0.299    -0.650       148.00796           2.2674918         21273
      0.335    -0.650       140.49037           2.1848583         20810
      0.376    -0.650       130.17467           2.0520424         20200
      0.422    -0.650       120.87786           1.9599674         19296
      0.473    -0.650       110.10610           1.8440010         18257
      0.531    -0.650       97.346352           1.7042222         17085
      0.596    -0.650       88.243874           1.6157779         16220
      0.668    -0.650       79.845295           1.4999238         15128
      0.750    -0.650       69.459328           1.3678531         14159
      0.841    -0.650       59.307835           1.2416067         12704
      0.944    -0.650       51.981240           1.1378146         11731
      1.059    -0.650       44.162084           1.0221886         10547
      1.189    -0.650       38.242231          0.95920499          9631
      1.334    -0.650       30.637029          0.81590177          8470
      1.496    -0.650       26.198702          0.72442628          7807
      1.679    -0.650       21.454372          0.65138959          6978
      1.884    -0.650       18.633009          0.60678950          6137
      2.113    -0.650       14.975014          0.50074594          5520
      2.371    -0.650       12.805276          0.48247270          4896
      2.661    -0.650       9.3072177          0.36717496          4304
      2.985    -0.650       8.5066575          0.36493619          3730
      3.350    -0.650       6.3827821          0.28458324          3220
      3.758    -0.650       4.5516983          0.21733784          2662
      4.217    -0.650       3.7920301          0.22718081          2333
      4.732    -0.650       2.7361841          0.16737088          2019
      5.309    -0.650       2.4274672          0.15387224          1728
      5.957    -0.650       1.7332372          0.11387983          1528
      6.683    -0.650       1.5208308          0.11755690          1286
      7.499    -0.650      0.99282656          0.75290366E-01      1040
      8.414    -0.650      0.75790429          0.64102232E-01       846
      9.441    -0.650      0.63836741          0.54597130E-01       769
      0.106    -0.550       236.78474           3.7848276         20301
      0.119    -0.550       235.04987           3.7816484         20689
      0.133    -0.550       230.40725           3.6723149         21292
      0.150    -0.550       225.54027           3.5549814         21876
      0.168    -0.550       213.00397           3.3535070         22024
      0.188    -0.550       217.65322           3.3724377         22511
      0.211    -0.550       203.57009           3.1910429         22436
      0.237    -0.550       193.71703           3.1489955         21868
      0.266    -0.550       179.07032           2.8643186         21744
      0.299    -0.550       167.35056           2.6931134         21427
      0.335    -0.550       156.07810           2.5505642         20971
      0.376    -0.550       141.05713           2.3528055         20083
      0.422    -0.550       129.17125           2.1968400         19462
      0.473    -0.550       115.79583           2.0565684         18287
      0.531    -0.550       107.00491           1.9417439         17333
      0.596    -0.550       97.641880           1.7841819         16575
      0.668    -0.550       85.979952           1.6566083         15444
      0.750    -0.550       75.647393           1.5125465         14399
      0.841    -0.550       65.639566           1.3788859         13218
      0.944    -0.550       54.208344           1.1889773         12325
      1.059    -0.550       46.046187           1.0969623         10949
      1.189    -0.550       40.664186          0.98045417         10328
      1.334    -0.550       34.468643          0.88880245          9284
      1.496    -0.550       28.751077          0.77223134          8299
      1.679    -0.550       24.407122          0.69833879          7561
      1.884    -0.550       20.389930          0.62000794          6870
      2.113    -0.550       16.783575          0.57706693          5708
      2.371    -0.550       13.583952          0.47137927          5238
      2.661    -0.550       10.182511          0.37611505          4557
      2.985    -0.550       7.9751788          0.34408123          3950
      3.350    -0.550       7.2099911          0.31987016          3467
      3.758    -0.550       5.4285794          0.24696867          3020
      4.217    -0.550       4.1126097          0.19966135          2631
      4.732    -0.550       3.4752638          0.19312516          2213
      5.309    -0.550       3.0038116          0.19140872          2034
      5.957    -0.550       2.0129453          0.13064361          1678
      6.683    -0.550       1.6839766          0.11738260          1414
      7.499    -0.550       1.2212011          0.89907749E-01      1216
      8.414    -0.550       1.0143985          0.78708576E-01      1034
      9.441    -0.550      0.78201108          0.68989862E-01       877
      0.106    -0.450       287.93920           4.8235814         19071
      0.119    -0.450       281.90511           4.6884023         19550
      0.133    -0.450       289.78150           4.7060555         20600
      0.150    -0.450       274.54358           4.4442940         20895
      0.168    -0.450       262.33731           4.2320608         21053
      0.188    -0.450       252.21015           4.0540072         21177
      0.211    -0.450       233.03456           3.7771678         21123
      0.237    -0.450       223.28808           3.6589798         21358
      0.266    -0.450       200.46221           3.3242341         20902
      0.299    -0.450       187.44025           3.1555073         20502
      0.335    -0.450       177.11159           2.9927249         20395
      0.376    -0.450       159.40934           2.7345349         19856
      0.422    -0.450       139.86889           2.3919755         18951
      0.473    -0.450       128.05234           2.2918553         18247
      0.531    -0.450       117.80653           2.1439017         17637
      0.596    -0.450       104.20950           2.0115729         16451
      0.668    -0.450       91.802613           1.8296009         15769
      0.750    -0.450       81.085960           1.6245074         14591
      0.841    -0.450       70.633904           1.4815882         13706
      0.944    -0.450       61.064142           1.3409077         12720
      1.059    -0.450       51.718041           1.1716147         11704
      1.189    -0.450       46.681189           1.1152517         11002
      1.334    -0.450       37.707094          0.98861387          9721
      1.496    -0.450       34.435935          0.91776758          8938
      1.679    -0.450       25.702083          0.72547407          8111
      1.884    -0.450       22.502004          0.69158205          7213
      2.113    -0.450       18.062983          0.57071390          6500
      2.371    -0.450       16.219461          0.52829976          5852
      2.661    -0.450       12.357821          0.43807802          5171
      2.985    -0.450       9.5472431          0.36802571          4436
      3.350    -0.450       7.6554123          0.31241909          4028
      3.758    -0.450       6.3764373          0.30082120          3439
      4.217    -0.450       5.2043431          0.26041045          2990
      4.732    -0.450       4.3159132          0.22024379          2619
      5.309    -0.450       2.9659833          0.16043802          2200
      5.957    -0.450       2.4669831          0.14395060          1946
      6.683    -0.450       2.0485706          0.12287758          1721
      7.499    -0.450       1.4393677          0.10162253          1398
      8.414    -0.450       1.1431917          0.84778726E-01      1172
      9.441    -0.450      0.81362248          0.58427786E-01       998
      0.106    -0.350       378.27463           6.3041164         17852
      0.119    -0.350       354.75210           5.9743672         18292
      0.133    -0.350       354.60871           5.9349495         18817
      0.150    -0.350       335.60376           5.5379254         19271
      0.168    -0.350       328.69407           5.5021124         19562
      0.188    -0.350       295.87418           5.0806557         19858
      0.211    -0.350       273.49585           4.6365424         19609
      0.237    -0.350       261.44630           4.4986037         19770
      0.266    -0.350       254.03078           4.3160889         19697
      0.299    -0.350       225.16565           3.9822732         19454
      0.335    -0.350       210.95922           3.7408591         19297
      0.376    -0.350       185.81356           3.2979089         18710
      0.422    -0.350       169.76725           3.0847423         18518
      0.473    -0.350       155.18388           2.9079260         17564
      0.531    -0.350       134.57451           2.5160845         16827
      0.596    -0.350       122.87639           2.3612594         16145
      0.668    -0.350       106.19380           2.1307349         15318
      0.750    -0.350       93.547272           1.9291205         14764
      0.841    -0.350       83.572920           1.8171279         13753
      0.944    -0.350       72.074521           1.5582765         12875
      1.059    -0.350       63.357716           1.4712369         11991
      1.189    -0.350       50.970193           1.2547358         11029
      1.334    -0.350       45.652060           1.1764331         10280
      1.496    -0.350       34.825717          0.93331884          9352
      1.679    -0.350       28.920772          0.83737042          8333
      1.884    -0.350       25.512203          0.80460976          7581
      2.113    -0.350       21.539374          0.70657450          6943
      2.371    -0.350       17.400644          0.58804430          6301
      2.661    -0.350       14.201030          0.50789006          5528
      2.985    -0.350       11.770719          0.44079518          5003
      3.350    -0.350       8.7382110          0.36738731          4372
      3.758    -0.350       7.1345349          0.28235231          3956
      4.217    -0.350       6.3745562          0.28675038          3518
      4.732    -0.350       5.1040754          0.24955075          2992
      5.309    -0.350       3.6720654          0.19166213          2495
      5.957    -0.350       2.8567725          0.15040943          2212
      6.683    -0.350       2.4646354          0.15712890          1909
      7.499    -0.350       1.6532177          0.10599009          1644
      8.414    -0.350       1.3477129          0.10656861          1371
      9.441    -0.350       1.1415784          0.80507932E-01      1230
      0.106    -0.250       512.54314           8.7924034         16180
      0.119    -0.250       510.40263           8.5893282         16689
      0.133    -0.250       493.34976           8.4633364         17014
      0.150    -0.250       460.31054           7.9117402         17080
      0.168    -0.250       417.03981           7.3185063         17494
      0.188    -0.250       408.90775           7.2037515         17700
      0.211    -0.250       364.02798           6.4352008         17489
      0.237    -0.250       346.14878           6.2533293         17526
      0.266    -0.250       317.02140           5.6526143         17753
      0.299    -0.250       281.54562           5.2673431         17296
      0.335    -0.250       259.56173           4.9556877         17112
      0.376    -0.250       238.23743           4.6723102         16652
      0.422    -0.250       217.04850           4.2183084         16617
      0.473    -0.250       176.57887           3.5764326         15841
      0.531    -0.250       159.89195           3.3486236         15352
      0.596    -0.250       142.33361           2.9803228         14868
      0.668    -0.250       125.87554           2.7999137         14215
      0.750    -0.250       110.33984           2.5073773         13555
      0.841    -0.250       94.863699           2.1577245         12623
      0.944    -0.250       81.406417           1.9131629         12136
      1.059    -0.250       71.057365           1.7897115         11217
      1.189    -0.250       58.864904           1.5234251         10500
      1.334    -0.250       48.903946           1.3020888          9777
      1.496    -0.250       42.130772           1.1794028          9083
      1.679    -0.250       36.570280           1.0943924          8544
      1.884    -0.250       28.609391          0.85713376          7791
      2.113    -0.250       24.535925          0.77340680          7132
      2.371    -0.250       18.507924          0.61650117          6312
      2.661    -0.250       16.246551          0.59452795          5780
      2.985    -0.250       13.253139          0.49559027          5266
      3.350    -0.250       10.596257          0.40217269          4663
      3.758    -0.250       8.6075352          0.35925786          4173
      4.217    -0.250       6.5831472          0.28564114          3604
      4.732    -0.250       5.7302790          0.24843509          3322
      5.309    -0.250       4.3607650          0.21060443          2917
      5.957    -0.250       3.6772322          0.19017243          2485
      6.683    -0.250       3.0763240          0.16644122          2258
      7.499    -0.250       2.3799526          0.13715173          1892
      8.414    -0.250       1.6815997          0.10840709          1654
      9.441    -0.250       1.3913211          0.90865816E-01      1381
      0.106    -0.150       822.84085           15.315397         13207
      0.119    -0.150       764.87061           14.498742         13394
      0.133    -0.150       681.21827           13.198554         13523
      0.150    -0.150       667.58792           12.855013         13870
      0.168    -0.150       641.56157           12.600428         13849
      0.188    -0.150       577.04240           11.515420         13769
      0.211    -0.150       518.11555           10.535033         13854
      0.237    -0.150       461.58224           9.5563615         13660
      0.266    -0.150       425.04154           9.0875670         13522
      0.299    -0.150       376.13072           8.1385410         13233
      0.335    -0.150       336.43492           7.3665591         13282
      0.376    -0.150       314.44518           7.2211898         13015
      0.422    -0.150       260.85482           6.0249771         12569
      0.473    -0.150       226.89732           5.4609516         12256
      0.531    -0.150       200.98072           4.8028135         11788
      0.596    -0.150       169.42710           4.2969767         11423
      0.668    -0.150       150.70330           3.8494949         10966
      0.750    -0.150       124.44402           3.1879797         10429
      0.841    -0.150       113.93795           3.3058614         10052
      0.944    -0.150       98.569022           2.7582159          9701
      1.059    -0.150       75.216134           2.1428911          8974
      1.189    -0.150       65.002169           1.9098975          8455
      1.334    -0.150       57.584325           1.7395324          8245
      1.496    -0.150       48.972461           1.5466986          7812
      1.679    -0.150       39.622205           1.2622333          7211
      1.884    -0.150       33.907301           1.1688366          6598
      2.113    -0.150       26.175683          0.88129047          5949
      2.371    -0.150       23.584367          0.89715570          5699
      2.661    -0.150       17.564290          0.66586075          5034
      2.985    -0.150       14.595796          0.58454812          4710
      3.350    -0.150       13.560991          0.60674319          4337
      3.758    -0.150       10.122847          0.39374657          3931
      4.217    -0.150       8.4892482          0.39254944          3459
      4.732    -0.150       6.9374026          0.33019147          3166
      5.309    -0.150       5.4154903          0.27586816          2784
      5.957    -0.150       4.6030702          0.22490551          2485
      6.683    -0.150       3.1860349          0.17553903          2106
      7.499    -0.150       2.8522420          0.17467631          1889
      8.414    -0.150       2.5095379          0.15791077          1685
      9.441    -0.150       1.8034697          0.11070420          1468
      0.106    -0.050       1306.2073           42.351754          6697
      0.119    -0.050       1225.5214           41.392716          6608
      0.133    -0.050       1181.9492           43.817890          6808
      0.150    -0.050       1052.6505           35.811176          6730
      0.168    -0.050       906.05261           31.437193          6578
      0.188    -0.050       875.63874           33.094532          6415
      0.211    -0.050       729.35794           28.159197          6291
      0.237    -0.050       703.34366           27.648679          6299
      0.266    -0.050       596.00859           23.180396          6111
      0.299    -0.050       562.45826           22.952330          6134
      0.335    -0.050       509.23820           22.219301          5806
      0.376    -0.050       417.35008           16.755343          5800
      0.422    -0.050       346.15683           15.743653          5427
      0.473    -0.050       287.93064           12.657286          5392
      0.531    -0.050       251.49675           12.403896          4990
      0.596    -0.050       204.04904           8.6122873          4854
      0.668    -0.050       184.42726           8.6708536          4642
      0.750    -0.050       162.10231           7.6390618          4579
      0.841    -0.050       123.94517           5.9329956          4239
      0.944    -0.050       107.45972           5.8038480          4057
      1.059    -0.050       89.383869           5.1508555          3835
      1.189    -0.050       74.173198           4.1521584          3648
      1.334    -0.050       58.096309           2.9680731          3235
      1.496    -0.050       50.999317           3.0298772          3257
      1.679    -0.050       46.325937           2.7260986          3125
      1.884    -0.050       34.074570           1.7630095          2850
      2.113    -0.050       31.489141           2.0112112          2618
      2.371    -0.050       24.357211           1.7640610          2370
      2.661    -0.050       21.141926           1.5051869          2329
      2.985    -0.050       16.691208           1.0559285          2108
      3.350    -0.050       11.998486          0.80511820          1914
      3.758    -0.050       11.680285          0.71357131          1849
      4.217    -0.050       9.4279308          0.68142029          1694
      4.732    -0.050       7.2193882          0.59664040          1500
      5.309    -0.050       5.9735172          0.48539195          1351
      5.957    -0.050       5.3176410          0.47550480          1188
      6.683    -0.050       4.4954838          0.37751946          1095
      7.499    -0.050       3.4758925          0.30001393           982
      8.414    -0.050       2.8355943          0.29191502           883
      9.441    -0.050       2.4637056          0.30780329           777
      0.106     0.050       1334.7440           44.840497          6560
      0.119     0.050       1226.5149           42.421062          6485
      0.133     0.050       1172.0489           43.678686          6538
      0.150     0.050       1019.1496           33.412891          6615
      0.168     0.050       901.87976           31.468233          6488
      0.188     0.050       846.55762           33.603179          6338
      0.211     0.050       726.31945           26.771917          6239
      0.237     0.050       696.19340           27.888426          6209
      0.266     0.050       585.55885           23.528382          5937
      0.299     0.050       552.72762           22.898302          5960
      0.335     0.050       444.31449           20.235103          5818
      0.376     0.050       385.52504           16.653916          5633
      0.422     0.050       342.95044           15.630583          5473
      0.473     0.050       273.29805           13.912825          5170
      0.531     0.050       242.21228           11.773006          4926
      0.596     0.050       206.11375           8.8096633          4827
      0.668     0.050       171.91582           8.3282330          4565
      0.750     0.050       155.03620           7.4129982          4390
      0.841     0.050       133.12040           7.6154141          4295
      0.944     0.050       107.96183           5.5345115          4032
      1.059     0.050       88.965914           5.0712809          3860
      1.189     0.050       72.081821           3.6203585          3578
      1.334     0.050       57.261914           3.1166323          3274
      1.496     0.050       53.333420           3.1223713          3231
      1.679     0.050       39.824425           2.5039412          2954
      1.884     0.050       32.296004           1.7833893          2708
      2.113     0.050       32.152241           2.1393224          2565
      2.371     0.050       23.775802           1.6951689          2412
      2.661     0.050       20.003379           1.5096333          2242
      2.985     0.050       14.017390          0.93528801          2067
      3.350     0.050       12.052163          0.75728131          1871
      3.758     0.050       10.354477          0.60714048          1776
      4.217     0.050       8.7316383          0.59906193          1651
      4.732     0.050       8.7247444          0.78400943          1487
      5.309     0.050       5.7919617          0.47372122          1290
      5.957     0.050       4.8133423          0.34299003          1204
      6.683     0.050       3.7828392          0.27667115          1091
      7.499     0.050       2.9693889          0.26992147           931
      8.414     0.050       2.9190714          0.29889953           850
      9.441     0.050       1.9415647          0.16903216           751
      0.106     0.150       851.36557           15.985093         13421
      0.119     0.150       826.79730           15.412544         13550
      0.133     0.150       802.34811           15.241916         13843
      0.150     0.150       735.82722           14.218185         14011
      0.168     0.150       654.18231           12.737130         13903
      0.188     0.150       598.26252           12.239017         13830
      0.211     0.150       531.69601           11.036558         13812
      0.237     0.150       506.75941           10.348470         13832
      0.266     0.150       430.86466           9.3636990         13407
      0.299     0.150       395.65948           8.5619559         13388
      0.335     0.150       350.06041           7.8911932         13177
      0.376     0.150       294.69740           6.8371223         12693
      0.422     0.150       263.03296           5.9989047         12418
      0.473     0.150       230.23383           5.4312689         12150
      0.531     0.150       203.90504           5.0673919         11691
      0.596     0.150       173.51699           4.4040112         11325
      0.668     0.150       151.73738           3.9496470         10836
      0.750     0.150       128.43315           3.3991271         10373
      0.841     0.150       108.22909           2.8697141         10018
      0.944     0.150       89.209242           2.4249253          9652
      1.059     0.150       78.163430           2.2530764          9024
      1.189     0.150       66.808090           1.9613993          8635
      1.334     0.150       52.545466           1.6393478          7875
      1.496     0.150       45.638544           1.4713073          7415
      1.679     0.150       40.585144           1.3092072          7067
      1.884     0.150       32.090707           1.1163602          6500
      2.113     0.150       27.114467          0.97428761          5878
      2.371     0.150       23.849262          0.89971508          5483
      2.661     0.150       19.088704          0.76317734          5178
      2.985     0.150       16.019965          0.61092585          4801
      3.350     0.150       12.631239          0.57570303          4133
      3.758     0.150       10.651192          0.43068117          3838
      4.217     0.150       8.4663908          0.39022959          3464
      4.732     0.150       6.8689712          0.32201776          3125
      5.309     0.150       5.6881882          0.27828525          2830
      5.957     0.150       4.4635272          0.22948729          2499
      6.683     0.150       3.7912172          0.20199556          2218
      7.499     0.150       2.9039424          0.15436231          1935
      8.414     0.150       2.2401094          0.13920432          1580
      9.441     0.150       1.9416461          0.14324163          1458
      0.106     0.250       672.92701           10.940369         17063
      0.119     0.250       650.80264           10.615714         17438
      0.133     0.250       626.50684           10.302929         17908
      0.150     0.250       581.97500           9.7066619         18018
      0.168     0.250       539.85226           9.0779304         18197
      0.188     0.250       499.03860           8.6941776         18135
      0.211     0.250       447.96440           7.8080826         17919
      0.237     0.250       408.85419           7.2980638         18259
      0.266     0.250       365.12687           6.6461852         18002
      0.299     0.250       332.45773           6.0702765         17868
      0.335     0.250       293.59070           5.6407688         17093
      0.376     0.250       267.37036           5.2691597         16914
      0.422     0.250       234.52502           4.6250261         16442
      0.473     0.250       204.00025           4.0816726         16223
      0.531     0.250       175.41040           3.6182295         15257
      0.596     0.250       150.92600           3.1740576         14830
      0.668     0.250       133.71114           2.9372617         14319
      0.750     0.250       109.62043           2.4513723         13377
      0.841     0.250       99.898132           2.3359645         12803
      0.944     0.250       83.037554           1.9562868         12210
      1.059     0.250       72.499960           1.7931782         11274
      1.189     0.250       59.739260           1.5886680         10505
      1.334     0.250       49.893246           1.3862454          9676
      1.496     0.250       42.791029           1.1673513          9093
      1.679     0.250       37.457293           1.0759970          8483
      1.884     0.250       31.745137          0.99122856          7745
      2.113     0.250       23.603983          0.76027817          7002
      2.371     0.250       20.839976          0.70440324          6270
      2.661     0.250       16.605570          0.59955179          5860
      2.985     0.250       13.577320          0.50347264          5160
      3.350     0.250       9.9045044          0.39844425          4402
      3.758     0.250       8.3331609          0.32913120          3968
      4.217     0.250       6.9277496          0.32108219          3516
      4.732     0.250       5.8566937          0.26139322          3202
      5.309     0.250       4.5093075          0.20080826          2873
      5.957     0.250       3.4085766          0.18467786          2355
      6.683     0.250       2.9909233          0.17011131          2131
      7.499     0.250       2.2470561          0.12833563          1858
      8.414     0.250       1.7595265          0.11393021          1556
      9.441     0.250       1.3713864          0.98019480E-01      1328
      0.106     0.350       587.36039           8.7540829         20038
      0.119     0.350       551.89012           8.3435112         20423
      0.133     0.350       546.73257           8.2005612         20963
      0.150     0.350       504.55526           7.6418855         21109
      0.168     0.350       479.21719           7.3774793         21233
      0.188     0.350       429.07389           6.7644562         21329
      0.211     0.350       410.78339           6.5118465         21315
      0.237     0.350       371.44618           5.9260568         21059
      0.266     0.350       332.78584           5.3985421         21155
      0.299     0.350       299.38283           5.1430885         20433
      0.335     0.350       264.30319           4.5390655         20050
      0.376     0.350       244.90683           4.3127798         19684
      0.422     0.350       210.56945           3.8227386         18731
      0.473     0.350       189.79886           3.5298197         18301
      0.531     0.350       163.24458           3.1434366         17365
      0.596     0.350       145.02184           2.7893906         16611
      0.668     0.350       123.65988           2.4718055         15698
      0.750     0.350       107.25012           2.2391945         14832
      0.841     0.350       94.408087           2.0308948         14042
      0.944     0.350       80.060835           1.8317876         13110
      1.059     0.350       64.823313           1.5192560         11918
      1.189     0.350       57.328759           1.4330977         11338
      1.334     0.350       46.598640           1.2163070         10223
      1.496     0.350       35.151075          0.97940359          9204
      1.679     0.350       32.880870          0.97722600          8605
      1.884     0.350       26.873315          0.78913163          7834
      2.113     0.350       21.671214          0.67965849          7030
      2.371     0.350       17.757703          0.64918718          6190
      2.661     0.350       14.565014          0.54175534          5574
      2.985     0.350       11.055190          0.40051076          5048
      3.350     0.350       9.5172665          0.38914530          4454
      3.758     0.350       7.4119184          0.31112591          3901
      4.217     0.350       6.5181251          0.31953485          3420
      4.732     0.350       4.5228208          0.22179926          2946
      5.309     0.350       3.6558963          0.17340655          2535
      5.957     0.350       3.2547288          0.17496480          2312
      6.683     0.350       2.3893655          0.14470719          1868
      7.499     0.350       1.9684474          0.13559775          1634
      8.414     0.350       1.3590747          0.86981404E-01      1391
      9.441     0.350       1.1256051          0.75542018E-01      1214
      0.106     0.450       546.16444           7.7092969         22139
      0.119     0.450       512.05161           7.3001758         22536
      0.133     0.450       483.97321           6.8754528         23045
      0.150     0.450       462.81989           6.6574693         23340
      0.168     0.450       445.96348           6.3375329         23693
      0.188     0.450       404.59002           5.9570696         23712
      0.211     0.450       366.09569           5.5077570         23471
      0.237     0.450       343.33699           5.1825547         23280
      0.266     0.450       312.97943           4.8509596         22694
      0.299     0.450       288.58308           4.6032289         22298
      0.335     0.450       251.66365           4.1156970         21525
      0.376     0.450       228.22498           3.8035042         20669
      0.422     0.450       205.09978           3.4949478         20015
      0.473     0.450       171.01847           3.0548176         18982
      0.531     0.450       155.23497           2.8872884         18126
      0.596     0.450       138.59421           2.6660955         17058
      0.668     0.450       121.23543           2.3786051         16167
      0.750     0.450       98.975861           2.0545543         15082
      0.841     0.450       85.625120           1.8034905         14232
      0.944     0.450       72.153357           1.6237986         13074
      1.059     0.450       62.874443           1.5412507         11955
      1.189     0.450       53.838113           1.3289931         10865
      1.334     0.450       41.213912           1.1429937          9719
      1.496     0.450       36.659060           1.0135535          9124
      1.679     0.450       28.614949          0.83382885          8052
      1.884     0.450       24.208922          0.76970206          7385
      2.113     0.450       19.008810          0.64986796          6476
      2.371     0.450       14.331942          0.50048095          5733
      2.661     0.450       13.155037          0.50271071          5140
      2.985     0.450       9.4885397          0.40073318          4429
      3.350     0.450       8.0773925          0.34719906          3997
      3.758     0.450       6.5760357          0.30288943          3455
      4.217     0.450       5.3404601          0.24622468          3031
      4.732     0.450       3.6716319          0.19626918          2518
      5.309     0.450       2.9838170          0.15656916          2250
      5.957     0.450       2.4108640          0.13912916          1872
      6.683     0.450       2.1388801          0.13296753          1661
      7.499     0.450       1.5118865          0.10574534          1369
      8.414     0.450       1.2479603          0.88401911E-01      1149
      9.441     0.450      0.90139853          0.67311019E-01      1004
      0.106     0.550       513.67450           6.7843167         24121
      0.119     0.550       496.70067           6.6432371         24663
      0.133     0.550       488.78313           6.5375200         25412
      0.150     0.550       447.14667           6.0869321         25229
      0.168     0.550       415.04385           5.7496665         25162
      0.188     0.550       388.62918           5.4401431         25186
      0.211     0.550       360.01154           5.1177537         24922
      0.237     0.550       335.62895           4.8482343         24539
      0.266     0.550       301.61880           4.4848829         23981
      0.299     0.550       270.85510           4.1587506         23196
      0.335     0.550       239.64461           3.7640541         22243
      0.376     0.550       213.53567           3.4576277         21475
      0.422     0.550       195.18877           3.2604706         20534
      0.473     0.550       174.34732           2.9882236         19827
      0.531     0.550       152.23301           2.7439639         18344
      0.596     0.550       130.77640           2.4437254         17178
      0.668     0.550       111.96224           2.1935278         16098
      0.750     0.550       93.215099           1.9207360         14751
      0.841     0.550       83.544200           1.7951977         13727
      0.944     0.550       68.160514           1.5749123         12433
      1.059     0.550       56.636871           1.3878955         11431
      1.189     0.550       47.601065           1.2294913         10499
      1.334     0.550       38.053170           1.0523944          9271
      1.496     0.550       35.354195           1.0012282          8631
      1.679     0.550       27.257214          0.83980882          7606
      1.884     0.550       21.718644          0.69665343          6778
      2.113     0.550       17.420753          0.60395019          6056
      2.371     0.550       14.229812          0.52879995          5256
      2.661     0.550       11.549382          0.46762198          4711
      2.985     0.550       8.9353735          0.37678204          3999
      3.350     0.550       7.4440121          0.34732346          3510
      3.758     0.550       5.2852294          0.26614938          2988
      4.217     0.550       5.0230584          0.27133520          2678
      4.732     0.550       3.3487453          0.18403362          2286
      5.309     0.550       3.0146718          0.19716389          1954
      5.957     0.550       1.9125441          0.12393923          1627
      6.683     0.550       1.4607738          0.97088023E-01      1337
      7.499     0.550       1.1355918          0.84266112E-01      1187
      8.414     0.550       1.0504633          0.95179210E-01       991
      9.441     0.550      0.70273116          0.68506777E-01       872
      0.106     0.650       480.51749           6.1735658         25397
      0.119     0.650       473.85294           6.1203908         25792
      0.133     0.650       457.18905           5.9669137         26101
      0.150     0.650       419.84878           5.5231975         26057
      0.168     0.650       401.37852           5.3589333         26420
      0.188     0.650       370.52146           5.0189499         26072
      0.211     0.650       349.68154           4.7995154         25803
      0.237     0.650       312.12731           4.4526384         24695
      0.266     0.650       296.52400           4.2397865         24505
      0.299     0.650       267.25455           4.0045626         23500
      0.335     0.650       238.41026           3.6571455         22562
      0.376     0.650       206.27248           3.2834197         21469
      0.422     0.650       190.43279           3.1791658         20432
      0.473     0.650       163.09820           2.7935199         19109
      0.531     0.650       144.83563           2.6199985         18005
      0.596     0.650       121.66340           2.3129562         16445
      0.668     0.650       107.70088           2.1233037         15573
      0.750     0.650       88.060325           1.8363410         14268
      0.841     0.650       77.523073           1.7091224         12987
      0.944     0.650       64.975376           1.5010615         12053
      1.059     0.650       53.644268           1.3410311         10854
      1.189     0.650       44.051328           1.1711204          9662
      1.334     0.650       36.262630           1.0055037          8739
      1.496     0.650       30.566955          0.88984383          7915
      1.679     0.650       25.066325          0.76481890          7093
      1.884     0.650       20.440626          0.69562217          6326
      2.113     0.650       15.853790          0.55796059          5540
      2.371     0.650       12.810077          0.51266129          4764
      2.661     0.650       10.608105          0.46128443          4249
      2.985     0.650       7.8715855          0.34334089          3667
      3.350     0.650       6.2693487          0.29943768          3236
      3.758     0.650       4.8253866          0.24821175          2808
      4.217     0.650       3.9869350          0.20709387          2342
      4.732     0.650       3.0423841          0.18696939          1961
      5.309     0.650       2.3162344          0.14941431          1737
      5.957     0.650       1.7659205          0.11958878          1465
      6.683     0.650       1.3703836          0.11031190          1240
      7.499     0.650       1.1132967          0.87709840E-01      1043
      8.414     0.650      0.81961239          0.71298922E-01       860
      9.441     0.650      0.61366094          0.54014657E-01       730
      0.106     0.750       470.36971           5.9073444         26559
      0.119     0.750       460.83776           5.8183447         26903
      0.133     0.750       443.70820           5.6629699         27046
      0.150     0.750       428.21443           5.4887888         27004
      0.168     0.750       392.19868           5.0858974         27091
      0.188     0.750       366.82943           4.8701810         26343
      0.211     0.750       334.20678           4.5156273         26029
      0.237     0.750       303.17957           4.2327090         25033
      0.266     0.750       281.96949           4.0231054         24324
      0.299     0.750       258.93966           3.8095186         23409
      0.335     0.750       224.89040           3.4902507         22106
      0.376     0.750       203.34605           3.2631256         21144
      0.422     0.750       179.90863           2.9814035         19776
      0.473     0.750       153.97074           2.6913847         18514
      0.531     0.750       131.51947           2.3870570         17450
      0.596     0.750       118.06319           2.2620520         16214
      0.668     0.750       100.22127           2.0395624         14927
      0.750     0.750       84.647491           1.7840137         13516
      0.841     0.750       73.482911           1.6544212         12492
      0.944     0.750       57.569833           1.3761281         11184
      1.059     0.750       49.384659           1.2567515         10207
      1.189     0.750       41.007323           1.0981815          8959
      1.334     0.750       34.052765           1.0013567          8076
      1.496     0.750       27.748643          0.87280705          7214
      1.679     0.750       21.559480          0.73460896          6361
      1.884     0.750       19.032123          0.70078878          5648
      2.113     0.750       14.406954          0.56251292          4979
      2.371     0.750       12.064884          0.50444808          4405
      2.661     0.750       8.2482916          0.34834995          3796
      2.985     0.750       7.4518975          0.34770473          3275
      3.350     0.750       5.2940602          0.27789632          2766
      3.758     0.750       4.3771506          0.24332735          2537
      4.217     0.750       3.6755027          0.21468487          2093
      4.732     0.750       2.5218626          0.15865860          1767
      5.309     0.750       2.1700520          0.14843564          1496
      5.957     0.750       1.7501315          0.13548646          1286
      6.683     0.750       1.2605584          0.95929432E-01      1103
      7.499     0.750      0.91139051          0.68028428E-01       896
      8.414     0.750      0.63467683          0.58783365E-01       788
      9.441     0.750      0.52313711          0.48950184E-01       666
      0.106     0.850       470.70842           5.7130383         27597
      0.119     0.850       461.04826           5.5952947         27703
      0.133     0.850       435.91361           5.4128427         27665
      0.150     0.850       409.43978           5.1813561         27219
      0.168     0.850       384.51947           4.9069975         26905
      0.188     0.850       348.86902           4.6223886         26403
      0.211     0.850       323.96254           4.3936099         25748
      0.237     0.850       297.27477           4.1108212         25146
      0.266     0.850       268.44552           3.8586630         23964
      0.299     0.850       244.20165           3.5917399         23099
      0.335     0.850       224.26959           3.4232705         22041
      0.376     0.850       191.75904           3.0612873         20766
      0.422     0.850       173.42220           2.8609512         19466
      0.473     0.850       153.20718           2.6739810         18165
      0.531     0.850       132.20653           2.4372470         16771
      0.596     0.850       112.09715           2.1975865         15441
      0.668     0.850       97.542045           1.9818173         14349
      0.750     0.850       80.915342           1.7719439         13016
      0.841     0.850       67.530006           1.5499815         11713
      0.944     0.850       55.212277           1.3774872         10748
      1.059     0.850       46.181893           1.1924863          9658
      1.189     0.850       37.863677           1.0571688          8504
      1.334     0.850       30.869396          0.92667323          7591
      1.496     0.850       26.062348          0.81111603          6788
      1.679     0.850       21.008800          0.72328637          6085
      1.884     0.850       16.078122          0.58164054          5273
      2.113     0.850       12.074636          0.47432197          4538
      2.371     0.850       10.743839          0.48316046          4078
      2.661     0.850       8.1211594          0.37461302          3476
      2.985     0.850       6.2650442          0.33572340          2927
      3.350     0.850       4.8512635          0.26162818          2599
      3.758     0.850       3.7846652          0.21917053          2203
      4.217     0.850       2.9927410          0.20415905          1767
      4.732     0.850       2.5934447          0.17612088          1684
      5.309     0.850       1.7693287          0.11435784          1402
      5.957     0.850       1.7322249          0.14076612          1188
      6.683     0.850       1.0643098          0.89021241E-01      1001
      7.499     0.850      0.89454092          0.80073003E-01       856
      8.414     0.850      0.71522650          0.73027114E-01       719
      9.441     0.850      0.57841190          0.65885797E-01       623
      0.106     0.950       453.96247           5.4841353         27630
      0.119     0.950       438.61768           5.3409090         27545
      0.133     0.950       421.80261           5.1859868         27456
      0.150     0.950       407.34466           5.0801326         27487
      0.168     0.950       371.24854           4.7462499         26908
      0.188     0.950       346.98383           4.4860620         26221
      0.211     0.950       324.34279           4.3163531         25604
      0.237     0.950       290.92817           3.9882309         24673
      0.266     0.950       262.28472           3.7274025         23461
      0.299     0.950       237.74643           3.4894052         22723
      0.335     0.950       214.57256           3.2547632         21299
      0.376     0.950       186.84455           2.9928716         19951
      0.422     0.950       166.62620           2.7612050         18850
      0.473     0.950       143.53798           2.5445371         17289
      0.531     0.950       121.92780           2.3200576         15793
      0.596     0.950       101.64884           2.0240508         14618
      0.668     0.950       92.564028           1.9159735         13409
      0.750     0.950       75.789282           1.6873991         12328
      0.841     0.950       63.807651           1.5124287         11119
      0.944     0.950       54.077068           1.3888877          9844
      1.059     0.950       44.154325           1.1688250          8765
      1.189     0.950       35.912977           1.0494925          7854
      1.334     0.950       28.783803          0.89286492          7032
      1.496     0.950       23.969697          0.79038955          6275
      1.679     0.950       19.133078          0.66583686          5492
      1.884     0.950       15.212096          0.57220253          4878
      2.113     0.950       11.549763          0.49265118          4226
      2.371     0.950       9.1158727          0.38622233          3533
      2.661     0.950       7.3654675          0.33110010          3182
      2.985     0.950       5.4153689          0.28634262          2756
      3.350     0.950       4.7297465          0.25623684          2361
      3.758     0.950       3.9028234          0.24533869          2003
      4.217     0.950       2.8978014          0.18609970          1712
      4.732     0.950       1.9369121          0.12777084          1406
      5.309     0.950       1.6787734          0.12506792          1255
      5.957     0.950       1.1078151          0.89878151E-01      1003
      6.683     0.950       1.0966316          0.10996001           929
      7.499     0.950      0.65712763          0.56178281E-01       720
      8.414     0.950      0.76700339          0.80201640E-01       680
      9.441     0.950      0.47557180          0.53570146E-01       522
