 # tables0/fmax20_0401z.sou_nbm   
      0.106    -0.950       818.39467           7.1210020         55249
      0.119    -0.950       796.46868           6.9552706         55975
      0.133    -0.950       761.92405           6.7272527         56096
      0.150    -0.950       713.26971           6.3732928         56512
      0.168    -0.950       676.31605           6.0969257         56733
      0.188    -0.950       650.71349           5.9361016         56372
      0.211    -0.950       607.75991           5.6786209         55541
      0.237    -0.950       574.21454           5.4541959         54819
      0.266    -0.950       519.85824           5.1007918         53078
      0.299    -0.950       474.49785           4.8026133         51513
      0.335    -0.950       426.39991           4.4279989         50297
      0.376    -0.950       391.22380           4.2026029         48052
      0.422    -0.950       341.88829           3.8066351         45545
      0.473    -0.950       301.96844           3.5292197         43324
      0.531    -0.950       270.46375           3.3028678         40848
      0.596    -0.950       235.57297           2.9875084         38241
      0.668    -0.950       212.31101           2.7952435         36572
      0.750    -0.950       178.63478           2.4767639         33714
      0.841    -0.950       151.95730           2.2170006         31393
      0.944    -0.950       128.04751           1.9714817         29120
      1.059    -0.950       111.27869           1.7886094         27215
      1.189    -0.950       92.656689           1.5649520         24931
      1.334    -0.950       77.714219           1.3870748         23198
      1.496    -0.950       67.058596           1.2803429         21066
      1.679    -0.950       56.166180           1.1427918         19483
      1.884    -0.950       48.797611           1.0114675         17827
      2.113    -0.950       36.741496          0.80668489         16128
      2.371    -0.950       29.115486          0.70506429         14441
      2.661    -0.950       25.246535          0.62621110         13183
      2.985    -0.950       20.599699          0.54040385         11723
      3.350    -0.950       17.030409          0.47452319         10720
      3.758    -0.950       13.432338          0.38825505          9578
      4.217    -0.950       11.186426          0.34054279          8486
      4.732    -0.950       9.3297901          0.30585200          7769
      5.309    -0.950       7.0393109          0.23773567          6865
      5.957    -0.950       6.0219375          0.21175121          6142
      6.683    -0.950       4.5869209          0.16992468          5358
      7.499    -0.950       3.5787606          0.13317346          4669
      8.414    -0.950       2.8272594          0.11257937          4034
      9.441    -0.950       2.5817199          0.11454255          3576
      0.106    -0.850       559.21128           5.4466677         48750
      0.119    -0.850       552.12385           5.4190241         49898
      0.133    -0.850       533.63024           5.1892949         51131
      0.150    -0.850       518.27934           5.1088442         51940
      0.168    -0.850       504.31945           4.9761768         52050
      0.188    -0.850       480.89470           4.7287625         52521
      0.211    -0.850       458.92618           4.5441578         52395
      0.237    -0.850       434.12034           4.3834245         51523
      0.266    -0.850       408.26028           4.1857420         50794
      0.299    -0.850       376.60814           3.9417260         49328
      0.335    -0.850       353.11200           3.7548457         48461
      0.376    -0.850       317.49981           3.5400905         46066
      0.422    -0.850       292.77086           3.3124901         44414
      0.473    -0.850       265.17094           3.1126498         42395
      0.531    -0.850       237.42704           2.8513307         40090
      0.596    -0.850       205.85226           2.6300457         37785
      0.668    -0.850       181.83059           2.3829073         35998
      0.750    -0.850       161.21748           2.2056700         33893
      0.841    -0.850       140.32675           2.0194173         31548
      0.944    -0.850       121.06939           1.8271749         29318
      1.059    -0.850       105.77732           1.6778135         27001
      1.189    -0.850       90.903379           1.5027201         24911
      1.334    -0.850       74.569906           1.2834085         23172
      1.496    -0.850       63.362095           1.1826284         21393
      1.679    -0.850       53.914711           1.0293014         19705
      1.884    -0.850       44.631650          0.91574355         17679
      2.113    -0.850       38.078237          0.81056090         16460
      2.371    -0.850       33.522974          0.75418040         14981
      2.661    -0.850       25.763911          0.61172752         13402
      2.985    -0.850       20.774353          0.54542693         12010
      3.350    -0.850       17.167033          0.45396802         11026
      3.758    -0.850       13.911173          0.39819975          9622
      4.217    -0.850       11.495083          0.33898936          8747
      4.732    -0.850       9.2402303          0.28358971          7803
      5.309    -0.850       6.9417286          0.22796626          6757
      5.957    -0.850       6.0191402          0.21721840          6109
      6.683    -0.850       4.5341136          0.16483463          5314
      7.499    -0.850       3.9708635          0.14492032          4822
      8.414    -0.850       3.1527334          0.11708124          4294
      9.441    -0.850       2.6156875          0.10934855          3816
      0.106    -0.750       400.60016           3.9270595         44741
      0.119    -0.750       402.97051           3.9010808         46181
      0.133    -0.750       404.01108           3.8774861         47590
      0.150    -0.750       397.87411           3.8519655         47722
      0.168    -0.750       394.01190           3.7933726         49338
      0.188    -0.750       394.81677           3.8187288         49564
      0.211    -0.750       372.18686           3.6127477         49666
      0.237    -0.750       367.67214           3.6060175         49247
      0.266    -0.750       353.30284           3.5250374         48815
      0.299    -0.750       333.00955           3.3561030         47932
      0.335    -0.750       313.35574           3.2367399         46831
      0.376    -0.750       291.08458           3.0858631         45455
      0.422    -0.750       268.33868           2.9359923         43697
      0.473    -0.750       244.40479           2.7612425         41905
      0.531    -0.750       221.84510           2.5827171         39700
      0.596    -0.750       202.94239           2.4549028         37715
      0.668    -0.750       179.17803           2.2622578         35918
      0.750    -0.750       156.29676           2.0797366         33438
      0.841    -0.750       140.95276           1.9570427         31614
      0.944    -0.750       121.03581           1.7434873         29530
      1.059    -0.750       103.41207           1.5787148         27371
      1.189    -0.750       90.224006           1.4328306         25611
      1.334    -0.750       76.730305           1.3251943         23299
      1.496    -0.750       66.963997           1.2141379         21649
      1.679    -0.750       56.697514           1.0722865         20023
      1.884    -0.750       47.352088          0.94173544         18068
      2.113    -0.750       38.659972          0.81992139         16484
      2.371    -0.750       32.693162          0.73006493         14981
      2.661    -0.750       27.226283          0.64985360         13588
      2.985    -0.750       21.798456          0.55620806         12154
      3.350    -0.750       17.561049          0.46177017         11163
      3.758    -0.750       14.670329          0.39844938          9974
      4.217    -0.750       12.231495          0.35373752          8992
      4.732    -0.750       9.6659144          0.29916891          8022
      5.309    -0.750       7.9640241          0.24850570          7162
      5.957    -0.750       6.3683835          0.21499107          6409
      6.683    -0.750       5.0075414          0.17817149          5577
      7.499    -0.750       3.8307151          0.14184897          4906
      8.414    -0.750       3.0560081          0.11702522          4422
      9.441    -0.750       2.4573047          0.92997995E-01      3779
      0.106    -0.650       418.84038           4.3133127         42766
      0.119    -0.650       419.63717           4.3429508         44158
      0.133    -0.650       406.16844           4.1348642         45249
      0.150    -0.650       408.96445           4.1500089         46123
      0.168    -0.650       399.89733           4.0524421         46861
      0.188    -0.650       390.40001           3.9516430         47509
      0.211    -0.650       378.65521           3.8263922         47720
      0.237    -0.650       368.51468           3.7458028         47901
      0.266    -0.650       352.68701           3.6175921         47390
      0.299    -0.650       328.85604           3.4329269         46600
      0.335    -0.650       306.86705           3.2519096         45667
      0.376    -0.650       283.73915           3.0658292         44049
      0.422    -0.650       269.09761           2.9591758         43038
      0.473    -0.650       245.16034           2.7859783         41424
      0.531    -0.650       216.95254           2.5451700         39232
      0.596    -0.650       199.42290           2.4326667         37429
      0.668    -0.650       177.84727           2.2351068         35328
      0.750    -0.650       158.64343           2.0830989         33389
      0.841    -0.650       140.61811           1.9353012         31263
      0.944    -0.650       126.45831           1.8490635         29492
      1.059    -0.650       107.19771           1.6248076         27657
      1.189    -0.650       92.349890           1.4793809         25363
      1.334    -0.650       77.144392           1.2809156         23320
      1.496    -0.650       67.857557           1.1744444         22010
      1.679    -0.650       58.819641           1.0647578         20151
      1.884    -0.650       48.638556          0.93813963         18266
      2.113    -0.650       40.549763          0.85835012         16667
      2.371    -0.650       36.290036          0.79619255         15349
      2.661    -0.650       27.912317          0.63448301         13742
      2.985    -0.650       23.373190          0.57064653         12316
      3.350    -0.650       19.233479          0.49993674         11254
      3.758    -0.650       15.317338          0.41200445         10295
      4.217    -0.650       11.811935          0.33835634          8988
      4.732    -0.650       9.6238720          0.30350204          8031
      5.309    -0.650       8.0839074          0.24837480          7393
      5.957    -0.650       6.3420188          0.20588578          6267
      6.683    -0.650       5.1479084          0.18570282          5743
      7.499    -0.650       4.4238897          0.17057449          5014
      8.414    -0.650       3.4106717          0.13904968          4423
      9.441    -0.650       2.7175019          0.10792796          3894
      0.106    -0.550       521.77990           5.8885197         40425
      0.119    -0.550       522.25248           5.8979826         41938
      0.133    -0.550       502.49620           5.5492497         43360
      0.150    -0.550       491.07705           5.3454747         44340
      0.168    -0.550       485.61354           5.3331456         45105
      0.188    -0.550       456.50846           5.0601090         45442
      0.211    -0.550       432.40399           4.7570592         45486
      0.237    -0.550       426.25711           4.6503473         46029
      0.266    -0.550       393.26789           4.3850928         45314
      0.299    -0.550       374.08412           4.1604781         44795
      0.335    -0.550       343.19622           3.8750997         44240
      0.376    -0.550       314.60567           3.6075768         42915
      0.422    -0.550       289.94687           3.3867072         41931
      0.473    -0.550       267.47852           3.1902699         40249
      0.531    -0.550       237.18726           2.9242259         38545
      0.596    -0.550       219.18868           2.7778558         36900
      0.668    -0.550       189.73221           2.4823618         34784
      0.750    -0.550       170.43302           2.3092078         33283
      0.841    -0.550       148.34772           2.0633424         31182
      0.944    -0.550       129.68820           1.9074373         29301
      1.059    -0.550       113.61268           1.7249930         27319
      1.189    -0.550       97.054777           1.5635709         25285
      1.334    -0.550       84.615809           1.4295868         23352
      1.496    -0.550       71.033285           1.2470786         21894
      1.679    -0.550       59.501065           1.0862256         20215
      1.884    -0.550       51.498718           1.0055409         18482
      2.113    -0.550       43.151454          0.87890809         16809
      2.371    -0.550       35.481066          0.75750915         15296
      2.661    -0.550       30.574205          0.69653290         14094
      2.985    -0.550       24.156076          0.58457025         12712
      3.350    -0.550       20.933962          0.53108357         11581
      3.758    -0.550       16.557058          0.44748825         10146
      4.217    -0.550       13.308722          0.37836071          9181
      4.732    -0.550       10.977979          0.33581173          8461
      5.309    -0.550       8.6727729          0.27254327          7297
      5.957    -0.550       6.5794111          0.21788356          6668
      6.683    -0.550       5.6973520          0.20492975          5748
      7.499    -0.550       4.5328965          0.16322264          5199
      8.414    -0.550       3.3690896          0.12192072          4522
      9.441    -0.550       2.9436561          0.12129471          4093
      0.106    -0.450       653.15515           7.5144226         38585
      0.119    -0.450       653.74558           7.4164084         39978
      0.133    -0.450       616.40403           7.0499751         40724
      0.150    -0.450       585.60314           6.7057471         41670
      0.168    -0.450       582.66757           6.5576637         42925
      0.188    -0.450       539.29598           6.0821569         43301
      0.211    -0.450       505.14493           5.7467218         43457
      0.237    -0.450       484.34850           5.4996603         43417
      0.266    -0.450       458.03490           5.2744073         43883
      0.299    -0.450       424.24920           4.9652517         42938
      0.335    -0.450       390.60298           4.6043985         42516
      0.376    -0.450       356.57329           4.2605685         41168
      0.422    -0.450       324.66930           3.9206135         40354
      0.473    -0.450       294.28809           3.6259584         38824
      0.531    -0.450       263.50112           3.3284193         37518
      0.596    -0.450       232.10630           3.0022594         35917
      0.668    -0.450       210.38866           2.8221424         34033
      0.750    -0.450       183.31285           2.5713715         32296
      0.841    -0.450       159.33590           2.2975915         30587
      0.944    -0.450       137.12998           2.0269999         28958
      1.059    -0.450       125.03899           1.9478841         27122
      1.189    -0.450       107.25984           1.7495289         25371
      1.334    -0.450       90.330209           1.5129163         23475
      1.496    -0.450       76.045179           1.3493690         21760
      1.679    -0.450       63.484065           1.2016121         19948
      1.884    -0.450       54.573343           1.0705762         18418
      2.113    -0.450       45.771955          0.94451386         17016
      2.371    -0.450       39.050395          0.85335280         15345
      2.661    -0.450       31.909826          0.73514779         14131
      2.985    -0.450       26.818287          0.64272415         12942
      3.350    -0.450       21.296713          0.53617821         11499
      3.758    -0.450       17.233177          0.47277869         10460
      4.217    -0.450       14.160977          0.39372202          9451
      4.732    -0.450       11.613088          0.34114189          8435
      5.309    -0.450       9.2062228          0.28249812          7593
      5.957    -0.450       7.4845015          0.24044730          6811
      6.683    -0.450       5.8787745          0.19688340          5949
      7.499    -0.450       4.8498619          0.18008575          5351
      8.414    -0.450       3.9151504          0.14590056          4739
      9.441    -0.450       2.9809636          0.11101205          4148
      0.106    -0.350       864.23741           9.9018321         36098
      0.119    -0.350       834.80854           9.6076204         37295
      0.133    -0.350       772.09897           9.0285960         37826
      0.150    -0.350       751.95743           8.6910333         38976
      0.168    -0.350       701.82290           8.0810769         39443
      0.188    -0.350       669.33319           7.8170500         39730
      0.211    -0.350       631.02689           7.3685918         40279
      0.237    -0.350       599.21011           6.9644804         40681
      0.266    -0.350       548.60978           6.5186278         40496
      0.299    -0.350       506.45973           6.2022225         39645
      0.335    -0.350       468.24684           5.7093239         39496
      0.376    -0.350       415.09333           5.1486755         38734
      0.422    -0.350       374.60316           4.7313567         37756
      0.473    -0.350       340.41182           4.3834286         36385
      0.531    -0.350       299.17808           3.9091405         35441
      0.596    -0.350       266.38398           3.6900029         34000
      0.668    -0.350       239.22042           3.3112520         32534
      0.750    -0.350       207.61975           2.9343215         31086
      0.841    -0.350       180.45478           2.6751499         29389
      0.944    -0.350       155.00041           2.3544385         27887
      1.059    -0.350       135.47777           2.1251692         26293
      1.189    -0.350       120.04679           1.9640712         24718
      1.334    -0.350       96.509439           1.6848777         22785
      1.496    -0.350       82.135418           1.5066117         20977
      1.679    -0.350       69.955199           1.3282498         19749
      1.884    -0.350       60.006897           1.1807986         18288
      2.113    -0.350       50.899088           1.0568294         16867
      2.371    -0.350       42.266250          0.95985042         15293
      2.661    -0.350       36.734687          0.84821844         14231
      2.985    -0.350       28.525905          0.69793938         12730
      3.350    -0.350       22.912511          0.59003049         11758
      3.758    -0.350       19.187901          0.51045395         10565
      4.217    -0.350       15.669777          0.43726645          9764
      4.732    -0.350       12.414068          0.35000564          8565
      5.309    -0.350       9.9239824          0.30043287          7787
      5.957    -0.350       7.7100777          0.25074113          6753
      6.683    -0.350       6.3046316          0.21459885          6144
      7.499    -0.350       5.0548434          0.16878272          5462
      8.414    -0.350       4.1489791          0.15179799          4977
      9.441    -0.350       3.3394290          0.12758682          4229
      0.106    -0.250       1207.6818           14.149480         32755
      0.119    -0.250       1158.5167           13.672925         33545
      0.133    -0.250       1079.7501           12.855562         34319
      0.150    -0.250       999.17595           11.957747         34764
      0.168    -0.250       940.77801           11.361675         35329
      0.188    -0.250       886.48170           10.654025         35631
      0.211    -0.250       826.77744           10.146726         35792
      0.237    -0.250       757.83394           9.4590125         35625
      0.266    -0.250       691.94954           8.7605748         35531
      0.299    -0.250       629.44852           8.0789189         35056
      0.335    -0.250       567.41951           7.3875999         34925
      0.376    -0.250       520.38128           6.9737056         34119
      0.422    -0.250       453.98669           6.2311408         33337
      0.473    -0.250       405.25635           5.6640909         32474
      0.531    -0.250       357.03863           5.1683951         31369
      0.596    -0.250       315.66806           4.6423950         30462
      0.668    -0.250       277.16535           4.1703312         29020
      0.750    -0.250       236.98084           3.7253407         27724
      0.841    -0.250       207.25996           3.4060598         26373
      0.944    -0.250       178.38635           2.9841217         25267
      1.059    -0.250       152.66547           2.6607946         23696
      1.189    -0.250       132.68292           2.3785754         22417
      1.334    -0.250       108.40088           1.9887838         21260
      1.496    -0.250       91.152246           1.7524646         19428
      1.679    -0.250       78.433868           1.6007041         18261
      1.884    -0.250       63.507557           1.3053850         17036
      2.113    -0.250       55.618935           1.2321732         16042
      2.371    -0.250       47.779364           1.0904210         14634
      2.661    -0.250       37.556336          0.86459202         13354
      2.985    -0.250       31.532134          0.78543925         12232
      3.350    -0.250       24.738044          0.65559596         11224
      3.758    -0.250       20.960561          0.56037032         10150
      4.217    -0.250       16.462437          0.44417159          9248
      4.732    -0.250       12.976367          0.38039135          8096
      5.309    -0.250       11.606453          0.36834713          7694
      5.957    -0.250       8.4956311          0.27122076          6772
      6.683    -0.250       7.3753925          0.25248240          6142
      7.499    -0.250       6.0138493          0.21829144          5422
      8.414    -0.250       4.5610542          0.16365579          4708
      9.441    -0.250       3.9954552          0.15178158          4401
      0.106    -0.150       1866.5951           23.831728         27198
      0.119    -0.150       1731.0547           22.412713         27712
      0.133    -0.150       1574.1931           20.778913         27870
      0.150    -0.150       1488.6647           19.778044         28093
      0.168    -0.150       1353.6443           18.531164         27976
      0.188    -0.150       1232.7219           16.962380         28103
      0.211    -0.150       1160.6067           16.381134         28032
      0.237    -0.150       1036.8825           15.059227         27891
      0.266    -0.150       944.62549           14.003329         27426
      0.299    -0.150       837.34680           12.585239         27302
      0.335    -0.150       735.13645           11.472114         26630
      0.376    -0.150       646.20150           10.300549         25986
      0.422    -0.150       567.43707           9.2382750         25445
      0.473    -0.150       498.70625           8.3506026         24589
      0.531    -0.150       418.58129           7.0309514         23892
      0.596    -0.150       366.31625           6.3950002         23157
      0.668    -0.150       313.29111           5.7132026         22272
      0.750    -0.150       273.70345           5.1347738         21266
      0.841    -0.150       228.41628           4.2800127         20388
      0.944    -0.150       194.41757           3.7091898         19363
      1.059    -0.150       173.49473           3.5299019         18681
      1.189    -0.150       141.15284           2.8811436         17509
      1.334    -0.150       119.78289           2.5466965         16539
      1.496    -0.150       99.680492           2.2818973         15371
      1.679    -0.150       83.366563           1.8816433         14786
      1.884    -0.150       69.162664           1.6461726         13604
      2.113    -0.150       59.628193           1.4882485         12905
      2.371    -0.150       46.777636           1.1767921         11739
      2.661    -0.150       41.497548           1.0951953         10909
      2.985    -0.150       32.497369          0.86434364         10076
      3.350    -0.150       28.104130          0.80988155          9302
      3.758    -0.150       22.817745          0.69770758          8612
      4.217    -0.150       18.179051          0.54391224          7879
      4.732    -0.150       15.325123          0.48870219          7079
      5.309    -0.150       12.588332          0.42779481          6319
      5.957    -0.150       10.011125          0.36512444          5890
      6.683    -0.150       8.3921258          0.30061417          5289
      7.499    -0.150       6.6935707          0.26518706          4709
      8.414    -0.150       5.1897875          0.20775524          4115
      9.441    -0.150       4.4318255          0.18866621          3725
      0.106    -0.050       3107.5104           69.797471         13810
      0.119    -0.050       2833.2973           66.941253         13668
      0.133    -0.050       2507.1300           57.123952         13639
      0.150    -0.050       2326.6772           56.232103         13383
      0.168    -0.050       2160.5269           55.317757         13388
      0.188    -0.050       1839.1900           47.174699         13172
      0.211    -0.050       1712.5652           45.224769         13128
      0.237    -0.050       1571.9597           42.690100         12872
      0.266    -0.050       1390.4572           39.904752         12423
      0.299    -0.050       1191.6055           34.228520         12180
      0.335    -0.050       1062.8813           32.617937         11984
      0.376    -0.050       879.40203           27.728899         11274
      0.422    -0.050       749.35649           22.128276         11259
      0.473    -0.050       621.06084           22.137334         10462
      0.531    -0.050       554.12905           20.063997         10095
      0.596    -0.050       443.63026           15.246727          9688
      0.668    -0.050       371.36520           13.168904          9329
      0.750    -0.050       322.56126           12.789020          8956
      0.841    -0.050       264.58590           10.226296          8404
      0.944    -0.050       229.19430           11.737402          7891
      1.059    -0.050       186.69574           7.4746481          7648
      1.189    -0.050       157.06067           5.9703193          7330
      1.334    -0.050       137.77214           6.3564396          6928
      1.496    -0.050       106.83551           4.3087286          6395
      1.679    -0.050       93.598727           3.8893795          6150
      1.884    -0.050       82.197471           4.3945228          5730
      2.113    -0.050       65.290133           3.0889511          5342
      2.371    -0.050       54.103586           2.9382392          4946
      2.661    -0.050       49.491131           2.5797950          4661
      2.985    -0.050       34.438819           1.5853461          4395
      3.350    -0.050       28.386632           1.5657942          3976
      3.758    -0.050       22.129308           1.1903416          3661
      4.217    -0.050       20.085523           1.1628308          3420
      4.732    -0.050       14.740830          0.71111876          3156
      5.309    -0.050       12.337151          0.65170179          2896
      5.957    -0.050       10.360699          0.85169989          2544
      6.683    -0.050       9.4746160          0.69256235          2422
      7.499    -0.050       7.2240532          0.41363999          2142
      8.414    -0.050       5.8785542          0.37058864          1945
      9.441    -0.050       4.7946404          0.37289182          1705
      0.106     0.050       3185.8352           71.362548         13570
      0.119     0.050       2866.2606           66.138940         13646
      0.133     0.050       2465.4875           56.998556         13626
      0.150     0.050       2411.4848           56.536269         13458
      0.168     0.050       2147.4221           55.107574         13144
      0.188     0.050       1932.8397           46.945664         13376
      0.211     0.050       1694.1183           44.401319         12816
      0.237     0.050       1450.4635           38.860267         12696
      0.266     0.050       1343.9653           37.925688         12413
      0.299     0.050       1191.8598           35.026366         12305
      0.335     0.050       998.87678           29.321960         11749
      0.376     0.050       886.01796           28.194430         11425
      0.422     0.050       711.71749           23.044277         10848
      0.473     0.050       617.41718           22.912279         10355
      0.531     0.050       560.94040           21.027171         10061
      0.596     0.050       442.39535           15.213277          9609
      0.668     0.050       379.99861           12.547213          9331
      0.750     0.050       319.00387           12.805692          8824
      0.841     0.050       269.40794           10.366636          8504
      0.944     0.050       226.31323           9.4616987          7998
      1.059     0.050       191.31486           8.0297389          7651
      1.189     0.050       145.86286           5.8739407          7145
      1.334     0.050       132.98016           6.3402052          6832
      1.496     0.050       108.22551           4.5560410          6451
      1.679     0.050       85.285259           3.6954451          5985
      1.884     0.050       77.158093           4.1055979          5578
      2.113     0.050       63.108842           3.2675077          5122
      2.371     0.050       54.058770           2.7936634          4899
      2.661     0.050       48.837217           2.5738317          4624
      2.985     0.050       36.493573           1.7673744          4361
      3.350     0.050       27.924977           1.4223497          3983
      3.758     0.050       23.162479           1.2567157          3642
      4.217     0.050       19.788135           1.1205038          3281
      4.732     0.050       16.044877          0.85019781          3031
      5.309     0.050       13.517182          0.79906822          2910
      5.957     0.050       11.401249          0.89176266          2634
      6.683     0.050       9.6769436          0.70736142          2326
      7.499     0.050       6.3663932          0.31933713          2132
      8.414     0.050       5.6099694          0.35831434          1865
      9.441     0.050       4.6218001          0.33433271          1772
      0.106     0.150       2023.9087           25.201225         27872
      0.119     0.150       1954.6162           24.773542         28121
      0.133     0.150       1786.4186           23.303432         28253
      0.150     0.150       1592.6426           21.139976         28379
      0.168     0.150       1488.1665           19.985223         28315
      0.188     0.150       1356.7527           18.673930         28554
      0.211     0.150       1240.6344           17.251355         28339
      0.237     0.150       1092.2293           15.573995         28150
      0.266     0.150       989.02115           14.720281         27703
      0.299     0.150       859.14613           13.005856         27111
      0.335     0.150       746.28257           11.729648         26615
      0.376     0.150       637.02424           10.222779         25829
      0.422     0.150       566.30471           9.2983115         25261
      0.473     0.150       489.00666           8.2039153         24596
      0.531     0.150       430.66499           7.5402948         24057
      0.596     0.150       372.47835           6.5766807         23064
      0.668     0.150       328.47650           6.0149285         22236
      0.750     0.150       273.42710           5.0667378         21153
      0.841     0.150       226.31875           4.3909563         19974
      0.944     0.150       185.72198           3.6089696         19109
      1.059     0.150       166.22446           3.2780240         18275
      1.189     0.150       131.30866           2.7111138         17189
      1.334     0.150       120.13498           2.6297563         16260
      1.496     0.150       96.865550           2.1818406         15245
      1.679     0.150       80.259200           1.7929150         14501
      1.884     0.150       68.750310           1.6513119         13374
      2.113     0.150       59.169971           1.4713207         12593
      2.371     0.150       48.474294           1.2392134         11892
      2.661     0.150       41.855341           1.1348451         10754
      2.985     0.150       35.426650          0.97973258         10179
      3.350     0.150       27.436147          0.79954516          9025
      3.758     0.150       23.128864          0.65822495          8429
      4.217     0.150       18.553938          0.54802287          7724
      4.732     0.150       14.947627          0.46517062          6987
      5.309     0.150       12.189908          0.40159873          6189
      5.957     0.150       10.111349          0.35575417          5776
      6.683     0.150       7.6637977          0.27299245          5027
      7.499     0.150       6.3204515          0.24141937          4614
      8.414     0.150       5.5808952          0.20407834          4237
      9.441     0.150       4.3209480          0.17792495          3734
      0.106     0.250       1599.4494           17.505343         35360
      0.119     0.250       1531.4598           16.998442         36339
      0.133     0.250       1390.2056           15.655384         36406
      0.150     0.250       1276.6061           14.570384         36663
      0.168     0.250       1187.9598           13.944526         36994
      0.188     0.250       1065.6612           12.568683         36847
      0.211     0.250       997.44191           12.146433         36899
      0.237     0.250       900.56879           10.971150         36815
      0.266     0.250       832.13781           10.484066         36689
      0.299     0.250       728.64334           9.4497711         36092
      0.335     0.250       653.29241           8.5925039         35458
      0.376     0.250       569.88855           7.6433278         34496
      0.422     0.250       508.08194           6.8914416         33827
      0.473     0.250       438.46821           6.1917330         32994
      0.531     0.250       375.80130           5.4535539         31550
      0.596     0.250       330.48961           4.9848234         30439
      0.668     0.250       290.43280           4.4240386         29484
      0.750     0.250       246.39574           3.9490945         27828
      0.841     0.250       207.35949           3.3616024         26524
      0.944     0.250       187.56895           3.1716072         24818
      1.059     0.250       156.00927           2.6874773         23709
      1.189     0.250       127.59613           2.2743636         22185
      1.334     0.250       112.48223           2.1085657         20874
      1.496     0.250       96.283339           1.8589468         19544
      1.679     0.250       78.520753           1.5872253         18248
      1.884     0.250       64.301035           1.3282535         16930
      2.113     0.250       54.821376           1.2325323         15493
      2.371     0.250       45.944430           1.0760051         14322
      2.661     0.250       37.449619          0.90346113         13034
      2.985     0.250       30.545874          0.76317282         11920
      3.350     0.250       24.486167          0.64514449         10913
      3.758     0.250       20.932971          0.59088728          9689
      4.217     0.250       17.138076          0.46115201          9073
      4.732     0.250       13.563717          0.41555208          8107
      5.309     0.250       11.749874          0.36659003          7419
      5.957     0.250       9.2177102          0.30001637          6599
      6.683     0.250       7.1179317          0.22259605          5911
      7.499     0.250       6.0500016          0.22005619          5158
      8.414     0.250       4.8601143          0.18943295          4617
      9.441     0.250       3.5521952          0.13229705          4108
      0.106     0.350       1413.1089           14.236501         40987
      0.119     0.350       1312.2523           13.408506         41841
      0.133     0.350       1212.4337           12.515348         42480
      0.150     0.350       1143.7973           11.980934         42963
      0.168     0.350       1081.4280           11.362526         43550
      0.188     0.350       984.06788           10.572089         43534
      0.211     0.350       903.70816           9.8593874         43683
      0.237     0.350       834.07213           9.2487393         43302
      0.266     0.350       744.93359           8.3220823         43035
      0.299     0.350       675.93467           7.7051745         42582
      0.335     0.350       605.24967           7.1815064         41413
      0.376     0.350       526.24804           6.4246839         40245
      0.422     0.350       480.89863           5.9669613         39245
      0.473     0.350       420.24566           5.4014204         37821
      0.531     0.350       366.12994           4.8564398         36442
      0.596     0.350       320.44565           4.3885073         34772
      0.668     0.350       277.96300           3.8552865         33423
      0.750     0.350       238.22367           3.4369388         31792
      0.841     0.350       203.58342           3.0424672         29659
      0.944     0.350       179.84537           2.8235676         28312
      1.059     0.350       151.31022           2.4412888         26732
      1.189     0.350       125.05404           2.1365357         24760
      1.334     0.350       106.36129           1.8940070         23180
      1.496     0.350       92.626576           1.7031367         21736
      1.679     0.350       74.994849           1.4761143         19638
      1.884     0.350       59.577504           1.2233004         18159
      2.113     0.350       52.093010           1.1213374         16838
      2.371     0.350       43.157805          0.97506693         15327
      2.661     0.350       35.815666          0.83559606         14183
      2.985     0.350       28.035513          0.68584948         12886
      3.350     0.350       23.606047          0.59318715         11739
      3.758     0.350       19.519992          0.52433759         10631
      4.217     0.350       15.927485          0.44737453          9514
      4.732     0.350       12.737518          0.37369155          8539
      5.309     0.350       10.182103          0.30325903          7747
      5.957     0.350       8.2488030          0.26163340          6842
      6.683     0.350       6.1602522          0.20118035          6052
      7.499     0.350       5.3678405          0.19326858          5427
      8.414     0.350       4.4297788          0.16879148          4834
      9.441     0.350       3.7105354          0.15369857          4352
      0.106     0.450       1279.4980           12.075256         45731
      0.119     0.450       1223.3203           11.641461         46921
      0.133     0.450       1156.2520           11.156978         47434
      0.150     0.450       1066.3913           10.355943         48173
      0.168     0.450       979.42378           9.6976714         48210
      0.188     0.450       922.57041           9.2855022         48619
      0.211     0.450       855.78283           8.7121898         48385
      0.237     0.450       788.54637           8.1767004         48058
      0.266     0.450       709.96629           7.5488325         47333
      0.299     0.450       656.63794           7.0670350         46835
      0.335     0.450       573.74976           6.4028740         45458
      0.376     0.450       511.15539           5.8937555         44010
      0.422     0.450       468.27323           5.4889635         42630
      0.473     0.450       393.82873           4.7539279         40718
      0.531     0.450       355.34153           4.4935767         39603
      0.596     0.450       312.93288           4.0100730         37620
      0.668     0.450       267.31142           3.5694972         35639
      0.750     0.450       227.75412           3.1883922         33310
      0.841     0.450       194.78292           2.8029386         31322
      0.944     0.450       165.92314           2.4779090         29643
      1.059     0.450       143.75958           2.2619107         27802
      1.189     0.450       120.88819           2.0257265         25433
      1.334     0.450       101.60330           1.7452329         24029
      1.496     0.450       85.881754           1.5741971         21976
      1.679     0.450       71.203510           1.3732304         20275
      1.884     0.450       57.201484           1.1551547         18752
      2.113     0.450       49.818263           1.0557858         17207
      2.371     0.450       39.520420          0.88735798         15519
      2.661     0.450       33.047516          0.77722698         14128
      2.985     0.450       27.923608          0.67124619         12897
      3.350     0.450       23.017457          0.59397123         11679
      3.758     0.450       17.616140          0.46239399         10436
      4.217     0.450       14.398447          0.40738711          9473
      4.732     0.450       10.957274          0.31950165          8481
      5.309     0.450       9.5727477          0.29193092          7643
      5.957     0.450       7.5429224          0.25243166          6937
      6.683     0.450       5.9527936          0.20589830          6005
      7.499     0.450       4.7471698          0.17585062          5270
      8.414     0.450       3.7740122          0.13302377          4754
      9.441     0.450       3.2298654          0.13202915          4198
      0.106     0.550       1215.6435           10.949789         49785
      0.119     0.550       1198.3964           10.797264         51430
      0.133     0.550       1111.0385           10.139235         51677
      0.150     0.550       1019.6669           9.4779484         51987
      0.168     0.550       958.06501           8.9888880         51961
      0.188     0.550       893.92500           8.5246388         52256
      0.211     0.550       835.59515           8.0936387         52496
      0.237     0.550       751.63342           7.4816755         51418
      0.266     0.550       701.31871           7.0584159         50447
      0.299     0.550       631.26943           6.5603031         49226
      0.335     0.550       563.82941           5.9605464         47875
      0.376     0.550       493.47004           5.4591158         46404
      0.422     0.550       450.31195           5.0819222         44796
      0.473     0.550       402.41507           4.6909338         42929
      0.531     0.550       347.53978           4.2169577         40781
      0.596     0.550       302.90134           3.8445877         38298
      0.668     0.550       260.04692           3.4167395         36240
      0.750     0.550       218.84308           3.0246510         34120
      0.841     0.550       188.81478           2.7139649         32139
      0.944     0.550       159.11671           2.4286948         29837
      1.059     0.550       138.04156           2.1828755         27755
      1.189     0.550       115.92348           1.9395507         25910
      1.334     0.550       96.150987           1.6756186         23990
      1.496     0.550       80.185947           1.4715935         21924
      1.679     0.550       67.538987           1.2941588         20334
      1.884     0.550       55.670368           1.1517743         18726
      2.113     0.550       45.251182          0.94701894         16978
      2.371     0.550       37.020702          0.86144071         15258
      2.661     0.550       32.772842          0.79894552         14135
      2.985     0.550       24.341609          0.60514735         12802
      3.350     0.550       19.730295          0.52327422         11274
      3.758     0.550       16.530349          0.43552520         10273
      4.217     0.550       14.573457          0.42991114          9278
      4.732     0.550       10.743761          0.32355173          8223
      5.309     0.550       8.8440031          0.27951312          7594
      5.957     0.550       7.0127840          0.22813608          6592
      6.683     0.550       5.6936784          0.20199298          5773
      7.499     0.550       4.5415320          0.16077320          5307
      8.414     0.550       3.4181277          0.13289804          4625
      9.441     0.550       2.9963083          0.12142719          3995
      0.106     0.650       1208.2022           10.354294         53733
      0.119     0.650       1146.3715           9.9124968         54107
      0.133     0.650       1076.6295           9.4685767         54704
      0.150     0.650       990.40599           8.8630274         54813
      0.168     0.650       930.71517           8.4332404         54821
      0.188     0.650       882.05555           8.1320270         55057
      0.211     0.650       812.99729           7.6380072         54347
      0.237     0.650       747.25475           7.1812765         53435
      0.266     0.650       670.70901           6.5946323         52016
      0.299     0.650       629.45775           6.3520408         51353
      0.335     0.650       551.12025           5.7812301         49609
      0.376     0.650       489.70084           5.2551328         47675
      0.422     0.650       435.75146           4.9070981         45562
      0.473     0.650       375.23130           4.3571476         43126
      0.531     0.650       333.58060           4.0708964         41448
      0.596     0.650       293.09317           3.6733875         39483
      0.668     0.650       253.43651           3.2921078         37032
      0.750     0.650       211.93521           2.9163917         34419
      0.841     0.650       187.87875           2.6808191         32630
      0.944     0.650       157.08746           2.3525212         30026
      1.059     0.650       136.58940           2.1317613         28173
      1.189     0.650       111.37568           1.8489576         25897
      1.334     0.650       94.416979           1.6557881         23987
      1.496     0.650       79.255552           1.4849222         21949
      1.679     0.650       64.137808           1.2729388         20161
      1.884     0.650       51.743268           1.0556988         18425
      2.113     0.650       45.342487          0.99912400         16833
      2.371     0.650       34.606050          0.81215545         15266
      2.661     0.650       28.822755          0.68130467         13775
      2.985     0.650       23.943082          0.60634012         12747
      3.350     0.650       19.172040          0.51064592         11388
      3.758     0.650       15.616217          0.45177783         10087
      4.217     0.650       13.355194          0.41177868          9149
      4.732     0.650       10.376898          0.32264437          8130
      5.309     0.650       8.4059893          0.26027634          7260
      5.957     0.650       6.4322433          0.21218918          6363
      6.683     0.650       5.5563890          0.20291809          5710
      7.499     0.650       4.2931304          0.14360694          5110
      8.414     0.650       3.5416889          0.13354616          4425
      9.441     0.650       2.7967337          0.10836175          4190
      0.106     0.750       1161.4822           9.6864623         55884
      0.119     0.750       1105.4937           9.3237865         56485
      0.133     0.750       1053.4784           8.9803950         57206
      0.150     0.750       962.82513           8.3793853         56786
      0.168     0.750       911.66758           8.1097650         56352
      0.188     0.750       841.54220           7.6199177         56363
      0.211     0.750       798.20164           7.3211253         55986
      0.237     0.750       709.30916           6.6834828         54962
      0.266     0.750       673.59690           6.4912123         53635
      0.299     0.750       603.30376           6.0282396         52066
      0.335     0.750       539.49525           5.5542452         50310
      0.376     0.750       477.38653           5.1299743         48411
      0.422     0.750       418.94191           4.6536057         46352
      0.473     0.750       376.30614           4.3108481         44337
      0.531     0.750       327.35404           3.9064936         41345
      0.596     0.750       276.97270           3.4730842         39156
      0.668     0.750       239.11374           3.1543604         36886
      0.750     0.750       203.90216           2.8682609         34232
      0.841     0.750       177.76620           2.5614949         31966
      0.944     0.750       150.07433           2.2802445         29821
      1.059     0.750       129.48499           2.0830599         27651
      1.189     0.750       106.04229           1.7964302         25440
      1.334     0.750       91.707321           1.6478659         23437
      1.496     0.750       73.273461           1.3796970         21400
      1.679     0.750       62.020379           1.2498610         19664
      1.884     0.750       52.627966           1.1017335         18460
      2.113     0.750       41.692264          0.90812981         16565
      2.371     0.750       33.714804          0.79009879         14891
      2.661     0.750       27.789494          0.68110760         13453
      2.985     0.750       23.463182          0.62911555         12137
      3.350     0.750       18.635268          0.49293004         11003
      3.758     0.750       15.328927          0.43763005          9884
      4.217     0.750       11.735244          0.34250051          8735
      4.732     0.750       9.3184987          0.29190012          7916
      5.309     0.750       7.4806329          0.25264411          7007
      5.957     0.750       6.6214970          0.22603734          6408
      6.683     0.750       5.2064896          0.17636608          5646
      7.499     0.750       4.1110528          0.15347464          4936
      8.414     0.750       3.2432893          0.13209170          4298
      9.441     0.750       2.3957487          0.99851560E-01      3658
      0.106     0.850       1141.0317           9.2893505         57876
      0.119     0.850       1093.5570           8.9877522         58235
      0.133     0.850       1043.1253           8.7208620         58748
      0.150     0.850       949.13593           8.1146703         58242
      0.168     0.850       905.10986           7.8362079         58299
      0.188     0.850       842.08278           7.4414906         58176
      0.211     0.850       769.46175           6.9876750         56990
      0.237     0.850       723.17898           6.7119759         56271
      0.266     0.850       649.31723           6.1728608         54022
      0.299     0.850       588.88015           5.7990731         52739
      0.335     0.850       526.61716           5.3680996         51009
      0.376     0.850       463.66441           4.9625413         48354
      0.422     0.850       411.33744           4.5431122         46556
      0.473     0.850       360.31058           4.1214483         44471
      0.531     0.850       316.64161           3.8038647         41775
      0.596     0.850       275.84291           3.4923089         39451
      0.668     0.850       240.02131           3.1533623         36824
      0.750     0.850       203.25770           2.7920507         34622
      0.841     0.850       170.44186           2.5150546         32294
      0.944     0.850       145.35975           2.2304245         29793
      1.059     0.850       124.86676           2.0164590         27694
      1.189     0.850       100.58401           1.7460962         25546
      1.334     0.850       86.683830           1.5844604         23597
      1.496     0.850       71.422798           1.3714780         21568
      1.679     0.850       58.234824           1.1506339         19704
      1.884     0.850       49.780996           1.0364092         18066
      2.113     0.850       40.252006          0.91540731         16383
      2.371     0.850       33.845409          0.81171701         15157
      2.661     0.850       26.453006          0.65125765         13750
      2.985     0.850       22.161092          0.58504297         12158
      3.350     0.850       18.273814          0.49283992         11080
      3.758     0.850       13.707337          0.40040124          9967
      4.217     0.850       12.088867          0.35552132          8813
      4.732     0.850       9.1335711          0.28298812          7823
      5.309     0.850       7.0393384          0.23526194          6977
      5.957     0.850       6.3824543          0.22110030          6227
      6.683     0.850       5.0906929          0.19401680          5542
      7.499     0.850       4.0641263          0.14617236          4912
      8.414     0.850       3.0534535          0.12336373          4287
      9.441     0.850       2.4806628          0.10994357          3689
      0.106     0.950       1126.0261           8.9726632         59030
      0.119     0.950       1076.1403           8.6707401         59766
      0.133     0.950       1022.2338           8.3849658         59913
      0.150     0.950       946.28206           7.9384132         59469
      0.168     0.950       881.59166           7.5789245         59188
      0.188     0.950       826.65682           7.2208574         58644
      0.211     0.950       762.63675           6.8488066         57270
      0.237     0.950       706.13490           6.4535735         56351
      0.266     0.950       635.73352           6.0116040         54629
      0.299     0.950       574.99079           5.6430564         52964
      0.335     0.950       513.40944           5.2277086         50844
      0.376     0.950       464.90060           4.8967736         48788
      0.422     0.950       406.96403           4.4734120         46417
      0.473     0.950       356.70446           4.1100047         43825
      0.531     0.950       313.87451           3.7783438         41557
      0.596     0.950       276.48668           3.4632985         39510
      0.668     0.950       229.67062           3.0521045         36327
      0.750     0.950       204.77250           2.8291965         34311
      0.841     0.950       167.86908           2.4717774         31455
      0.944     0.950       140.75888           2.2046831         29334
      1.059     0.950       123.32428           1.9776985         27257
      1.189     0.950       100.93410           1.6987538         25005
      1.334     0.950       85.044137           1.5246451         23148
      1.496     0.950       68.429907           1.3149916         21238
      1.679     0.950       56.238742           1.1445837         19173
      1.884     0.950       47.952801           1.0047620         17759
      2.113     0.950       37.603583          0.83943783         15915
      2.371     0.950       30.737598          0.73720760         14462
      2.661     0.950       25.327356          0.64282772         13185
      2.985     0.950       21.732442          0.56640357         11753
      3.350     0.950       17.888463          0.50227295         10673
      3.758     0.950       13.306995          0.39261816          9384
      4.217     0.950       11.409631          0.36234147          8445
      4.732     0.950       8.6875573          0.26473455          7523
      5.309     0.950       7.2116358          0.23324782          6754
      5.957     0.950       5.6984577          0.19745656          5959
      6.683     0.950       4.5898082          0.16759949          5292
      7.499     0.950       3.7941273          0.14383094          4665
      8.414     0.950       3.0436317          0.12797747          4109
      9.441     0.950       2.3566195          0.91970282E-01      3551
