 # tables0/fmax20_0401z.sno_num   
      0.106    -0.950       798.96237           7.0614049         53996
      0.119    -0.950       768.54704           6.8118897         54761
      0.133    -0.950       733.86727           6.6116203         55299
      0.150    -0.950       698.73248           6.3281808         56024
      0.168    -0.950       673.38391           6.1488601         55988
      0.188    -0.950       616.70710           5.7701950         55478
      0.211    -0.950       598.05985           5.6056206         55560
      0.237    -0.950       557.92450           5.3509853         54675
      0.266    -0.950       517.49928           5.0690396         53124
      0.299    -0.950       471.68558           4.7656627         51483
      0.335    -0.950       431.26394           4.4701370         49413
      0.376    -0.950       384.26966           4.1335911         47879
      0.422    -0.950       342.80973           3.8144975         45687
      0.473    -0.950       315.34762           3.6274698         43491
      0.531    -0.950       273.19676           3.2797422         40994
      0.596    -0.950       238.42127           2.9950301         38488
      0.668    -0.950       207.96182           2.7404095         36490
      0.750    -0.950       179.85527           2.4691906         34001
      0.841    -0.950       163.11642           2.3427295         31703
      0.944    -0.950       139.01099           2.0743317         29668
      1.059    -0.950       117.11702           1.8600027         27333
      1.189    -0.950       96.530491           1.6488813         25313
      1.334    -0.950       83.335005           1.4595571         23343
      1.496    -0.950       73.082607           1.3366013         21471
      1.679    -0.950       58.966054           1.1383153         19584
      1.884    -0.950       50.898490           1.0421875         18018
      2.113    -0.950       42.704892          0.93667387         16205
      2.371    -0.950       34.984903          0.80574594         14577
      2.661    -0.950       28.879362          0.71017698         13380
      2.985    -0.950       24.265603          0.61724000         12132
      3.350    -0.950       19.497760          0.52412609         10825
      3.758    -0.950       16.672033          0.47540535          9738
      4.217    -0.950       12.806206          0.37798426          8732
      4.732    -0.950       10.200085          0.32237405          7983
      5.309    -0.950       8.4021284          0.29153152          6972
      5.957    -0.950       6.5095044          0.21610682          6257
      6.683    -0.950       6.0467889          0.22181190          5601
      7.499    -0.950       4.7023633          0.17971668          4909
      8.414    -0.950       3.6533450          0.15294310          4351
      9.441    -0.950       3.0034123          0.12933451          3661
      0.106    -0.850       562.02319           5.6082709         48481
      0.119    -0.850       547.66055           5.4327791         49804
      0.133    -0.850       530.07305           5.2183733         50536
      0.150    -0.850       513.82672           5.1101809         51294
      0.168    -0.850       492.14333           4.8629423         52039
      0.188    -0.850       476.09052           4.7738689         51695
      0.211    -0.850       452.09460           4.5445596         51713
      0.237    -0.850       436.49813           4.4301507         51699
      0.266    -0.850       401.66391           4.1489874         50426
      0.299    -0.850       382.00013           4.0078132         49579
      0.335    -0.850       357.52107           3.8337689         47991
      0.376    -0.850       317.84308           3.5152382         45999
      0.422    -0.850       301.23890           3.3699566         44797
      0.473    -0.850       271.50609           3.1620264         42675
      0.531    -0.850       236.49394           2.8254799         40357
      0.596    -0.850       209.36370           2.5981950         38611
      0.668    -0.850       186.94170           2.4200643         36466
      0.750    -0.850       163.59039           2.2190793         33979
      0.841    -0.850       148.27768           2.0616134         32099
      0.944    -0.850       127.26353           1.8701550         29570
      1.059    -0.850       113.78002           1.7595468         27839
      1.189    -0.850       90.196590           1.4676922         25439
      1.334    -0.850       80.246935           1.3580735         23618
      1.496    -0.850       67.550143           1.1926974         21791
      1.679    -0.850       57.800435           1.0779908         20059
      1.884    -0.850       49.108925          0.97908149         18265
      2.113    -0.850       40.432729          0.84623634         16268
      2.371    -0.850       33.902140          0.73490394         15087
      2.661    -0.850       27.496979          0.62927743         13703
      2.985    -0.850       24.219492          0.61480956         12368
      3.350    -0.850       19.635108          0.50708172         11110
      3.758    -0.850       16.434571          0.44556475         10133
      4.217    -0.850       12.927770          0.37488663          9002
      4.732    -0.850       10.936479          0.33714434          8091
      5.309    -0.850       8.8113474          0.28469078          7158
      5.957    -0.850       7.1959129          0.23861020          6524
      6.683    -0.850       5.9063394          0.22622656          5750
      7.499    -0.850       4.7357371          0.16632312          5061
      8.414    -0.850       3.9039825          0.16449485          4410
      9.441    -0.850       3.4949249          0.15772108          3868
      0.106    -0.750       419.52184           4.0750312         45031
      0.119    -0.750       421.01033           4.0985091         45953
      0.133    -0.750       419.58552           4.0522029         47590
      0.150    -0.750       409.82484           3.9502485         48462
      0.168    -0.750       399.88136           3.8751332         49010
      0.188    -0.750       404.34554           3.8776475         49707
      0.211    -0.750       389.07273           3.8240890         49617
      0.237    -0.750       381.39750           3.7465573         49434
      0.266    -0.750       358.81029           3.5894432         48376
      0.299    -0.750       339.69324           3.4292603         47714
      0.335    -0.750       325.03761           3.3345720         46791
      0.376    -0.750       294.48909           3.1242714         45092
      0.422    -0.750       271.00966           2.9654210         43864
      0.473    -0.750       253.20722           2.8676538         42224
      0.531    -0.750       231.64107           2.7087811         40094
      0.596    -0.750       204.39043           2.4618598         38116
      0.668    -0.750       184.74533           2.3261628         35775
      0.750    -0.750       160.82671           2.1055863         33891
      0.841    -0.750       147.45769           2.0507870         31665
      0.944    -0.750       125.83516           1.8246827         29785
      1.059    -0.750       111.47930           1.6822078         27675
      1.189    -0.750       95.424156           1.5202732         25556
      1.334    -0.750       82.098155           1.3561050         23967
      1.496    -0.750       68.868123           1.2093661         21861
      1.679    -0.750       60.018394           1.1369274         19882
      1.884    -0.750       50.256755          0.98375710         18324
      2.113    -0.750       43.147461          0.88353174         16897
      2.371    -0.750       35.485400          0.77934519         15415
      2.661    -0.750       28.182619          0.65625921         13934
      2.985    -0.750       23.862256          0.57721582         12407
      3.350    -0.750       20.206024          0.50693247         11480
      3.758    -0.750       17.259674          0.46718744         10303
      4.217    -0.750       13.778014          0.40327436          9270
      4.732    -0.750       11.478559          0.33496530          8321
      5.309    -0.750       9.0477168          0.29221192          7370
      5.957    -0.750       7.4362302          0.23887214          6583
      6.683    -0.750       6.2429733          0.22503828          5804
      7.499    -0.750       4.7713237          0.17302147          5127
      8.414    -0.750       4.1024409          0.16462606          4639
      9.441    -0.750       3.1663812          0.13400861          4003
      0.106    -0.650       433.47673           4.4556094         42595
      0.119    -0.650       438.14718           4.5112295         44118
      0.133    -0.650       429.55537           4.3922021         45460
      0.150    -0.650       416.12241           4.2301977         46287
      0.168    -0.650       409.01851           4.1080585         47000
      0.188    -0.650       405.95898           4.1063614         47671
      0.211    -0.650       392.04865           3.9599666         48031
      0.237    -0.650       376.42262           3.8197401         47633
      0.266    -0.650       362.97252           3.7477565         47293
      0.299    -0.650       341.46804           3.5474375         46587
      0.335    -0.650       314.67554           3.3416135         45725
      0.376    -0.650       300.94134           3.2541129         44774
      0.422    -0.650       281.54505           3.1135070         43138
      0.473    -0.650       252.64953           2.8681310         41527
      0.531    -0.650       229.58943           2.7191384         39369
      0.596    -0.650       209.67433           2.5154281         37966
      0.668    -0.650       185.79353           2.3430321         35530
      0.750    -0.650       168.80461           2.2240125         33898
      0.841    -0.650       146.54615           2.0332467         31569
      0.944    -0.650       130.30686           1.8634518         29937
      1.059    -0.650       113.35924           1.6922786         27740
      1.189    -0.650       97.560194           1.5146919         25708
      1.334    -0.650       83.382137           1.3966436         23577
      1.496    -0.650       71.427310           1.2479464         21867
      1.679    -0.650       59.270459           1.0920861         20057
      1.884    -0.650       53.630763           1.0425602         18647
      2.113    -0.650       44.608913          0.92320937         16828
      2.371    -0.650       35.122547          0.75148456         15461
      2.661    -0.650       28.957192          0.66082878         14126
      2.985    -0.650       26.102085          0.61832634         12887
      3.350    -0.650       21.922914          0.55083438         11458
      3.758    -0.650       16.938352          0.44140804         10406
      4.217    -0.650       14.429875          0.40710501          9268
      4.732    -0.650       11.646724          0.35572286          8408
      5.309    -0.650       9.7996347          0.30491947          7487
      5.957    -0.650       7.4966593          0.24867346          6580
      6.683    -0.650       6.5441159          0.23687318          5954
      7.499    -0.650       5.0920742          0.18613333          5134
      8.414    -0.650       4.2298795          0.15791179          4779
      9.441    -0.650       3.1174868          0.11801895          4071
      0.106    -0.550       540.61940           6.0551788         40438
      0.119    -0.550       532.38592           5.8569123         42186
      0.133    -0.550       515.37746           5.6889954         43317
      0.150    -0.550       495.16889           5.4263062         44103
      0.168    -0.550       488.93701           5.3697965         44933
      0.188    -0.550       467.42214           5.0764513         45643
      0.211    -0.550       439.65172           4.8625933         45585
      0.237    -0.550       425.08465           4.6576099         45879
      0.266    -0.550       402.87829           4.4334707         45513
      0.299    -0.550       368.67040           4.0981812         44970
      0.335    -0.550       354.19228           3.9712139         43991
      0.376    -0.550       323.77557           3.7702920         42781
      0.422    -0.550       301.78235           3.5110584         42029
      0.473    -0.550       267.09361           3.2093582         40108
      0.531    -0.550       240.92192           2.9672579         38836
      0.596    -0.550       219.41276           2.7771219         36460
      0.668    -0.550       192.52543           2.4820409         35153
      0.750    -0.550       173.68941           2.3205772         33160
      0.841    -0.550       152.65574           2.1283079         31344
      0.944    -0.550       135.31397           1.9507581         29602
      1.059    -0.550       114.95209           1.7453730         27534
      1.189    -0.550       102.63857           1.6139546         25655
      1.334    -0.550       86.199683           1.4398046         23902
      1.496    -0.550       73.980482           1.2711108         21680
      1.679    -0.550       62.017729           1.1492575         20159
      1.884    -0.550       54.143049           1.0592102         18606
      2.113    -0.550       43.464157          0.88450266         16921
      2.371    -0.550       37.822630          0.81390526         15369
      2.661    -0.550       32.072572          0.73740686         14112
      2.985    -0.550       25.576390          0.60878191         12679
      3.350    -0.550       22.250079          0.57770155         11702
      3.758    -0.550       17.838014          0.46891451         10474
      4.217    -0.550       15.454745          0.42191422          9692
      4.732    -0.550       11.831923          0.34253517          8358
      5.309    -0.550       10.557414          0.32657886          7681
      5.957    -0.550       8.4266660          0.27962580          6779
      6.683    -0.550       6.5708484          0.23970286          5985
      7.499    -0.550       5.0926173          0.18202230          5379
      8.414    -0.550       4.2289258          0.16597264          4761
      9.441    -0.550       3.5205627          0.14428003          4134
      0.106    -0.450       660.41145           7.6096776         38181
      0.119    -0.450       634.38472           7.2736442         39698
      0.133    -0.450       628.72987           7.1407958         40738
      0.150    -0.450       585.68790           6.6641578         41141
      0.168    -0.450       564.62304           6.4345100         42651
      0.188    -0.450       547.10898           6.1877021         43253
      0.211    -0.450       503.48248           5.7137516         43148
      0.237    -0.450       486.20695           5.5472535         43525
      0.266    -0.450       458.49392           5.2827701         43323
      0.299    -0.450       414.87447           4.8769914         42806
      0.335    -0.450       381.89077           4.4894647         41899
      0.376    -0.450       358.24984           4.2840196         41252
      0.422    -0.450       325.47567           3.9315680         40206
      0.473    -0.450       296.74081           3.6749764         39112
      0.531    -0.450       264.57267           3.3294889         37436
      0.596    -0.450       228.76562           2.9814933         35831
      0.668    -0.450       209.14518           2.7598838         34272
      0.750    -0.450       188.08037           2.5804285         32588
      0.841    -0.450       162.55508           2.2972802         31217
      0.944    -0.450       140.25157           2.0471431         28728
      1.059    -0.450       125.95241           1.9300217         27255
      1.189    -0.450       111.72543           1.7942190         25498
      1.334    -0.450       92.673314           1.5614031         23841
      1.496    -0.450       78.697827           1.3884918         21860
      1.679    -0.450       67.230210           1.2383330         20068
      1.884    -0.450       55.931091           1.0702716         18873
      2.113    -0.450       48.022005          0.96474578         17347
      2.371    -0.450       39.685046          0.82996857         15713
      2.661    -0.450       32.031884          0.73841903         14209
      2.985    -0.450       27.616289          0.65418829         12917
      3.350    -0.450       21.806432          0.53196232         11723
      3.758    -0.450       18.768261          0.49390543         10759
      4.217    -0.450       15.850755          0.43634556          9689
      4.732    -0.450       13.013317          0.36733629          8746
      5.309    -0.450       9.7582552          0.30614372          7595
      5.957    -0.450       8.2980260          0.25974344          6911
      6.683    -0.450       7.0325657          0.23907917          6274
      7.499    -0.450       5.3683072          0.19693908          5555
      8.414    -0.450       4.8293070          0.18334542          4856
      9.441    -0.450       4.0975850          0.15827850          4366
      0.106    -0.350       832.29227           9.7762443         35616
      0.119    -0.350       813.33197           9.4489117         36916
      0.133    -0.350       761.78476           8.7977007         38072
      0.150    -0.350       722.82909           8.4407284         38808
      0.168    -0.350       688.74025           8.1312201         38831
      0.188    -0.350       648.62312           7.6215198         39827
      0.211    -0.350       617.35459           7.2662568         40069
      0.237    -0.350       561.77391           6.6900575         40136
      0.266    -0.350       533.37755           6.4199588         40200
      0.299    -0.350       489.41294           5.9066333         39952
      0.335    -0.350       444.98140           5.3956490         39175
      0.376    -0.350       407.78629           5.0504294         38168
      0.422    -0.350       374.89618           4.7731234         37557
      0.473    -0.350       332.61438           4.1935833         36616
      0.531    -0.350       294.67992           3.8906361         35089
      0.596    -0.350       265.25881           3.5494135         33745
      0.668    -0.350       236.32992           3.2433625         32456
      0.750    -0.350       202.14535           2.8601657         30711
      0.841    -0.350       177.12071           2.5835376         29593
      0.944    -0.350       156.90433           2.3820121         28023
      1.059    -0.350       135.53272           2.1388703         26248
      1.189    -0.350       119.56013           1.9661113         24714
      1.334    -0.350       99.445000           1.6810986         23039
      1.496    -0.350       86.387330           1.5826611         21188
      1.679    -0.350       71.552625           1.3217969         19917
      1.884    -0.350       61.487715           1.2079579         18192
      2.113    -0.350       50.672397           1.0366076         16766
      2.371    -0.350       42.936742          0.91290581         15496
      2.661    -0.350       36.112425          0.80216994         14183
      2.985    -0.350       29.088422          0.70281211         12848
      3.350    -0.350       23.800158          0.57927046         11568
      3.758    -0.350       20.217093          0.51956762         10593
      4.217    -0.350       17.390379          0.47255607          9666
      4.732    -0.350       13.848080          0.41279976          8733
      5.309    -0.350       11.061504          0.33996327          7745
      5.957    -0.350       8.9492197          0.29591129          6995
      6.683    -0.350       7.3584607          0.23870155          6117
      7.499    -0.350       6.0695062          0.21732413          5480
      8.414    -0.350       5.3841638          0.20202367          5001
      9.441    -0.350       4.1526540          0.16074972          4384
      0.106    -0.250       1158.4213           13.803247         32364
      0.119    -0.250       1116.2707           13.161654         33436
      0.133    -0.250       1027.5381           12.206276         33974
      0.150    -0.250       962.05932           11.566590         34219
      0.168    -0.250       925.56239           11.162464         35165
      0.188    -0.250       865.02736           10.582177         35181
      0.211    -0.250       792.86446           9.8774041         35303
      0.237    -0.250       736.52311           9.1617922         35610
      0.266    -0.250       665.57762           8.4143999         35312
      0.299    -0.250       605.83751           7.6981375         35020
      0.335    -0.250       543.66730           7.1225792         34442
      0.376    -0.250       495.96345           6.5843836         33898
      0.422    -0.250       451.54605           6.1044984         33205
      0.473    -0.250       393.62741           5.3770533         32493
      0.531    -0.250       347.97739           4.8867062         31188
      0.596    -0.250       308.99619           4.4885653         30131
      0.668    -0.250       276.93279           4.1656392         29123
      0.750    -0.250       233.13445           3.5229222         27888
      0.841    -0.250       204.30967           3.2331493         26324
      0.944    -0.250       171.72023           2.7906015         25326
      1.059    -0.250       150.94343           2.5248421         23932
      1.189    -0.250       131.21338           2.3435908         22505
      1.334    -0.250       108.73274           2.0071366         21108
      1.496    -0.250       93.202378           1.7998225         19806
      1.679    -0.250       76.503925           1.4992436         18331
      1.884    -0.250       66.871231           1.4090873         17027
      2.113    -0.250       53.285843           1.1588321         15555
      2.371    -0.250       44.454514          0.99937345         14396
      2.661    -0.250       37.663280          0.85934959         13470
      2.985    -0.250       32.185817          0.76228399         12385
      3.350    -0.250       25.758367          0.66543967         11192
      3.758    -0.250       20.393158          0.54967201         10179
      4.217    -0.250       18.848383          0.52181005          9512
      4.732    -0.250       14.535665          0.41507047          8405
      5.309    -0.250       12.679955          0.37975644          7679
      5.957    -0.250       9.6747197          0.30809268          6891
      6.683    -0.250       8.2244509          0.27563654          6142
      7.499    -0.250       6.4912412          0.23826468          5483
      8.414    -0.250       5.5086259          0.20461704          4834
      9.441    -0.250       4.0163021          0.14499415          4190
      0.106    -0.150       1789.5630           22.723359         26790
      0.119    -0.150       1709.5692           22.059719         27461
      0.133    -0.150       1571.4087           20.609011         27831
      0.150    -0.150       1449.5395           19.201735         28163
      0.168    -0.150       1355.1497           18.272655         28077
      0.188    -0.150       1229.6273           17.035257         27973
      0.211    -0.150       1101.3150           15.497497         27886
      0.237    -0.150       1053.0995           15.122860         28159
      0.266    -0.150       912.45218           13.086150         27685
      0.299    -0.150       823.08671           12.227205         27123
      0.335    -0.150       727.90053           11.049409         26692
      0.376    -0.150       623.16842           9.7172848         25768
      0.422    -0.150       568.34974           8.9229057         25507
      0.473    -0.150       488.29691           8.3072118         24486
      0.531    -0.150       425.87689           7.3390876         23804
      0.596    -0.150       363.11772           6.2807528         22998
      0.668    -0.150       307.72253           5.3565165         21863
      0.750    -0.150       266.31923           4.9023899         21202
      0.841    -0.150       233.77629           4.2798709         20442
      0.944    -0.150       200.58167           3.7838826         19357
      1.059    -0.150       167.09337           3.2612836         18525
      1.189    -0.150       140.23804           2.8442540         17459
      1.334    -0.150       125.19199           2.6689625         16581
      1.496    -0.150       102.07710           2.2077497         15558
      1.679    -0.150       83.764832           1.8833530         14600
      1.884    -0.150       71.756135           1.6782531         13282
      2.113    -0.150       58.385430           1.4019571         12637
      2.371    -0.150       49.636371           1.2452057         11760
      2.661    -0.150       40.856262           1.0683201         10892
      2.985    -0.150       32.981263          0.89580969          9943
      3.350    -0.150       27.840308          0.78068781          9318
      3.758    -0.150       23.324521          0.67541311          8630
      4.217    -0.150       18.736861          0.53666388          7748
      4.732    -0.150       15.647286          0.49421316          7053
      5.309    -0.150       12.230722          0.37303993          6453
      5.957    -0.150       10.735582          0.37487498          5796
      6.683    -0.150       8.3542435          0.28617871          5286
      7.499    -0.150       7.2748741          0.27231289          4833
      8.414    -0.150       5.8183814          0.24774750          4208
      9.441    -0.150       4.7270379          0.18556899          3847
      0.106    -0.050       2795.7584           64.108684         13211
      0.119    -0.050       2858.1155           68.713286         13326
      0.133    -0.050       2502.8983           60.598323         13234
      0.150    -0.050       2254.7472           58.352850         13197
      0.168    -0.050       2027.9058           51.095363         13148
      0.188    -0.050       1852.1494           49.526273         13132
      0.211    -0.050       1679.7832           46.293963         12806
      0.237    -0.050       1501.9289           41.398926         12406
      0.266    -0.050       1299.3809           37.615304         12079
      0.299    -0.050       1099.5720           30.937218         11956
      0.335    -0.050       1004.4394           31.427990         11652
      0.376    -0.050       822.04544           25.121958         11208
      0.422    -0.050       712.91079           22.577288         10733
      0.473    -0.050       607.48978           19.760812         10349
      0.531    -0.050       528.54655           18.883787         10166
      0.596    -0.050       433.31167           15.885920          9772
      0.668    -0.050       373.31881           13.395185          9285
      0.750    -0.050       315.16970           11.709140          8616
      0.841    -0.050       253.58652           9.7035258          8537
      0.944    -0.050       223.97361           9.1803978          7899
      1.059    -0.050       193.53463           8.9731842          7577
      1.189    -0.050       151.98166           6.2604343          7144
      1.334    -0.050       120.91371           5.0915556          6717
      1.496    -0.050       105.79646           4.1180612          6402
      1.679    -0.050       87.342296           3.2860780          6067
      1.884    -0.050       68.875575           2.9146558          5575
      2.113    -0.050       62.331993           2.6895702          5324
      2.371    -0.050       50.414669           2.0872869          4924
      2.661    -0.050       40.763214           1.8355025          4563
      2.985    -0.050       33.994687           1.5353476          4272
      3.350    -0.050       31.877033           1.5968103          4004
      3.758    -0.050       25.237631           1.3579670          3675
      4.217    -0.050       21.212967           1.2371622          3489
      4.732    -0.050       17.941318          0.96639357          3128
      5.309    -0.050       14.748248           1.0450276          2843
      5.957    -0.050       10.229023          0.56339926          2556
      6.683    -0.050       8.4685304          0.47683517          2349
      7.499    -0.050       7.8049108          0.55883602          2143
      8.414    -0.050       6.5395760          0.49899613          1913
      9.441    -0.050       4.7556147          0.30918682          1782
      0.106     0.050       2908.3179           67.239600         13108
      0.119     0.050       2873.9027           69.620570         13380
      0.133     0.050       2588.3802           63.682541         13004
      0.150     0.050       2257.7737           57.429304         13027
      0.168     0.050       2093.3950           52.583195         13129
      0.188     0.050       1824.0317           49.369049         12681
      0.211     0.050       1626.7985           45.133981         12531
      0.237     0.050       1475.4125           41.616606         12313
      0.266     0.050       1374.4374           40.035727         12190
      0.299     0.050       1103.9630           31.118411         11864
      0.335     0.050       1053.6121           31.797102         11646
      0.376     0.050       819.41257           27.150271         11127
      0.422     0.050       722.34080           22.878147         10734
      0.473     0.050       609.74226           20.186814         10401
      0.531     0.050       503.08162           18.414186          9943
      0.596     0.050       437.36081           16.001463          9690
      0.668     0.050       377.98567           13.631336          9099
      0.750     0.050       302.58577           11.633647          8761
      0.841     0.050       262.30368           10.073706          8463
      0.944     0.050       220.75801           8.9247382          7875
      1.059     0.050       181.78119           6.9869019          7713
      1.189     0.050       153.71488           6.7369997          7208
      1.334     0.050       119.22410           4.7934371          6829
      1.496     0.050       104.42048           4.5194666          6550
      1.679     0.050       89.342139           5.0813470          6026
      1.884     0.050       73.700398           3.3787251          5609
      2.113     0.050       57.708349           2.4815191          5384
      2.371     0.050       52.984431           2.5312212          4918
      2.661     0.050       41.703244           1.8281687          4495
      2.985     0.050       33.179011           1.5309396          4225
      3.350     0.050       30.297819           1.6681506          3948
      3.758     0.050       26.175067           1.5574051          3715
      4.217     0.050       20.804939           1.1685658          3423
      4.732     0.050       17.105786          0.93732016          3146
      5.309     0.050       14.361341          0.99065606          2908
      5.957     0.050       11.145411          0.70983148          2581
      6.683     0.050       8.9313220          0.56840268          2387
      7.499     0.050       8.0813335          0.63909855          2097
      8.414     0.050       6.5698368          0.51403681          1906
      9.441     0.050       5.3185142          0.36449061          1720
      0.106     0.150       2009.6341           25.408326         27354
      0.119     0.150       1879.5135           23.934944         27605
      0.133     0.150       1720.6029           22.534565         27694
      0.150     0.150       1597.3446           21.102757         28022
      0.168     0.150       1454.7229           19.431225         28047
      0.188     0.150       1333.7678           18.738135         27998
      0.211     0.150       1200.5466           16.579882         28228
      0.237     0.150       1060.7558           15.123325         27682
      0.266     0.150       965.02563           14.391713         27401
      0.299     0.150       835.85860           12.536930         27086
      0.335     0.150       749.59427           11.479907         26558
      0.376     0.150       643.70534           10.324823         25869
      0.422     0.150       559.34323           9.3005123         24916
      0.473     0.150       479.66483           7.8843490         24171
      0.531     0.150       414.10260           6.9842537         23473
      0.596     0.150       371.43553           6.4783368         22880
      0.668     0.150       305.55640           5.4134385         22083
      0.750     0.150       252.56967           4.5648437         20992
      0.841     0.150       229.03213           4.3946176         20007
      0.944     0.150       189.17884           3.6575684         19175
      1.059     0.150       161.83165           3.3099452         18157
      1.189     0.150       134.74592           2.6762387         17448
      1.334     0.150       114.37135           2.3726373         16106
      1.496     0.150       94.125315           2.0576415         14954
      1.679     0.150       83.564627           1.8785659         14436
      1.884     0.150       70.225056           1.6446866         13645
      2.113     0.150       60.929727           1.5015051         12667
      2.371     0.150       48.766480           1.2260846         11471
      2.661     0.150       40.379744           1.0740509         10641
      2.985     0.150       33.965836          0.92437950          9957
      3.350     0.150       27.641772          0.79081489          9260
      3.758     0.150       23.223472          0.68205906          8437
      4.217     0.150       19.351417          0.61661936          7562
      4.732     0.150       15.444721          0.49767548          6872
      5.309     0.150       13.448850          0.43847201          6450
      5.957     0.150       10.229375          0.38617537          5551
      6.683     0.150       8.7208898          0.32380945          5202
      7.499     0.150       7.2564693          0.26840162          4642
      8.414     0.150       5.9589650          0.22472830          4250
      9.441     0.150       4.7471423          0.19461855          3756
      0.106     0.250       1588.6541           17.584218         34735
      0.119     0.250       1489.6059           16.565792         35656
      0.133     0.250       1392.7329           15.593304         36183
      0.150     0.250       1275.9801           14.672949         35952
      0.168     0.250       1169.5247           13.775209         36592
      0.188     0.250       1094.3194           12.973452         36871
      0.211     0.250       1003.8524           12.054988         36662
      0.237     0.250       904.03093           10.873326         36576
      0.266     0.250       801.25428           10.004992         36202
      0.299     0.250       735.37928           9.4640754         35876
      0.335     0.250       643.23556           8.2347630         35370
      0.376     0.250       563.83206           7.4732073         34486
      0.422     0.250       497.08326           6.8976130         33025
      0.473     0.250       441.42442           6.1360767         32518
      0.531     0.250       377.99747           5.4241651         31538
      0.596     0.250       328.77276           4.8340716         30267
      0.668     0.250       280.64010           4.1688525         29098
      0.750     0.250       252.15569           3.8960395         27836
      0.841     0.250       207.40940           3.3058408         26344
      0.944     0.250       186.82784           3.0534254         25421
      1.059     0.250       152.34498           2.6129888         23621
      1.189     0.250       133.32472           2.3437860         22365
      1.334     0.250       111.96582           2.0622382         21120
      1.496     0.250       93.237366           1.7936701         19748
      1.679     0.250       78.816471           1.5669121         18276
      1.884     0.250       66.226804           1.3828414         17065
      2.113     0.250       55.788220           1.1947860         15625
      2.371     0.250       45.018969          0.98584234         14497
      2.661     0.250       38.509417          0.87820179         13213
      2.985     0.250       30.849634          0.76072215         11968
      3.350     0.250       26.107241          0.66741672         11085
      3.758     0.250       21.192097          0.55485830         10160
      4.217     0.250       17.701223          0.51833866          9065
      4.732     0.250       13.882651          0.40678570          8228
      5.309     0.250       11.291408          0.34719016          7414
      5.957     0.250       9.1033615          0.28871913          6650
      6.683     0.250       8.0576622          0.27533830          6032
      7.499     0.250       6.6582338          0.23535135          5520
      8.414     0.250       5.3468282          0.20255360          4769
      9.441     0.250       4.3350800          0.16533856          4280
      0.106     0.350       1366.3321           13.794761         40474
      0.119     0.350       1305.4128           13.288566         41630
      0.133     0.350       1212.5461           12.493731         42205
      0.150     0.350       1132.3381           11.943030         42287
      0.168     0.350       1046.3076           11.118207         42865
      0.188     0.350       988.14603           10.623338         43183
      0.211     0.350       907.45361           9.9049684         43289
      0.237     0.350       813.14847           9.0386122         42778
      0.266     0.350       735.62092           8.3430185         42224
      0.299     0.350       665.16525           7.6738784         41914
      0.335     0.350       593.18222           6.9639806         41144
      0.376     0.350       529.93816           6.3941678         40156
      0.422     0.350       468.47666           5.8154408         38770
      0.473     0.350       415.35463           5.2465095         37700
      0.531     0.350       363.91894           4.7464497         35941
      0.596     0.350       324.81162           4.2932810         34674
      0.668     0.350       268.66218           3.7452439         32749
      0.750     0.350       229.11264           3.2700141         31197
      0.841     0.350       202.79154           3.0442530         29398
      0.944     0.350       173.59656           2.6491240         27958
      1.059     0.350       147.26482           2.3662678         26554
      1.189     0.350       125.68685           2.0737398         24713
      1.334     0.350       105.89745           1.8521197         22962
      1.496     0.350       90.816550           1.6704597         21148
      1.679     0.350       76.699151           1.4788440         19763
      1.884     0.350       65.178284           1.2997408         18244
      2.113     0.350       53.953807           1.1304084         16836
      2.371     0.350       44.021011          0.94353380         15210
      2.661     0.350       35.192408          0.82781500         13856
      2.985     0.350       30.360149          0.72805228         12773
      3.350     0.350       24.046769          0.59807265         11620
      3.758     0.350       19.657146          0.51640560         10305
      4.217     0.350       16.626552          0.45920033          9387
      4.732     0.350       13.720902          0.39307392          8694
      5.309     0.350       10.654941          0.32761240          7690
      5.957     0.350       8.5712614          0.27273363          6889
      6.683     0.350       7.4197573          0.26400087          6060
      7.499     0.350       5.9512671          0.19968061          5537
      8.414     0.350       4.8018623          0.16752638          5000
      9.441     0.350       3.9786109          0.15632568          4282
      0.106     0.450       1260.4825           12.002052         45379
      0.119     0.450       1239.5161           11.831383         46441
      0.133     0.450       1136.6047           11.040142         46550
      0.150     0.450       1065.8740           10.475318         47233
      0.168     0.450       957.72000           9.5889370         47462
      0.188     0.450       915.31174           9.1900933         48138
      0.211     0.450       843.23459           8.6768749         47813
      0.237     0.450       786.04936           8.1978732         47633
      0.266     0.450       713.62664           7.5900267         46968
      0.299     0.450       636.17254           6.8625842         46310
      0.335     0.450       579.32368           6.3955990         44990
      0.376     0.450       508.62513           5.8142453         43256
      0.422     0.450       450.73364           5.3000497         42020
      0.473     0.450       399.87137           4.7686319         40724
      0.531     0.450       348.97425           4.3209699         38870
      0.596     0.450       303.33790           3.8366916         36959
      0.668     0.450       267.18840           3.5556270         35202
      0.750     0.450       235.62447           3.2196398         33780
      0.841     0.450       204.19074           2.9167418         31522
      0.944     0.450       169.30349           2.5116017         29522
      1.059     0.450       146.23162           2.2817001         27358
      1.189     0.450       124.14904           2.0295226         25301
      1.334     0.450       105.62044           1.8247110         23806
      1.496     0.450       87.474554           1.5841450         22044
      1.679     0.450       74.470369           1.3889166         20569
      1.884     0.450       59.906640           1.2083487         18649
      2.113     0.450       50.058137           1.0804986         17021
      2.371     0.450       42.874438          0.93805940         15493
      2.661     0.450       34.014738          0.78824275         14264
      2.985     0.450       28.414088          0.69455872         12797
      3.350     0.450       23.811463          0.61018788         11687
      3.758     0.450       18.998517          0.49947408         10500
      4.217     0.450       15.697613          0.42509250          9438
      4.732     0.450       13.832539          0.40766730          8709
      5.309     0.450       10.616029          0.33628740          7566
      5.957     0.450       8.5166494          0.28308549          6973
      6.683     0.450       6.9723811          0.23190298          6215
      7.499     0.450       5.9332805          0.22473295          5364
      8.414     0.450       4.5077436          0.17780789          4808
      9.441     0.450       3.9088111          0.16640721          4286
      0.106     0.550       1213.8907           10.938252         49253
      0.119     0.550       1158.0338           10.537658         50243
      0.133     0.550       1091.9346           9.9975143         50885
      0.150     0.550       1026.1499           9.5670727         51278
      0.168     0.550       933.36969           8.8284685         51646
      0.188     0.550       889.82103           8.5792188         51453
      0.211     0.550       820.07323           7.9556546         51798
      0.237     0.550       749.87589           7.4246900         50866
      0.266     0.550       694.09115           7.0807742         49947
      0.299     0.550       628.34589           6.5158873         49228
      0.335     0.550       556.83324           5.9285055         47744
      0.376     0.550       502.92693           5.4790893         46018
      0.422     0.550       436.44282           4.9332752         44237
      0.473     0.550       384.92710           4.4573943         42666
      0.531     0.550       342.30268           4.1950584         40443
      0.596     0.550       298.26090           3.7502899         38977
      0.668     0.550       259.25617           3.4150628         36379
      0.750     0.550       225.62457           3.0708236         34123
      0.841     0.550       190.81476           2.6962178         32452
      0.944     0.550       164.22288           2.4203802         30574
      1.059     0.550       142.95654           2.2146631         28176
      1.189     0.550       117.85797           1.9283487         26091
      1.334     0.550       99.116333           1.7010696         24018
      1.496     0.550       84.311398           1.5158934         22442
      1.679     0.550       69.350542           1.3078888         20627
      1.884     0.550       61.013893           1.2028088         18916
      2.113     0.550       49.791437           1.0173312         17292
      2.371     0.550       40.279663          0.88344634         15894
      2.661     0.550       33.285639          0.77229756         14396
      2.985     0.550       28.277505          0.68650840         12993
      3.350     0.550       23.581748          0.59643019         11846
      3.758     0.550       17.353808          0.44650413         10704
      4.217     0.550       15.228882          0.45272929          9572
      4.732     0.550       12.453376          0.36493733          8589
      5.309     0.550       10.015382          0.30240295          7558
      5.957     0.550       7.9755700          0.25036852          6948
      6.683     0.550       6.7076521          0.22304635          6097
      7.499     0.550       5.1783770          0.19404210          5363
      8.414     0.550       4.4342080          0.17009093          4834
      9.441     0.550       3.7830227          0.16528581          4379
      0.106     0.650       1161.0518           10.098731         52566
      0.119     0.650       1142.3652           9.9601720         53892
      0.133     0.650       1057.0424           9.3681763         54125
      0.150     0.650       986.75494           8.8610928         54096
      0.168     0.650       909.27739           8.3198528         54518
      0.188     0.650       863.60743           8.0409716         54164
      0.211     0.650       806.58053           7.5298000         53815
      0.237     0.650       743.75253           7.1460134         52943
      0.266     0.650       674.95094           6.6350015         52113
      0.299     0.650       606.06179           6.1678844         50555
      0.335     0.650       542.24752           5.7225771         49046
      0.376     0.650       497.51328           5.2982544         47750
      0.422     0.650       423.56348           4.7255148         45408
      0.473     0.650       387.66375           4.4419099         43469
      0.531     0.650       327.58831           3.9145861         40945
      0.596     0.650       289.38472           3.5859622         38892
      0.668     0.650       254.57261           3.3063134         37105
      0.750     0.650       216.31609           2.9582384         34362
      0.841     0.650       184.81313           2.6084276         32614
      0.944     0.650       157.77626           2.3629296         30276
      1.059     0.650       135.61874           2.1239311         28099
      1.189     0.650       113.08586           1.8384356         26153
      1.334     0.650       97.248211           1.6839020         23846
      1.496     0.650       81.152841           1.4733838         22201
      1.679     0.650       68.583323           1.3083505         20389
      1.884     0.650       54.081579           1.1090230         18442
      2.113     0.650       45.927298          0.96713432         16927
      2.371     0.650       38.407325          0.84356788         15339
      2.661     0.650       30.402077          0.71613313         13840
      2.985     0.650       27.118709          0.65031808         12686
      3.350     0.650       20.084954          0.52365644         11225
      3.758     0.650       18.890289          0.50604725         10517
      4.217     0.650       14.665014          0.42073861          9374
      4.732     0.650       12.000664          0.35205433          8315
      5.309     0.650       9.7409582          0.31683050          7420
      5.957     0.650       7.7661569          0.25490465          6613
      6.683     0.650       6.1202299          0.20180785          5944
      7.499     0.650       5.0582482          0.18427528          5220
      8.414     0.650       4.1635768          0.15803649          4711
      9.441     0.650       3.3966665          0.13386665          4141
      0.106     0.750       1151.5505           9.7131013         55047
      0.119     0.750       1097.9818           9.3509888         55671
      0.133     0.750       1029.9183           8.8730906         55847
      0.150     0.750       966.16482           8.4457615         56314
      0.168     0.750       904.16055           8.0098702         56174
      0.188     0.750       850.35426           7.6826890         56082
      0.211     0.750       774.73994           7.1775627         55863
      0.237     0.750       718.54134           6.7837356         54696
      0.266     0.750       657.82487           6.3611409         52731
      0.299     0.750       586.72648           5.8125633         51860
      0.335     0.750       546.87848           5.5820052         50204
      0.376     0.750       468.95350           4.9834643         48262
      0.422     0.750       425.67397           4.6675372         45984
      0.473     0.750       374.72151           4.2606419         43942
      0.531     0.750       326.89726           3.8809910         41169
      0.596     0.750       282.84979           3.4903498         39270
      0.668     0.750       242.79187           3.1322652         36706
      0.750     0.750       210.75851           2.8413275         34546
      0.841     0.750       181.34635           2.6054156         32057
      0.944     0.750       158.19387           2.3598910         30076
      1.059     0.750       133.64906           2.0961279         27872
      1.189     0.750       109.68229           1.8250595         25690
      1.334     0.750       93.132416           1.6227385         23826
      1.496     0.750       78.027466           1.4348811         21821
      1.679     0.750       66.226220           1.2678092         19949
      1.884     0.750       53.749768           1.0751470         18426
      2.113     0.750       44.683127          0.96369894         16355
      2.371     0.750       37.300613          0.83717966         15079
      2.661     0.750       30.324702          0.71508416         13568
      2.985     0.750       25.471536          0.63275388         12512
      3.350     0.750       20.808888          0.55837822         11073
      3.758     0.750       16.451305          0.45713562          9880
      4.217     0.750       13.576751          0.39539445          8846
      4.732     0.750       11.049180          0.34460673          7976
      5.309     0.750       9.8738837          0.33146818          7197
      5.957     0.750       7.6908712          0.26454145          6447
      6.683     0.750       6.3328940          0.22554391          5837
      7.499     0.750       4.8885184          0.18449580          5060
      8.414     0.750       3.7286301          0.14689728          4456
      9.441     0.750       3.2563499          0.13527170          3949
      0.106     0.850       1135.5828           9.2775717         57424
      0.119     0.850       1072.2241           8.9171437         57414
      0.133     0.850       1017.7735           8.5535054         58148
      0.150     0.850       936.91446           8.0938871         57662
      0.168     0.850       898.34086           7.8153743         58193
      0.188     0.850       833.65631           7.4241922         57441
      0.211     0.850       777.77273           7.0624454         56894
      0.237     0.850       726.38104           6.6972971         56120
      0.266     0.850       655.09297           6.2935052         54318
      0.299     0.850       592.81382           5.8214450         52610
      0.335     0.850       522.35223           5.3204787         50760
      0.376     0.850       480.39478           5.0521159         48855
      0.422     0.850       415.79740           4.5112920         47105
      0.473     0.850       373.61543           4.2449609         44279
      0.531     0.850       320.28383           3.7958417         41983
      0.596     0.850       281.70390           3.4569338         39493
      0.668     0.850       239.60148           3.1051086         36905
      0.750     0.850       205.34821           2.8247634         34569
      0.841     0.850       179.79033           2.5721654         32740
      0.944     0.850       154.44364           2.3331164         30185
      1.059     0.850       128.80437           2.0456808         27896
      1.189     0.850       106.68586           1.8092450         25578
      1.334     0.850       92.526182           1.6499331         23687
      1.496     0.850       76.442193           1.4199268         21605
      1.679     0.850       62.889606           1.2272324         19915
      1.884     0.850       54.044576           1.1013778         18531
      2.113     0.850       42.874890          0.94913962         16563
      2.371     0.850       35.930618          0.83620081         15066
      2.661     0.850       29.002187          0.70687066         13580
      2.985     0.850       23.511110          0.58047213         12293
      3.350     0.850       19.651344          0.52711320         11029
      3.758     0.850       15.822242          0.44268301          9860
      4.217     0.850       13.208220          0.39579931          8899
      4.732     0.850       11.184838          0.36534951          8099
      5.309     0.850       8.9786025          0.30059935          7019
      5.957     0.850       7.2610934          0.24830873          6271
      6.683     0.850       5.5889124          0.20602201          5673
      7.499     0.850       4.7757177          0.18788507          5003
      8.414     0.850       3.8088095          0.15844651          4241
      9.441     0.850       3.2126554          0.14367977          3800
      0.106     0.950       1129.5476           9.0457918         58798
      0.119     0.950       1062.7464           8.6667525         59232
      0.133     0.950       1007.4518           8.3228638         59590
      0.150     0.950       932.20797           7.8870334         59472
      0.168     0.950       884.94965           7.6176308         59413
      0.188     0.950       824.99621           7.2415141         58853
      0.211     0.950       786.27374           6.9843360         57978
      0.237     0.950       708.93787           6.4715115         56560
      0.266     0.950       639.85607           6.0848132         54990
      0.299     0.950       591.24322           5.7237097         53370
      0.335     0.950       526.32491           5.2995092         51373
      0.376     0.950       459.96433           4.8496442         48856
      0.422     0.950       406.66156           4.4417401         46230
      0.473     0.950       361.33158           4.1049683         44320
      0.531     0.950       306.17262           3.6581143         42044
      0.596     0.950       271.95673           3.3819927         39260
      0.668     0.950       238.55388           3.1331498         36881
      0.750     0.950       204.43712           2.7980599         34677
      0.841     0.950       172.44876           2.5080748         32000
      0.944     0.950       150.89608           2.2900879         30170
      1.059     0.950       125.15661           2.0025332         27628
      1.189     0.950       106.42230           1.8002884         25547
      1.334     0.950       88.978984           1.6005979         23353
      1.496     0.950       73.125468           1.3939157         21401
      1.679     0.950       61.314419           1.2157345         19365
      1.884     0.950       51.014327           1.0636129         18046
      2.113     0.950       40.660885          0.87839696         16221
      2.371     0.950       35.852229          0.83161280         15023
      2.661     0.950       28.770417          0.72145345         13428
      2.985     0.950       24.229478          0.60638022         12107
      3.350     0.950       19.517107          0.52062427         11051
      3.758     0.950       15.715904          0.45028119          9830
      4.217     0.950       13.418589          0.40331037          8994
      4.732     0.950       10.718109          0.33278111          7859
      5.309     0.950       8.8415447          0.31131967          7020
      5.957     0.950       6.9622015          0.23945200          6222
      6.683     0.950       6.0830051          0.23093780          5602
      7.499     0.950       4.8217737          0.18485103          4952
      8.414     0.950       3.4658679          0.14688905          4197
      9.441     0.950       2.8735969          0.12126748          3765
