 # tables0/fmax10_0401z.sou_nbe   
      0.112    -0.950       330.16884           3.0489338         51407
      0.141    -0.950       314.56693           2.9095864         52116
      0.178    -0.950       286.19849           2.7259647         51576
      0.224    -0.950       243.46154           2.4363367         48460
      0.282    -0.950       209.07194           2.1968278         44954
      0.355    -0.950       168.40769           1.9007482         40223
      0.447    -0.950       132.52260           1.6487696         35244
      0.562    -0.950       101.69348           1.3875605         30128
      0.708    -0.950       75.032915           1.1507969         25203
      0.891    -0.950       54.125994          0.94828536         20519
      1.122    -0.950       36.714085          0.72146177         16637
      1.413    -0.950       25.333076          0.57885029         13129
      1.778    -0.950       15.700849          0.40299023         10272
      2.239    -0.950       11.026820          0.33087392          7969
      2.818    -0.950       6.5970711          0.22660992          5940
      3.548    -0.950       4.4001208          0.18889397          4336
      4.467    -0.950       2.4304347          0.10842417          3163
      5.623    -0.950       1.3854514          0.79661505E-01      2292
      7.079    -0.950      0.81445914          0.51589062E-01      1597
      8.913    -0.950      0.47965775          0.35366500E-01      1100
      0.112    -0.850       246.64707           2.4690774         47951
      0.141    -0.850       235.65170           2.3664214         49162
      0.178    -0.850       218.73852           2.2312950         48587
      0.224    -0.850       199.56096           2.0841348         47256
      0.282    -0.850       170.42314           1.8609005         44286
      0.355    -0.850       143.18191           1.6288643         40646
      0.447    -0.850       114.95282           1.4234979         36184
      0.562    -0.850       91.567392           1.2312459         31036
      0.708    -0.850       70.991144           1.0381893         26433
      0.891    -0.850       51.495275          0.86029545         21781
      1.122    -0.850       36.758096          0.67647419         18019
      1.413    -0.850       25.459720          0.53348179         14255
      1.778    -0.850       17.628013          0.42024743         11225
      2.239    -0.850       10.952093          0.31557341          8579
      2.818    -0.850       7.2081287          0.23404813          6506
      3.548    -0.850       4.4891317          0.17136288          4831
      4.467    -0.850       2.8053159          0.12890939          3608
      5.623    -0.850       1.6425643          0.88314418E-01      2562
      7.079    -0.850      0.94582948          0.54131034E-01      1908
      8.913    -0.850      0.55210063          0.43835600E-01      1271
      0.112    -0.750       186.52623           1.8555242         45095
      0.141    -0.750       187.26863           1.8294790         46951
      0.178    -0.750       183.53862           1.8143170         47333
      0.224    -0.750       170.49366           1.7233689         46057
      0.282    -0.750       153.34656           1.6053232         44041
      0.355    -0.750       130.76380           1.4352874         40785
      0.447    -0.750       110.56494           1.3062533         36857
      0.562    -0.750       90.043762           1.1445883         32265
      0.708    -0.750       69.803929          0.98375911         27500
      0.891    -0.750       52.920972          0.82521642         23053
      1.122    -0.750       37.952226          0.66692486         19093
      1.413    -0.750       27.581230          0.54936084         15403
      1.778    -0.750       18.397525          0.42127303         12083
      2.239    -0.750       11.805469          0.31596244          9347
      2.818    -0.750       7.7405142          0.24313014          6973
      3.548    -0.750       4.9433492          0.17391140          5416
      4.467    -0.750       3.3680739          0.14687323          4045
      5.623    -0.750       1.9014615          0.94810842E-01      2979
      7.079    -0.750       1.1092996          0.63110725E-01      2010
      8.913    -0.750      0.60114701          0.45389335E-01      1424
      0.112    -0.650       192.75362           2.0170147         43208
      0.141    -0.650       187.66570           1.9295851         45276
      0.178    -0.650       186.55536           1.9205487         45723
      0.224    -0.650       169.84648           1.7637481         45408
      0.282    -0.650       155.48627           1.6557554         43598
      0.355    -0.650       135.33252           1.4987064         41010
      0.447    -0.650       115.49198           1.3455307         37553
      0.562    -0.650       92.795113           1.1742137         33305
      0.708    -0.650       74.652312           1.0149869         29287
      0.891    -0.650       55.644538          0.84205246         24435
      1.122    -0.650       41.202157          0.70088224         20178
      1.413    -0.650       28.417865          0.54554769         16277
      1.778    -0.650       20.043691          0.44511288         13115
      2.239    -0.650       13.890145          0.34768032         10416
      2.818    -0.650       8.9069376          0.25884159          8034
      3.548    -0.650       5.4672402          0.17904145          5882
      4.467    -0.650       3.2641071          0.14108874          4352
      5.623    -0.650       2.0803522          0.95714788E-01      3256
      7.079    -0.650       1.2568287          0.69800188E-01      2326
      8.913    -0.650      0.69813585          0.42100899E-01      1615
      0.112    -0.550       235.91730           2.6751535         40990
      0.141    -0.550       227.97376           2.5555718         43168
      0.178    -0.550       215.32859           2.3779900         44535
      0.224    -0.550       198.64356           2.2415914         44304
      0.282    -0.550       173.21044           1.9657811         43171
      0.355    -0.550       148.56762           1.7350123         41054
      0.447    -0.550       122.48354           1.5046245         37749
      0.562    -0.550       102.32339           1.3184910         33908
      0.708    -0.550       80.813673           1.1216225         29843
      0.891    -0.550       59.923955          0.91035615         25543
      1.122    -0.550       43.355187          0.73563182         21277
      1.413    -0.550       31.609860          0.58870855         17583
      1.778    -0.550       22.398526          0.46692797         14431
      2.239    -0.550       15.183764          0.37256028         10946
      2.818    -0.550       9.0788451          0.25487959          8507
      3.548    -0.550       6.3192852          0.20205843          6487
      4.467    -0.550       3.7939367          0.13889023          4844
      5.623    -0.550       2.5083785          0.11587175          3712
      7.079    -0.550       1.4525888          0.73929150E-01      2630
      8.913    -0.550      0.89820476          0.52332211E-01      1911
      0.112    -0.450       284.92216           3.3633337         38621
      0.141    -0.450       282.16254           3.2364605         41495
      0.178    -0.450       257.27373           2.9302437         42230
      0.224    -0.450       228.16132           2.6294072         42481
      0.282    -0.450       193.95123           2.2917111         41404
      0.355    -0.450       168.26047           2.0269486         40251
      0.447    -0.450       133.96062           1.6563625         37198
      0.562    -0.450       111.00801           1.4699269         34088
      0.708    -0.450       86.444287           1.2233625         30360
      0.891    -0.450       65.849023          0.99914175         26426
      1.122    -0.450       49.199615          0.80877492         22706
      1.413    -0.450       36.071514          0.67447289         18659
      1.778    -0.450       24.102044          0.50114827         15324
      2.239    -0.450       17.141222          0.38884926         12352
      2.818    -0.450       10.952532          0.28607485          9607
      3.548    -0.450       7.0159248          0.21685195          7467
      4.467    -0.450       4.7601282          0.17052927          5609
      5.623    -0.450       2.7164832          0.10777539          4146
      7.079    -0.450       1.7439692          0.79727721E-01      3119
      8.913    -0.450      0.97840711          0.51481158E-01      2170
      0.112    -0.350       366.51337           4.3426647         36144
      0.141    -0.350       345.10624           4.0587018         38088
      0.178    -0.350       312.28412           3.7445395         39420
      0.224    -0.350       267.47108           3.2301300         39379
      0.282    -0.350       239.59821           2.9362869         39151
      0.355    -0.350       198.38639           2.4935031         38007
      0.447    -0.350       162.47557           2.1196502         36082
      0.562    -0.350       128.72545           1.7252700         32972
      0.708    -0.350       99.870536           1.4371445         30082
      0.891    -0.350       77.823720           1.1968897         26628
      1.122    -0.350       57.163954          0.96681176         23020
      1.413    -0.350       40.238888          0.75084601         19632
      1.778    -0.350       27.216488          0.58064320         15914
      2.239    -0.350       19.470009          0.45963127         13244
      2.818    -0.350       12.985875          0.33624868         10531
      3.548    -0.350       7.9363730          0.23167664          8328
      4.467    -0.350       5.7393158          0.19006667          6510
      5.623    -0.350       3.2644190          0.12181684          4707
      7.079    -0.350       2.0589265          0.94767334E-01      3553
      8.913    -0.350       1.2446456          0.66780227E-01      2601
      0.112    -0.250       511.47289           6.1457896         32869
      0.141    -0.250       476.83015           5.7927475         34094
      0.178    -0.250       412.97378           5.1345538         35194
      0.224    -0.250       355.08838           4.4865337         35015
      0.282    -0.250       299.28351           3.8631901         35049
      0.355    -0.250       248.89958           3.4054854         33764
      0.447    -0.250       196.81369           2.7651852         32458
      0.562    -0.250       151.11278           2.2414060         30220
      0.708    -0.250       118.10769           1.8792590         27770
      0.891    -0.250       88.135058           1.4418710         24759
      1.122    -0.250       64.961135           1.1751480         21717
      1.413    -0.250       45.517359          0.87841139         18860
      1.778    -0.250       32.589835          0.69504910         16335
      2.239    -0.250       21.521925          0.49452800         13444
      2.818    -0.250       14.749845          0.38699909         11046
      3.548    -0.250       9.6018960          0.26963358          8836
      4.467    -0.250       6.1567131          0.18928210          6926
      5.623    -0.250       4.0189986          0.14188004          5402
      7.079    -0.250       2.7281383          0.10783468          4150
      8.913    -0.250       1.5364604          0.70726046E-01      3035
      0.112    -0.150       793.85573           10.544844         26601
      0.141    -0.150       674.40309           9.2121276         27393
      0.178    -0.150       609.30198           8.5348651         27618
      0.224    -0.150       489.84889           7.1118029         27514
      0.282    -0.150       400.58613           6.0995845         26755
      0.355    -0.150       325.44005           5.1578042         26297
      0.447    -0.150       243.87607           4.0657822         24825
      0.562    -0.150       185.20391           3.2222285         23211
      0.708    -0.150       137.57366           2.4990911         21395
      0.891    -0.150       106.25348           2.1527003         19753
      1.122    -0.150       70.109151           1.4352431         17429
      1.413    -0.150       53.278393           1.1638567         16057
      1.778    -0.150       36.764753          0.86014707         13809
      2.239    -0.150       24.880025          0.62880069         11648
      2.818    -0.150       16.080043          0.44302004          9744
      3.548    -0.150       11.841919          0.36165372          8268
      4.467    -0.150       7.7133254          0.25647684          6625
      5.623    -0.150       5.0092803          0.17796470          5269
      7.079    -0.150       3.0191384          0.12382020          3995
      8.913    -0.150       2.1565038          0.96425141E-01      3153
      0.112    -0.050       1265.8644           29.610083         13305
      0.141    -0.050       1117.2999           28.295087         13538
      0.178    -0.050       890.84568           22.822933         12993
      0.224    -0.050       716.35080           19.731889         12590
      0.282    -0.050       579.23343           16.310581         12245
      0.355    -0.050       463.29414           13.914371         11606
      0.447    -0.050       317.04374           10.100365         10819
      0.562    -0.050       227.77289           7.5503000          9844
      0.708    -0.050       173.26479           5.7779531          9221
      0.891    -0.050       115.70244           4.1498521          8296
      1.122    -0.050       81.778534           3.3080104          7483
      1.413    -0.050       54.547813           2.1207082          6492
      1.778    -0.050       40.200254           1.6232541          5975
      2.239    -0.050       27.923176           1.3376174          4988
      2.818    -0.050       18.916567          0.91931666          4437
      3.548    -0.050       11.839386          0.53791248          3763
      4.467    -0.050       8.3236595          0.45285577          3194
      5.623    -0.050       5.6455791          0.33974629          2539
      7.079    -0.050       3.9856881          0.24110646          2077
      8.913    -0.050       2.6496499          0.21210684          1660
      0.112     0.050       1280.6295           30.863476         13045
      0.141     0.050       1095.5992           27.496586         13153
      0.178     0.050       874.21869           23.018598         12826
      0.224     0.050       711.25642           19.329381         12448
      0.282     0.050       569.14323           16.415823         11897
      0.355     0.050       414.91977           13.103552         11451
      0.447     0.050       308.12424           10.462813         10643
      0.562     0.050       224.16301           7.3521059          9753
      0.708     0.050       163.47601           5.5747647          8955
      0.891     0.050       120.54111           4.7070519          8327
      1.122     0.050       80.523867           3.1154809          7438
      1.413     0.050       55.297667           2.2058218          6505
      1.778     0.050       36.060214           1.5370588          5662
      2.239     0.050       27.964021           1.3647617          4977
      2.818     0.050       17.010385          0.88794094          4309
      3.548     0.050       11.203320          0.48530778          3647
      4.467     0.050       8.7281914          0.49334217          3138
      5.623     0.050       5.3026520          0.29242689          2494
      7.079     0.050       3.3761140          0.19326441          2022
      8.913     0.050       2.4303181          0.17169217          1601
      0.112     0.150       839.08143           11.102586         26971
      0.141     0.150       769.08767           10.422005         27854
      0.178     0.150       626.22242           8.8321573         27733
      0.224     0.150       519.22771           7.5646619         27644
      0.282     0.150       413.26207           6.3440119         26795
      0.355     0.150       322.37891           5.2205644         25870
      0.447     0.150       246.63340           4.0461568         24568
      0.562     0.150       188.71102           3.3568503         23016
      0.708     0.150       140.08527           2.6054643         21209
      0.891     0.150       98.719166           1.8785315         19670
      1.122     0.150       72.485760           1.4936064         17659
      1.413     0.150       49.092005           1.1013862         15290
      1.778     0.150       36.337925          0.86027373         13567
      2.239     0.150       25.481865          0.66308438         11361
      2.818     0.150       17.554335          0.48879189          9979
      3.548     0.150       11.641215          0.35948583          7971
      4.467     0.150       7.6676810          0.25296965          6589
      5.623     0.150       5.0758577          0.18035180          5329
      7.079     0.150       3.3475798          0.12711209          4153
      8.913     0.150       2.0908777          0.99869922E-01      3038
      0.112     0.250       661.86483           7.6220906         34501
      0.141     0.250       604.24092           7.0775990         35926
      0.178     0.250       519.44543           6.2848537         36332
      0.224     0.250       428.40930           5.3438724         36178
      0.282     0.250       348.79230           4.5005565         35870
      0.355     0.250       280.48053           3.8594791         34007
      0.447     0.250       219.26264           3.0842713         32665
      0.562     0.250       163.16820           2.4065653         30087
      0.708     0.250       121.66579           1.9128991         27696
      0.891     0.250       91.467843           1.5234654         25013
      1.122     0.250       66.119610           1.1978475         21779
      1.413     0.250       46.342137          0.90614366         18769
      1.778     0.250       34.601215          0.73148883         16228
      2.239     0.250       22.221980          0.51821974         13272
      2.818     0.250       15.091445          0.39145467         11020
      3.548     0.250       9.1188326          0.25840142          8370
      4.467     0.250       6.3922217          0.20701460          6718
      5.623     0.250       3.9589421          0.13640919          5228
      7.079     0.250       2.6189897          0.10654564          3989
      8.913     0.250       1.5654565          0.75146374E-01      2884
      0.112     0.350       569.62525           6.0466550         40461
      0.141     0.350       525.64392           5.6046324         42072
      0.178     0.350       454.14554           5.0046246         42562
      0.224     0.350       391.11478           4.4023373         42374
      0.282     0.350       316.08434           3.7281234         41588
      0.355     0.350       254.60501           3.1306223         39734
      0.447     0.350       200.18416           2.6015840         37032
      0.562     0.350       154.13321           2.1013028         33976
      0.708     0.350       115.45500           1.6676191         30530
      0.891     0.350       87.234461           1.3674776         27152
      1.122     0.350       61.076036           1.0442591         23256
      1.413     0.350       40.874857          0.78080635         19427
      1.778     0.350       29.877093          0.62803252         16439
      2.239     0.350       19.714459          0.46994139         13220
      2.818     0.350       12.810102          0.33686337         10622
      3.548     0.350       8.4645924          0.24911513          8355
      4.467     0.350       5.5204729          0.19448485          6366
      5.623     0.350       3.4553126          0.12316910          4847
      7.079     0.350       2.1789065          0.99155079E-01      3502
      8.913     0.350       1.2423399          0.57602867E-01      2605
      0.112     0.450       529.10803           5.3086210         44675
      0.141     0.450       473.39655           4.7852312         46385
      0.178     0.450       425.27675           4.3488792         47405
      0.224     0.450       354.71634           3.7813443         46751
      0.282     0.450       300.78125           3.3437077         44992
      0.355     0.450       239.94432           2.8020352         42194
      0.447     0.450       188.05913           2.3209142         38997
      0.562     0.450       146.91459           1.9649745         35184
      0.708     0.450       110.10564           1.5715403         31249
      0.891     0.450       78.889238           1.2133940         27306
      1.122     0.450       58.356278           1.0175555         22820
      1.413     0.450       38.936486          0.76382676         18843
      1.778     0.450       26.411935          0.56738695         15437
      2.239     0.450       16.670376          0.41012484         12209
      2.818     0.450       11.321788          0.32144406          9569
      3.548     0.450       7.3267141          0.23037426          7452
      4.467     0.450       4.5060460          0.15743902          5549
      5.623     0.450       2.6973405          0.10472682          4122
      7.079     0.450       1.8253833          0.84944749E-01      3030
      8.913     0.450       1.0746794          0.55555538E-01      2153
      0.112     0.550       505.18758           4.7476192         48784
      0.141     0.550       467.96490           4.4662599         50641
      0.178     0.550       401.83652           3.9577084         50348
      0.224     0.550       347.82025           3.5247971         49461
      0.282     0.550       286.23695           3.0581604         47177
      0.355     0.550       226.59014           2.5555475         43718
      0.447     0.550       184.76804           2.2113428         40361
      0.562     0.550       141.50471           1.8371943         35522
      0.708     0.550       102.58867           1.4578058         30849
      0.891     0.550       75.852357           1.1940565         26160
      1.122     0.550       52.118968          0.92707915         21930
      1.413     0.550       36.703682          0.72629055         17902
      1.778     0.550       24.487929          0.54557420         14384
      2.239     0.550       15.825282          0.40136804         11312
      2.818     0.550       10.242378          0.30026448          8710
      3.548     0.550       6.3646208          0.21878590          6498
      4.467     0.550       4.1859019          0.16392923          4964
      5.623     0.550       2.4636079          0.11644154          3581
      7.079     0.550       1.2981828          0.64278422E-01      2524
      8.913     0.550      0.87659722          0.58635016E-01      1863
      0.112     0.650       477.18521           4.3466107         51189
      0.141     0.650       438.51892           4.0653957         52158
      0.178     0.650       385.94999           3.6711042         52492
      0.224     0.650       330.90443           3.2734285         50498
      0.282     0.650       281.88928           2.9160037         48005
      0.355     0.650       222.34137           2.4574152         44031
      0.447     0.650       176.76550           2.1160605         39541
      0.562     0.650       133.24951           1.7474380         34450
      0.708     0.650       97.880602           1.4036174         29841
      0.891     0.650       71.249225           1.1373527         25040
      1.122     0.650       48.847798          0.89020889         20516
      1.413     0.650       33.414792          0.67135306         16654
      1.778     0.650       22.753476          0.51692315         13419
      2.239     0.650       14.331934          0.37886067         10304
      2.818     0.650       9.2398453          0.28751795          7916
      3.548     0.650       5.5473677          0.19446851          6044
      4.467     0.650       3.5146595          0.13950396          4303
      5.623     0.650       2.0410774          0.95689750E-01      3202
      7.079     0.650       1.2418401          0.70465827E-01      2283
      8.913     0.650      0.71663666          0.44724488E-01      1590
      0.112     0.750       465.60374           4.1457766         53462
      0.141     0.750       435.96132           3.9432230         54050
      0.178     0.750       379.51405           3.5208314         53434
      0.224     0.750       318.69317           3.0946209         51062
      0.282     0.750       270.45458           2.7702802         47733
      0.355     0.750       214.11822           2.3890290         43250
      0.447     0.750       166.93968           2.0082529         38290
      0.562     0.750       124.79133           1.6443023         33664
      0.708     0.750       92.434380           1.3548542         28443
      0.891     0.750       65.526372           1.0759691         23676
      1.122     0.750       45.195991          0.83447992         19166
      1.413     0.750       30.900704          0.66417381         15290
      1.778     0.750       20.295802          0.50763058         12009
      2.239     0.750       13.235919          0.37778587          9384
      2.818     0.750       7.8500946          0.24609260          7071
      3.548     0.750       4.8356054          0.18468525          5303
      4.467     0.750       3.0986826          0.13347485          3860
      5.623     0.750       1.9600918          0.10048597          2782
      7.079     0.750       1.0859744          0.58801197E-01      1999
      8.913     0.750      0.57890697          0.38247890E-01      1454
      0.112     0.850       465.87834           3.9983162         55300
      0.141     0.850       422.67669           3.7465090         54884
      0.178     0.850       366.69425           3.3706491         53308
      0.224     0.850       310.61866           3.0084323         50894
      0.282     0.850       256.32359           2.6358052         47063
      0.355     0.850       208.01431           2.2962067         42807
      0.447     0.850       163.31469           1.9580102         37631
      0.562     0.850       122.15184           1.6408503         32212
      0.708     0.850       89.228694           1.3292277         27365
      0.891     0.850       61.371142           1.0368117         22461
      1.122     0.850       42.022785          0.79681073         18162
      1.413     0.850       28.465872          0.61575817         14379
      1.778     0.850       18.543461          0.46407135         11358
      2.239     0.850       11.409237          0.33853558          8616
      2.818     0.850       7.1931018          0.25151795          6403
      3.548     0.850       4.3179644          0.17064951          4802
      4.467     0.850       2.7930929          0.13481421          3451
      5.623     0.850       1.7507768          0.90681882E-01      2590
      7.079     0.850      0.97942537          0.59867494E-01      1857
      8.913     0.850      0.64681920          0.49177987E-01      1342
      0.112     0.950       446.29008           3.8275661         55175
      0.141     0.950       414.57363           3.6298143         54943
      0.178     0.950       359.11618           3.2654112         53129
      0.224     0.950       307.63548           2.9384048         50277
      0.282     0.950       250.01558           2.5529139         46184
      0.355     0.950       200.70855           2.2108123         41250
      0.447     0.950       155.08209           1.8774266         36139
      0.562     0.950       111.78832           1.5394357         30411
      0.708     0.950       84.176655           1.2765452         25737
      0.891     0.950       58.942359           1.0266998         20963
      1.122     0.950       40.033651          0.78542764         16619
      1.413     0.950       26.376750          0.59622215         13307
      1.778     0.950       17.172587          0.43896311         10370
      2.239     0.950       10.332818          0.31299875          7759
      2.818     0.950       6.3904182          0.21887175          5938
      3.548     0.950       4.3162850          0.17737558          4364
      4.467     0.950       2.4173567          0.11286993          3118
      5.623     0.950       1.3932943          0.77006600E-01      2258
      7.079     0.950      0.87687960          0.61739782E-01      1649
      8.913     0.950      0.62128759          0.48223603E-01      1202
