 # fmax10_0311z.kam_nbe   
      0.112    -0.950       256.22438           2.4269494         49857
      0.141    -0.950       252.81587           2.4016654         50800
      0.178    -0.950       226.38087           2.1958965         49442
      0.224    -0.950       207.67728           2.0877807         47217
      0.282    -0.950       175.72496           1.8535384         44077
      0.355    -0.950       148.34339           1.6671531         39671
      0.447    -0.950       121.34730           1.4675415         34875
      0.562    -0.950       94.076132           1.2611831         30141
      0.708    -0.950       69.538456           1.0474262         25551
      0.891    -0.950       51.490911          0.86721426         21079
      1.122    -0.950       35.670806          0.68903713         16685
      1.413    -0.950       25.260517          0.56352044         13310
      1.778    -0.950       16.796924          0.41992416         10496
      2.239    -0.950       10.334763          0.31335023          7902
      2.818    -0.950       6.6143573          0.23458486          5947
      3.548    -0.950       4.0835717          0.16895699          4389
      4.467    -0.950       2.5771520          0.11914796          3262
      5.623    -0.950       1.4099696          0.77944424E-01      2234
      7.079    -0.950      0.82036618          0.55897745E-01      1534
      8.913    -0.950      0.51156997          0.37618324E-01      1172
      0.112    -0.850       268.58548           2.6375995         48902
      0.141    -0.850       257.82860           2.5445416         50261
      0.178    -0.850       239.72655           2.3789592         49614
      0.224    -0.850       211.94524           2.1553552         48007
      0.282    -0.850       184.34080           1.9575556         44721
      0.355    -0.850       155.01658           1.7446905         40797
      0.447    -0.850       125.03426           1.5126191         36371
      0.562    -0.850       99.076282           1.3097558         31707
      0.708    -0.850       74.953172           1.0947304         26709
      0.891    -0.850       53.310308          0.88473616         21965
      1.122    -0.850       38.808835          0.71712222         18153
      1.413    -0.850       26.519804          0.56744750         14270
      1.778    -0.850       17.787131          0.43618868         11286
      2.239    -0.850       11.246022          0.31775110          8709
      2.818    -0.850       7.1104176          0.23346681          6590
      3.548    -0.850       4.3247995          0.17203568          4786
      4.467    -0.850       2.7210758          0.12309344          3512
      5.623    -0.850       1.5450789          0.80319485E-01      2483
      7.079    -0.850      0.93262032          0.50332926E-01      1892
      8.913    -0.850      0.57024792          0.41880374E-01      1288
      0.112    -0.750       297.84122           2.9609753         48376
      0.141    -0.750       286.28115           2.8041266         49411
      0.178    -0.750       259.28246           2.6123693         49593
      0.224    -0.750       227.98517           2.3383926         47946
      0.282    -0.750       197.36599           2.1137878         45386
      0.355    -0.750       164.85351           1.8811857         41959
      0.447    -0.750       133.69539           1.6247049         37407
      0.562    -0.750       104.87525           1.3795471         32667
      0.708    -0.750       77.125278           1.1203856         28031
      0.891    -0.750       58.469635          0.93951488         23618
      1.122    -0.750       41.736233          0.76442214         19256
      1.413    -0.750       28.315247          0.59641434         15365
      1.778    -0.750       18.819787          0.45306102         12036
      2.239    -0.750       12.315434          0.34516353          9391
      2.818    -0.750       8.1632934          0.26797967          7083
      3.548    -0.750       4.9126180          0.18102906          5290
      4.467    -0.750       3.1435984          0.13176127          3968
      5.623    -0.750       1.7734997          0.89819022E-01      2801
      7.079    -0.750       1.0859064          0.62899884E-01      2075
      8.913    -0.750      0.67964063          0.48186466E-01      1512
      0.112    -0.650       300.15829           3.1061286         45653
      0.141    -0.650       285.77872           2.9401089         47747
      0.178    -0.650       264.62863           2.7454119         47711
      0.224    -0.650       236.47094           2.5152821         47399
      0.282    -0.650       202.80323           2.2160284         45142
      0.355    -0.650       165.17488           1.9054475         41756
      0.447    -0.650       139.37213           1.7056963         38107
      0.562    -0.650       106.23192           1.3993158         33479
      0.708    -0.650       80.935815           1.1876909         28678
      0.891    -0.650       63.945644          0.99801019         24983
      1.122    -0.650       43.448028          0.76229396         20366
      1.413    -0.650       31.469714          0.63767307         16399
      1.778    -0.650       20.507974          0.48040883         13031
      2.239    -0.650       13.644364          0.35474896         10373
      2.818    -0.650       8.7197931          0.26595875          7755
      3.548    -0.650       5.4800582          0.18823231          5837
      4.467    -0.650       3.3834410          0.13600205          4377
      5.623    -0.650       2.0004637          0.93739708E-01      3183
      7.079    -0.650       1.2736298          0.69321490E-01      2346
      8.913    -0.650      0.77473374          0.49923669E-01      1625
      0.112    -0.550       283.40904           3.1248394         42306
      0.141    -0.550       265.45869           2.9098837         44413
      0.178    -0.550       250.74566           2.7493349         45637
      0.224    -0.550       220.51335           2.4314132         44890
      0.282    -0.550       187.66195           2.1556568         43122
      0.355    -0.550       159.94719           1.8888786         41061
      0.447    -0.550       133.24095           1.6602920         37948
      0.562    -0.550       108.45871           1.4210594         34163
      0.708    -0.550       83.332205           1.1906221         29892
      0.891    -0.550       62.725089          0.98656576         25544
      1.122    -0.550       45.653291          0.76465293         21343
      1.413    -0.550       31.647236          0.61118446         17472
      1.778    -0.550       21.970588          0.47762189         14178
      2.239    -0.550       14.613410          0.36302507         10964
      2.818    -0.550       9.9896914          0.28270582          8746
      3.548    -0.550       6.1511622          0.19648108          6410
      4.467    -0.550       3.8048961          0.14122227          4872
      5.623    -0.550       2.3420150          0.10261081          3570
      7.079    -0.550       1.5579341          0.80199430E-01      2573
      8.913    -0.550      0.87197147          0.48449259E-01      1887
      0.112    -0.450       266.02932           3.2148891         37942
      0.141    -0.450       260.37858           3.1294557         40276
      0.178    -0.450       233.86617           2.7717059         41523
      0.224    -0.450       209.90002           2.5242742         41486
      0.282    -0.450       180.81203           2.2034262         40955
      0.355    -0.450       156.52362           1.9580289         39336
      0.447    -0.450       128.42914           1.6516395         36560
      0.562    -0.450       102.43188           1.3939249         33148
      0.708    -0.450       81.309046           1.1610049         30089
      0.891    -0.450       61.636147          0.96229274         26001
      1.122    -0.450       46.322138          0.79053585         22338
      1.413    -0.450       33.797914          0.62430331         18704
      1.778    -0.450       24.816189          0.50916723         15380
      2.239    -0.450       16.358089          0.37964265         12183
      2.818    -0.450       10.465605          0.27541176          9397
      3.548    -0.450       6.8610440          0.21179762          7299
      4.467    -0.450       4.4829165          0.15232341          5675
      5.623    -0.450       2.7117000          0.10854830          4138
      7.079    -0.450       1.6709924          0.77570542E-01      2972
      8.913    -0.450      0.95049480          0.47840395E-01      2079
      0.112    -0.350       280.59657           3.7030717         33530
      0.141    -0.350       263.80483           3.4161881         35456
      0.178    -0.350       242.60918           3.1602563         36942
      0.224    -0.350       209.26709           2.7371156         37379
      0.282    -0.350       185.83359           2.4863724         37199
      0.355    -0.350       156.17990           2.0917209         36515
      0.447    -0.350       127.19321           1.7628008         34459
      0.562    -0.350       105.17667           1.5039184         32067
      0.708    -0.350       83.911383           1.2443570         29229
      0.891    -0.350       62.994594          0.99871490         25895
      1.122    -0.350       48.325838          0.82145476         22818
      1.413    -0.350       35.185596          0.64057618         19301
      1.778    -0.350       24.735602          0.50662923         16165
      2.239    -0.350       17.590217          0.39167892         13193
      2.818    -0.350       12.059671          0.30794151         10337
      3.548    -0.350       8.0402926          0.23936232          8201
      4.467    -0.350       5.0965909          0.16340396          6344
      5.623    -0.350       3.3057498          0.12302401          4711
      7.079    -0.350       1.9909863          0.78424360E-01      3619
      8.913    -0.350       1.1540761          0.54433810E-01      2600
      0.112    -0.250       312.27392           4.4889012         28443
      0.141    -0.250       286.69943           4.0926257         29914
      0.178    -0.250       254.69623           3.6355015         30827
      0.224    -0.250       228.91793           3.3241018         31542
      0.282    -0.250       198.04189           2.9647656         31438
      0.355    -0.250       166.71884           2.4789715         31152
      0.447    -0.250       135.89010           2.0627678         29892
      0.562    -0.250       108.04521           1.7239344         27777
      0.708    -0.250       84.239958           1.3371437         26094
      0.891    -0.250       65.761586           1.1383390         23731
      1.122    -0.250       49.638556          0.88101168         21251
      1.413    -0.250       38.060606          0.73270343         18413
      1.778    -0.250       27.033438          0.54505111         15988
      2.239    -0.250       19.773022          0.46205073         13458
      2.818    -0.250       13.172486          0.33198727         11012
      3.548    -0.250       8.8600499          0.23380751          8828
      4.467    -0.250       5.9260240          0.17835851          6911
      5.623    -0.250       3.9003555          0.14127702          5242
      7.079    -0.250       2.4912846          0.10375451          3996
      8.913    -0.250       1.5328793          0.66014781E-01      3018
      0.112    -0.150       345.00105           5.5785686         21491
      0.141    -0.150       314.54420           5.1589585         22362
      0.178    -0.150       284.50322           4.6398739         23229
      0.224    -0.150       248.26108           4.1514609         23393
      0.282    -0.150       219.66432           3.7834167         23346
      0.355    -0.150       176.33947           3.0268300         22922
      0.447    -0.150       146.44977           2.6919017         22213
      0.562    -0.150       112.09082           2.0976631         21109
      0.708    -0.150       86.059027           1.6630426         19650
      0.891    -0.150       67.620998           1.4080535         18358
      1.122    -0.150       53.528865           1.1458121         16745
      1.413    -0.150       40.063840          0.87201739         14925
      1.778    -0.150       29.028941          0.68301282         13174
      2.239    -0.150       21.159398          0.53656355         11311
      2.818    -0.150       15.527715          0.41043577          9839
      3.548    -0.150       10.183419          0.28150099          8210
      4.467    -0.150       7.0561866          0.21263380          6493
      5.623    -0.150       4.7548495          0.16704836          5318
      7.079    -0.150       3.1236545          0.12521217          4063
      8.913    -0.150       1.9056765          0.86484835E-01      3095
      0.112    -0.050       444.67149           12.928620         10231
      0.141    -0.050       401.29905           12.136636         10398
      0.178    -0.050       340.19150           9.6008844         10480
      0.224    -0.050       327.93981           10.880574         10439
      0.282    -0.050       282.15640           9.5996141         10193
      0.355    -0.050       210.25136           6.8069805         10174
      0.447    -0.050       178.81996           6.1628591          9552
      0.562    -0.050       129.06590           4.6199374          8897
      0.708    -0.050       99.494971           3.3691232          8391
      0.891    -0.050       80.795961           3.2277415          7763
      1.122    -0.050       59.809863           2.4562560          6798
      1.413    -0.050       43.442905           1.9406922          6286
      1.778    -0.050       32.115363           1.4228217          5581
      2.239    -0.050       24.845493           1.3404455          4975
      2.818    -0.050       16.407698          0.80627304          4124
      3.548    -0.050       11.823723          0.60325421          3598
      4.467    -0.050       8.4608278          0.40021192          3205
      5.623    -0.050       5.2435046          0.29013615          2522
      7.079    -0.050       3.6408584          0.22156498          2077
      8.913    -0.050       2.0836677          0.16102724          1636
      0.112     0.050       421.98211           12.757234         10252
      0.141     0.050       386.40084           11.746847         10484
      0.178     0.050       338.34399           9.6190185         10570
      0.224     0.050       332.27665           10.647071         10563
      0.282     0.050       266.77481           8.7119272         10469
      0.355     0.050       208.78017           7.0256179          9955
      0.447     0.050       170.97998           5.7341615          9485
      0.562     0.050       135.92621           4.7084913          9019
      0.708     0.050       99.751343           3.4067305          8333
      0.891     0.050       76.696399           2.8590266          7800
      1.122     0.050       59.084469           2.2856120          7005
      1.413     0.050       43.124676           1.7623939          6327
      1.778     0.050       32.330114           1.4279544          5529
      2.239     0.050       22.531184           1.2764034          4838
      2.818     0.050       14.639390          0.77567085          4069
      3.548     0.050       11.706895          0.63177981          3578
      4.467     0.050       8.1367756          0.44008169          3008
      5.623     0.050       5.5233097          0.31081246          2567
      7.079     0.050       3.3807877          0.21449253          1976
      8.913     0.050       2.2660083          0.17296287          1608
      0.112     0.150       284.46541           4.3381131         21558
      0.141     0.150       259.64836           3.9588024         21885
      0.178     0.150       253.30090           3.8612546         23437
      0.224     0.150       220.89989           3.4187663         23238
      0.282     0.150       190.55221           3.0273961         23193
      0.355     0.150       169.37442           2.8243812         22921
      0.447     0.150       138.45372           2.3888813         22381
      0.562     0.150       112.13402           1.9859725         21006
      0.708     0.150       90.646192           1.6610970         19936
      0.891     0.150       70.794742           1.3673806         18376
      1.122     0.150       53.625511           1.1018842         16458
      1.413     0.150       40.876209          0.87801286         15011
      1.778     0.150       29.781169          0.69355565         13146
      2.239     0.150       21.466701          0.55528685         11337
      2.818     0.150       15.206320          0.41334608          9610
      3.548     0.150       10.702333          0.31445781          8070
      4.467     0.150       7.3489936          0.23490807          6674
      5.623     0.150       4.8966000          0.16958379          5193
      7.079     0.150       3.2238139          0.12893375          4080
      8.913     0.150       2.2273208          0.10112858          3116
      0.112     0.250       220.81138           2.9233574         27132
      0.141     0.250       212.30952           2.7811359         28999
      0.178     0.250       204.92905           2.6692080         30178
      0.224     0.250       183.89593           2.4310624         30681
      0.282     0.250       169.75583           2.2578644         31040
      0.355     0.250       143.20269           1.9442494         30547
      0.447     0.250       124.89648           1.7670351         29656
      0.562     0.250       104.63295           1.5491678         28079
      0.708     0.250       83.335162           1.3118592         26027
      0.891     0.250       65.035180           1.0721803         24045
      1.122     0.250       48.994783          0.85002400         21445
      1.413     0.250       37.180245          0.70853186         18258
      1.778     0.250       27.940408          0.58247611         16081
      2.239     0.250       19.722135          0.44179272         13428
      2.818     0.250       13.976744          0.36222643         10734
      3.548     0.250       9.0265006          0.25847998          8945
      4.467     0.250       6.1185913          0.19500225          6910
      5.623     0.250       3.9637175          0.14962266          5279
      7.079     0.250       2.5697106          0.10290244          3967
      8.913     0.250       1.5505177          0.68719597E-01      3015
      0.112     0.350       199.03798           2.3360422         32337
      0.141     0.350       191.15155           2.2641976         34133
      0.178     0.350       185.41832           2.1799746         35860
      0.224     0.350       169.75049           2.0260525         36282
      0.282     0.350       153.59893           1.8402518         36312
      0.355     0.350       139.18468           1.7297191         35560
      0.447     0.350       119.51555           1.5511622         33957
      0.562     0.350       101.85213           1.3651343         31868
      0.708     0.350       78.296142           1.1299512         28662
      0.891     0.350       63.389720          0.96410341         25788
      1.122     0.350       48.059725          0.79385376         22727
      1.413     0.350       35.890069          0.64780287         19270
      1.778     0.350       25.849496          0.52880840         16116
      2.239     0.350       17.718035          0.40120979         13260
      2.818     0.350       12.251115          0.31002830         10462
      3.548     0.350       8.2228385          0.23690776          8233
      4.467     0.350       5.2671097          0.17921680          6366
      5.623     0.350       3.3616932          0.12714335          4794
      7.079     0.350       2.0790699          0.89846422E-01      3613
      8.913     0.350       1.1765379          0.56446207E-01      2483
      0.112     0.450       185.42951           2.0445902         36251
      0.141     0.450       182.00375           1.9811698         38626
      0.178     0.450       178.79031           1.9285153         40051
      0.224     0.450       166.03054           1.8105811         40558
      0.282     0.450       151.18492           1.6885743         39833
      0.355     0.450       134.62355           1.5589132         38694
      0.447     0.450       116.36606           1.4174481         36395
      0.562     0.450       94.981322           1.2260096         33079
      0.708     0.450       77.038473           1.0483203         29810
      0.891     0.450       61.643082          0.92337072         26078
      1.122     0.450       43.569871          0.71539404         22161
      1.413     0.450       34.150708          0.63521011         18562
      1.778     0.450       24.295651          0.50181771         15219
      2.239     0.450       16.374938          0.38969404         12149
      2.818     0.450       10.647480          0.28248221          9540
      3.548     0.450       6.9752439          0.21103102          7349
      4.467     0.450       4.4345592          0.16346552          5608
      5.623     0.450       2.7127728          0.11613839          4039
      7.079     0.450       1.7451837          0.80467724E-01      3114
      8.913     0.450      0.93884452          0.47391211E-01      2144
      0.112     0.550       174.03007           1.8315803         38981
      0.141     0.550       179.32759           1.8519271         41715
      0.178     0.550       174.94224           1.7972518         43071
      0.224     0.550       163.19813           1.6891729         43045
      0.282     0.550       149.33777           1.6022460         42132
      0.355     0.550       132.86592           1.4651522         40562
      0.447     0.550       114.53360           1.3409069         37303
      0.562     0.550       94.396553           1.1785167         33750
      0.708     0.550       76.288116           1.0275641         29502
      0.891     0.550       57.813894          0.86162077         25482
      1.122     0.550       43.495523          0.72451137         21311
      1.413     0.550       30.544651          0.56609583         17544
      1.778     0.550       22.403661          0.46904349         14197
      2.239     0.550       14.416693          0.34626455         10895
      2.818     0.550       9.1448582          0.26973814          8446
      3.548     0.550       6.3051257          0.19824472          6615
      4.467     0.550       3.9650446          0.15195505          4845
      5.623     0.550       2.4507512          0.10619410          3605
      7.079     0.550       1.3408009          0.65371426E-01      2614
      8.913     0.550      0.91458553          0.58273084E-01      1918
      0.112     0.650       175.04098           1.7429008         42303
      0.141     0.650       178.28086           1.7373963         44857
      0.178     0.650       176.39500           1.7241051         45598
      0.224     0.650       160.14426           1.6103784         44514
      0.282     0.650       148.49702           1.5338427         43489
      0.355     0.650       128.59338           1.3958184         40688
      0.447     0.650       110.55555           1.2792757         37223
      0.562     0.650       91.449158           1.1439187         32903
      0.708     0.650       71.850320          0.97071128         28761
      0.891     0.650       54.336697          0.81919429         24433
      1.122     0.650       40.272023          0.67572001         20336
      1.413     0.650       28.790989          0.54668078         16474
      1.778     0.650       21.176769          0.46157386         13032
      2.239     0.650       13.105173          0.33108416         10189
      2.818     0.650       8.3723814          0.24568918          7753
      3.548     0.650       5.4604271          0.18930433          5966
      4.467     0.650       3.6899003          0.14962776          4356
      5.623     0.650       2.1073475          0.95867674E-01      3162
      7.079     0.650       1.2609006          0.71736429E-01      2297
      8.913     0.650      0.71156851          0.45017785E-01      1574
      0.112     0.750       174.11183           1.6787174         44464
      0.141     0.750       174.94250           1.6512018         46526
      0.178     0.750       169.37739           1.6141662         46623
      0.224     0.750       159.20521           1.5535054         45886
      0.282     0.750       146.93682           1.4865771         43964
      0.355     0.750       127.00892           1.3654386         40320
      0.447     0.750       106.82636           1.2247555         36380
      0.562     0.750       88.759326           1.1078113         32079
      0.708     0.750       69.233947          0.95199037         27604
      0.891     0.750       51.435541          0.78866757         23122
      1.122     0.750       38.319837          0.67689399         18737
      1.413     0.750       27.324025          0.55086789         15208
      1.778     0.750       18.310716          0.41562354         11978
      2.239     0.750       12.328390          0.32363159          9304
      2.818     0.750       8.1142257          0.25831263          6925
      3.548     0.750       4.8671545          0.18576842          5280
      4.467     0.750       2.8108285          0.11874346          3791
      5.623     0.750       1.8759281          0.94360804E-01      2913
      7.079     0.750       1.0898380          0.62361039E-01      1958
      8.913     0.750      0.64750315          0.40560640E-01      1509
      0.112     0.850       172.35187           1.6122841         46061
      0.141     0.850       172.27038           1.6003345         47395
      0.178     0.850       165.79822           1.5607894         47358
      0.224     0.850       159.29587           1.5270700         46228
      0.282     0.850       143.58535           1.4454028         43770
      0.355     0.850       124.01494           1.3261411         39604
      0.447     0.850       105.04483           1.2137288         35568
      0.562     0.850       83.275636           1.0526307         30728
      0.708     0.850       63.860632          0.89076062         26495
      0.891     0.850       48.374937          0.76874916         21956
      1.122     0.850       35.216380          0.63782465         17633
      1.413     0.850       25.547493          0.52124472         14524
      1.778     0.850       17.211223          0.41813381         10915
      2.239     0.850       11.491833          0.32298047          8646
      2.818     0.850       7.0353113          0.23843597          6384
      3.548     0.850       4.2453607          0.16256451          4795
      4.467     0.850       2.6484721          0.11370280          3579
      5.623     0.850       1.5935472          0.81610027E-01      2605
      7.079     0.850      0.98683896          0.55697894E-01      1863
      8.913     0.850      0.52650755          0.34803238E-01      1272
      0.112     0.950       170.79352           1.5643072         46966
      0.141     0.950       170.41889           1.5535266         48241
      0.178     0.950       166.18711           1.5389271         47807
      0.224     0.950       154.02034           1.4698345         46250
      0.282     0.950       139.09868           1.3997875         42963
      0.355     0.950       121.41987           1.2958082         39205
      0.447     0.950       100.24775           1.1615720         34450
      0.562     0.950       81.056758           1.0326331         30018
      0.708     0.950       63.510370          0.90178455         25176
      0.891     0.950       45.532290          0.73688804         20509
      1.122     0.950       33.709830          0.62362708         16651
      1.413     0.950       23.459410          0.50205032         13160
      1.778     0.950       15.927050          0.39589266         10504
      2.239     0.950       9.8425653          0.27615179          7962
      2.818     0.950       6.9117975          0.23437160          6131
      3.548     0.950       4.0407350          0.16532403          4453
      4.467     0.950       2.3293830          0.11947025          3183
      5.623     0.950       1.4541998          0.79959842E-01      2329
      7.079     0.950      0.78553127          0.53152661E-01      1583
      8.913     0.950      0.56617848          0.42448742E-01      1190
