 # tables0/fmax20_0401z.sno_nbm   
      0.106    -0.950       797.37886           6.9976293         54310
      0.119    -0.950       774.84930           6.8232019         55278
      0.133    -0.950       729.59213           6.5105771         56031
      0.150    -0.950       695.68617           6.2935937         55703
      0.168    -0.950       666.84489           6.0878820         56128
      0.188    -0.950       628.21838           5.8094268         55545
      0.211    -0.950       588.01015           5.5347325         55273
      0.237    -0.950       566.65324           5.3935000         54331
      0.266    -0.950       516.56268           5.0704978         53128
      0.299    -0.950       468.36006           4.7002520         51672
      0.335    -0.950       426.74311           4.4323537         49686
      0.376    -0.950       383.98436           4.1726926         47676
      0.422    -0.950       341.54618           3.8123639         45539
      0.473    -0.950       305.81820           3.5417894         43585
      0.531    -0.950       269.36310           3.2744823         40976
      0.596    -0.950       236.79556           2.9712951         38916
      0.668    -0.950       208.65925           2.7388458         36437
      0.750    -0.950       171.34065           2.3757011         33640
      0.841    -0.950       153.53944           2.2305485         31381
      0.944    -0.950       132.66994           2.0346432         29319
      1.059    -0.950       111.53130           1.7985739         27304
      1.189    -0.950       92.693164           1.5878453         25296
      1.334    -0.950       81.979760           1.4771116         23079
      1.496    -0.950       65.531695           1.2503025         21024
      1.679    -0.950       55.510968           1.1128145         19271
      1.884    -0.950       47.509865           1.0123288         17612
      2.113    -0.950       38.429854          0.86758663         15934
      2.371    -0.950       31.349826          0.73553743         14455
      2.661    -0.950       25.133890          0.63130107         13178
      2.985    -0.950       20.978967          0.55996995         11752
      3.350    -0.950       17.212939          0.47514230         10717
      3.758    -0.950       13.318164          0.38526582          9572
      4.217    -0.950       11.481469          0.35435805          8593
      4.732    -0.950       8.6397267          0.27793681          7473
      5.309    -0.950       7.3023356          0.24061831          6790
      5.957    -0.950       6.1390394          0.22187435          6126
      6.683    -0.950       4.7275284          0.17182612          5183
      7.499    -0.950       3.6350633          0.14053667          4641
      8.414    -0.950       3.0059452          0.11857907          4125
      9.441    -0.950       2.1584067          0.95725554E-01      3567
      0.106    -0.850       560.83046           5.5041461         48464
      0.119    -0.850       557.23590           5.4575294         50048
      0.133    -0.850       539.72979           5.2919038         51002
      0.150    -0.850       508.85249           5.0430312         51564
      0.168    -0.850       499.22459           4.9052076         51908
      0.188    -0.850       477.38676           4.7322755         52335
      0.211    -0.850       458.29488           4.5788789         51871
      0.237    -0.850       436.38822           4.4241157         51608
      0.266    -0.850       407.41613           4.1862760         50796
      0.299    -0.850       376.39447           3.9701426         49375
      0.335    -0.850       354.25279           3.8026935         48191
      0.376    -0.850       318.94031           3.5542326         46136
      0.422    -0.850       282.65250           3.2161854         44531
      0.473    -0.850       258.98634           3.0442618         42416
      0.531    -0.850       232.85725           2.8083428         40313
      0.596    -0.850       205.20374           2.5621920         38262
      0.668    -0.850       179.88745           2.3627470         36202
      0.750    -0.850       158.11252           2.1456869         33870
      0.841    -0.850       140.29259           2.0048744         31613
      0.944    -0.850       119.03580           1.7746961         29351
      1.059    -0.850       104.25746           1.6515606         27589
      1.189    -0.850       89.063265           1.4875044         25215
      1.334    -0.850       76.606237           1.3246501         23581
      1.496    -0.850       67.010257           1.2214539         21484
      1.679    -0.850       54.460408           1.0502178         19700
      1.884    -0.850       46.834649          0.95645887         17960
      2.113    -0.850       37.560765          0.82463609         16281
      2.371    -0.850       31.989954          0.73945724         14938
      2.661    -0.850       26.732205          0.63712367         13393
      2.985    -0.850       21.602567          0.54691054         12154
      3.350    -0.850       17.847845          0.47934057         10960
      3.758    -0.850       13.672010          0.38918213          9804
      4.217    -0.850       11.429012          0.33410921          8779
      4.732    -0.850       9.4604089          0.29086366          7766
      5.309    -0.850       7.4728724          0.23659022          7115
      5.957    -0.850       6.1038292          0.21227289          6219
      6.683    -0.850       4.7410323          0.18069658          5431
      7.499    -0.850       3.9304744          0.15880036          4833
      8.414    -0.850       3.0163836          0.11829797          4195
      9.441    -0.850       2.5879279          0.10902055          3731
      0.106    -0.750       431.47897           4.1951788         45513
      0.119    -0.750       422.62684           4.0746551         46443
      0.133    -0.750       421.56842           4.0386435         47659
      0.150    -0.750       415.67365           3.9739892         48733
      0.168    -0.750       397.84604           3.8337299         48811
      0.188    -0.750       399.65774           3.8807380         49715
      0.211    -0.750       386.23604           3.7613576         50085
      0.237    -0.750       365.04799           3.5983484         49239
      0.266    -0.750       356.32298           3.5557340         48807
      0.299    -0.750       327.54168           3.3328712         47716
      0.335    -0.750       316.98515           3.2866699         46700
      0.376    -0.750       289.03875           3.1064677         45517
      0.422    -0.750       272.16290           2.9767061         43643
      0.473    -0.750       250.52912           2.7934632         41993
      0.531    -0.750       221.81632           2.5895664         40038
      0.596    -0.750       201.24705           2.4572390         37543
      0.668    -0.750       181.56007           2.2951028         36136
      0.750    -0.750       159.15633           2.1040185         33484
      0.841    -0.750       144.10800           1.9825348         31510
      0.944    -0.750       124.95028           1.8168269         29628
      1.059    -0.750       107.84539           1.6203554         27806
      1.189    -0.750       89.414558           1.4383663         25256
      1.334    -0.750       77.448304           1.3312625         23115
      1.496    -0.750       63.661509           1.1498407         21605
      1.679    -0.750       55.268380           1.0601398         19799
      1.884    -0.750       48.755675          0.98230191         18367
      2.113    -0.750       39.458520          0.83412161         16612
      2.371    -0.750       33.309593          0.75282865         15094
      2.661    -0.750       26.180936          0.59964673         13544
      2.985    -0.750       22.211244          0.54318036         12333
      3.350    -0.750       17.722496          0.45845007         11296
      3.758    -0.750       14.943242          0.40956157         10074
      4.217    -0.750       11.953951          0.35952509          8996
      4.732    -0.750       9.5619166          0.28272593          8121
      5.309    -0.750       7.8177122          0.25588134          7182
      5.957    -0.750       6.3257991          0.21439959          6353
      6.683    -0.750       5.0977707          0.17997995          5826
      7.499    -0.750       4.1688324          0.15330765          5083
      8.414    -0.750       3.3338413          0.13883119          4325
      9.441    -0.750       2.7150770          0.11072229          3848
      0.106    -0.650       433.77040           4.5253178         42133
      0.119    -0.650       440.07297           4.5103030         44410
      0.133    -0.650       427.85049           4.3728968         45204
      0.150    -0.650       420.69717           4.2716215         46669
      0.168    -0.650       411.27443           4.1510306         47131
      0.188    -0.650       401.97436           4.0785492         47354
      0.211    -0.650       392.51657           3.9747189         48332
      0.237    -0.650       373.91488           3.8061656         47728
      0.266    -0.650       355.00281           3.6997767         47084
      0.299    -0.650       340.07732           3.5659279         46533
      0.335    -0.650       318.18404           3.4025028         45531
      0.376    -0.650       296.14418           3.2282567         44362
      0.422    -0.650       273.05983           3.0272688         43095
      0.473    -0.650       246.49214           2.8364492         41183
      0.531    -0.650       222.69079           2.6084137         39761
      0.596    -0.650       205.61463           2.5049333         37589
      0.668    -0.650       182.02673           2.3000691         35593
      0.750    -0.650       165.71332           2.1653124         34007
      0.841    -0.650       140.72178           1.9428623         31514
      0.944    -0.650       126.44324           1.8376622         29661
      1.059    -0.650       110.39602           1.6962509         27566
      1.189    -0.650       92.303766           1.4844109         25426
      1.334    -0.650       79.334805           1.3496620         23544
      1.496    -0.650       66.146891           1.1609350         21616
      1.679    -0.650       57.899007           1.0798278         20171
      1.884    -0.650       49.178035          0.96355902         18518
      2.113    -0.650       40.934651          0.84477168         16952
      2.371    -0.650       33.669639          0.73744898         15292
      2.661    -0.650       28.531434          0.67259099         13714
      2.985    -0.650       22.163859          0.53772421         12358
      3.350    -0.650       19.232131          0.50554278         11354
      3.758    -0.650       15.243755          0.42983387         10117
      4.217    -0.650       12.567402          0.36053143          9129
      4.732    -0.650       9.4780305          0.28055917          8055
      5.309    -0.650       8.1365977          0.25001380          7342
      5.957    -0.650       6.3155855          0.21452287          6278
      6.683    -0.650       5.3539232          0.18947681          5717
      7.499    -0.650       4.5537876          0.17668121          4970
      8.414    -0.650       3.5140440          0.13587142          4462
      9.441    -0.650       2.5976084          0.11053315          3938
      0.106    -0.550       542.74703           6.0961269         40657
      0.119    -0.550       531.48157           5.9286694         41821
      0.133    -0.550       507.41706           5.5779186         43331
      0.150    -0.550       507.52924           5.5461343         44398
      0.168    -0.550       491.73268           5.3956594         45279
      0.188    -0.550       465.69013           5.0448342         45912
      0.211    -0.550       449.50888           4.8667759         46261
      0.237    -0.550       421.53379           4.6740511         45530
      0.266    -0.550       401.51070           4.4356012         45482
      0.299    -0.550       370.66839           4.1392576         45190
      0.335    -0.550       340.00116           3.8610808         44264
      0.376    -0.550       317.31569           3.6652905         43460
      0.422    -0.550       292.96752           3.4428015         41806
      0.473    -0.550       269.12150           3.2140335         40500
      0.531    -0.550       237.12584           2.9731925         38550
      0.596    -0.550       215.72468           2.7785754         36804
      0.668    -0.550       193.14737           2.5271498         34897
      0.750    -0.550       167.54409           2.2820274         33200
      0.841    -0.550       146.79847           2.0649344         31314
      0.944    -0.550       132.15075           1.9553966         29122
      1.059    -0.550       115.66902           1.7378714         27728
      1.189    -0.550       101.35536           1.6072850         25704
      1.334    -0.550       83.722864           1.3806849         23485
      1.496    -0.550       73.220557           1.2808488         21938
      1.679    -0.550       60.575674           1.1515536         19924
      1.884    -0.550       50.992968          0.99671815         18633
      2.113    -0.550       43.897932          0.91745739         16962
      2.371    -0.550       34.251863          0.76196303         15201
      2.661    -0.550       29.772528          0.68150360         14168
      2.985    -0.550       24.009543          0.58030598         12708
      3.350    -0.550       20.204011          0.52386317         11501
      3.758    -0.550       16.420208          0.46772820         10256
      4.217    -0.550       13.450211          0.38408599          9389
      4.732    -0.550       10.181523          0.30264731          8172
      5.309    -0.550       8.9095901          0.27831478          7449
      5.957    -0.550       7.4596741          0.24265431          6784
      6.683    -0.550       5.5931311          0.18515836          5912
      7.499    -0.550       4.2102249          0.15005556          5095
      8.414    -0.550       3.5862126          0.13895455          4660
      9.441    -0.550       2.8983271          0.11523715          4183
      0.106    -0.450       672.88476           7.7455704         38574
      0.119    -0.450       658.44016           7.5013870         39931
      0.133    -0.450       633.49780           7.2793626         40869
      0.150    -0.450       598.25638           6.7992229         42073
      0.168    -0.450       577.70309           6.5124068         42970
      0.188    -0.450       549.00313           6.2344110         43174
      0.211    -0.450       513.75061           5.8362923         43547
      0.237    -0.450       490.45983           5.6281196         43638
      0.266    -0.450       449.40193           5.1428248         43532
      0.299    -0.450       428.25981           4.9473237         42983
      0.335    -0.450       389.63100           4.6156500         42382
      0.376    -0.450       352.41933           4.2439523         41005
      0.422    -0.450       321.20939           3.8836598         39988
      0.473    -0.450       289.61523           3.6108412         38983
      0.531    -0.450       258.80654           3.3134193         37501
      0.596    -0.450       235.62584           3.1075336         36090
      0.668    -0.450       209.31186           2.7824238         34534
      0.750    -0.450       182.42102           2.5214162         32536
      0.841    -0.450       158.50384           2.3246673         30824
      0.944    -0.450       138.76756           2.0651362         28739
      1.059    -0.450       121.86085           1.8752760         27152
      1.189    -0.450       105.89587           1.7190596         25225
      1.334    -0.450       89.685712           1.5311925         23244
      1.496    -0.450       73.300601           1.2978385         21603
      1.679    -0.450       64.547890           1.2161302         20277
      1.884    -0.450       55.684126           1.0921010         18615
      2.113    -0.450       45.992991          0.95537160         17198
      2.371    -0.450       38.517889          0.81768171         15487
      2.661    -0.450       31.434307          0.73471840         14038
      2.985    -0.450       25.727965          0.60543682         12901
      3.350    -0.450       20.050518          0.49793122         11686
      3.758    -0.450       17.627321          0.47553725         10437
      4.217    -0.450       14.196804          0.39689058          9431
      4.732    -0.450       11.984029          0.35683661          8525
      5.309    -0.450       9.0707262          0.27761623          7520
      5.957    -0.450       7.3817052          0.23318917          6849
      6.683    -0.450       5.6621582          0.18684489          5981
      7.499    -0.450       4.9706723          0.17084486          5381
      8.414    -0.450       4.1798463          0.15253497          4797
      9.441    -0.450       3.0345933          0.12046065          4077
      0.106    -0.350       821.74236           9.6383001         35605
      0.119    -0.350       812.78841           9.4670353         36980
      0.133    -0.350       773.50276           8.9907062         37632
      0.150    -0.350       736.12485           8.6601365         38666
      0.168    -0.350       687.17745           8.0537661         39369
      0.188    -0.350       651.89511           7.6673460         39633
      0.211    -0.350       625.19667           7.3493054         39943
      0.237    -0.350       583.31132           6.9203207         40419
      0.266    -0.350       536.28707           6.3916701         40052
      0.299    -0.350       501.71603           6.0040710         40238
      0.335    -0.350       454.18736           5.6087541         39012
      0.376    -0.350       415.89881           5.2110408         38443
      0.422    -0.350       366.04864           4.6953348         37497
      0.473    -0.350       331.52504           4.3502637         36450
      0.531    -0.350       295.01179           3.8811248         35172
      0.596    -0.350       264.24150           3.6117055         34016
      0.668    -0.350       235.34187           3.2496734         32481
      0.750    -0.350       205.26908           2.9267831         30900
      0.841    -0.350       174.83404           2.6066419         29194
      0.944    -0.350       157.02976           2.3702015         27616
      1.059    -0.350       134.11399           2.1413526         26033
      1.189    -0.350       115.16694           1.9195852         24386
      1.334    -0.350       97.661924           1.6890241         22697
      1.496    -0.350       84.482482           1.4952154         21429
      1.679    -0.350       71.131690           1.3390015         19535
      1.884    -0.350       61.254378           1.2337806         18224
      2.113    -0.350       51.791071           1.0848320         16574
      2.371    -0.350       41.976593          0.93081631         15225
      2.661    -0.350       35.227188          0.80855250         13971
      2.985    -0.350       27.523514          0.65219227         12873
      3.350    -0.350       22.796126          0.57809537         11559
      3.758    -0.350       19.977579          0.51523532         10576
      4.217    -0.350       15.401890          0.42104522          9413
      4.732    -0.350       12.209191          0.36857247          8244
      5.309    -0.350       10.001967          0.30752019          7504
      5.957    -0.350       7.9721673          0.25516273          6671
      6.683    -0.350       6.7442145          0.23567412          6009
      7.499    -0.350       5.1069319          0.17342225          5358
      8.414    -0.350       4.3536508          0.16120200          4884
      9.441    -0.350       3.5712828          0.12794043          4222
      0.106    -0.250       1142.6468           13.532595         32317
      0.119    -0.250       1115.6656           13.304107         33309
      0.133    -0.250       1035.8876           12.467923         33913
      0.150    -0.250       1010.4642           12.079370         34958
      0.168    -0.250       924.74954           11.108565         35078
      0.188    -0.250       875.90430           10.644701         35821
      0.211    -0.250       829.11372           10.226796         35766
      0.237    -0.250       758.34276           9.4355384         35837
      0.266    -0.250       674.98782           8.5154979         35337
      0.299    -0.250       606.17664           7.8750289         34840
      0.335    -0.250       577.39789           7.5508808         34816
      0.376    -0.250       500.37663           6.7368623         33843
      0.422    -0.250       442.90999           6.0370905         32801
      0.473    -0.250       399.74948           5.5671185         32659
      0.531    -0.250       357.43828           5.2027144         31393
      0.596    -0.250       314.88090           4.5721808         30318
      0.668    -0.250       270.89153           4.1213797         28902
      0.750    -0.250       230.98717           3.5955949         27481
      0.841    -0.250       207.18407           3.3593821         26662
      0.944    -0.250       181.22624           2.9524706         25196
      1.059    -0.250       148.85282           2.5221013         23725
      1.189    -0.250       128.98146           2.3194466         22323
      1.334    -0.250       105.92924           1.9607515         21200
      1.496    -0.250       94.837061           1.7919699         19711
      1.679    -0.250       77.690365           1.5571471         18213
      1.884    -0.250       65.267003           1.3803681         17030
      2.113    -0.250       54.466716           1.1765204         15684
      2.371    -0.250       44.460545          0.98907093         14501
      2.661    -0.250       38.321478          0.91088301         13440
      2.985    -0.250       30.938090          0.74680216         12208
      3.350    -0.250       24.895529          0.64911717         11143
      3.758    -0.250       21.562962          0.58450071         10105
      4.217    -0.250       17.283890          0.48067618          9146
      4.732    -0.250       13.541130          0.39651225          8254
      5.309    -0.250       11.341281          0.34965841          7490
      5.957    -0.250       9.4103304          0.29770505          6666
      6.683    -0.250       7.6771351          0.26417685          6162
      7.499    -0.250       6.3066890          0.22774987          5346
      8.414    -0.250       4.6402647          0.17428603          4769
      9.441    -0.250       4.3144182          0.16917172          4342
      0.106    -0.150       1785.7490           22.889010         26979
      0.119    -0.150       1661.8488           21.491254         27537
      0.133    -0.150       1599.8805           20.920849         27801
      0.150    -0.150       1433.2217           19.186180         27679
      0.168    -0.150       1342.7935           18.405024         28017
      0.188    -0.150       1247.1343           17.175408         28272
      0.211    -0.150       1145.0547           16.136427         27893
      0.237    -0.150       1037.2453           14.830315         27754
      0.266    -0.150       924.36335           13.657411         27628
      0.299    -0.150       837.91479           12.527544         27101
      0.335    -0.150       743.22878           11.612813         26778
      0.376    -0.150       651.68380           10.550699         26112
      0.422    -0.150       559.52203           8.8735033         25156
      0.473    -0.150       502.61935           8.5808966         24513
      0.531    -0.150       422.00764           7.2052465         23805
      0.596    -0.150       367.84523           6.4070788         22956
      0.668    -0.150       313.00987           5.6278196         21997
      0.750    -0.150       265.45796           4.7959665         21284
      0.841    -0.150       227.94755           4.4713142         20313
      0.944    -0.150       198.13942           3.7808759         19482
      1.059    -0.150       168.93654           3.5024256         18475
      1.189    -0.150       138.79524           2.9122810         17492
      1.334    -0.150       120.20627           2.5518346         16597
      1.496    -0.150       99.356374           2.2389581         15582
      1.679    -0.150       82.797704           1.8723267         14608
      1.884    -0.150       70.248959           1.6987853         13559
      2.113    -0.150       55.758391           1.3163286         12569
      2.371    -0.150       49.026025           1.3130999         11812
      2.661    -0.150       40.675568           1.0359458         10795
      2.985    -0.150       32.695478          0.89186679         10023
      3.350    -0.150       27.776363          0.79102364          9142
      3.758    -0.150       24.038134          0.73695119          8422
      4.217    -0.150       18.565959          0.58423135          7845
      4.732    -0.150       14.889180          0.47548265          6903
      5.309    -0.150       12.120123          0.39836590          6273
      5.957    -0.150       9.1483612          0.31079219          5669
      6.683    -0.150       8.1150656          0.31281897          5208
      7.499    -0.150       6.7393118          0.27187921          4569
      8.414    -0.150       5.4540120          0.20457850          4170
      9.441    -0.150       4.6021537          0.19852176          3650
      0.106    -0.050       2996.7385           69.714457         13553
      0.119    -0.050       2679.4398           64.055149         13246
      0.133    -0.050       2496.4157           58.720032         13306
      0.150    -0.050       2282.3825           56.142032         13095
      0.168    -0.050       2041.3993           53.555170         13048
      0.188    -0.050       1821.4501           48.357838         12918
      0.211    -0.050       1660.3497           44.943222         12845
      0.237    -0.050       1464.2771           40.524702         12612
      0.266    -0.050       1321.5506           39.947112         12307
      0.299    -0.050       1120.4397           33.723305         11671
      0.335    -0.050       991.33249           29.325141         11634
      0.376    -0.050       903.13078           28.956278         11385
      0.422    -0.050       715.53754           23.222686         10781
      0.473    -0.050       613.62801           19.100227         10545
      0.531    -0.050       514.27523           16.774746         10161
      0.596    -0.050       431.16387           15.326519          9532
      0.668    -0.050       351.50432           12.211028          9206
      0.750    -0.050       313.36763           11.719369          8892
      0.841    -0.050       249.16100           10.512818          8144
      0.944    -0.050       224.15934           10.936103          7944
      1.059    -0.050       179.54137           7.4390720          7633
      1.189    -0.050       159.32810           7.5008528          7187
      1.334    -0.050       130.72970           5.2701780          6799
      1.496    -0.050       104.14225           4.3494622          6430
      1.679    -0.050       84.543367           3.8692436          6009
      1.884    -0.050       74.946842           3.8287529          5553
      2.113    -0.050       65.339520           3.3587039          5335
      2.371    -0.050       51.528543           2.6329124          4877
      2.661    -0.050       45.026718           2.4153883          4607
      2.985    -0.050       35.562410           2.0538874          4125
      3.350    -0.050       29.090103           1.5355171          3837
      3.758    -0.050       25.425427           1.4292248          3765
      4.217    -0.050       19.453315           1.1349412          3333
      4.732    -0.050       18.696167           1.2539950          3162
      5.309    -0.050       13.589677          0.86025315          2928
      5.957    -0.050       11.689104          0.90055398          2538
      6.683    -0.050       9.6613268          0.57065056          2429
      7.499    -0.050       7.8328737          0.53907761          2182
      8.414    -0.050       5.5408932          0.40482772          1912
      9.441    -0.050       4.8043476          0.32367294          1756
      0.106     0.050       2953.6979           68.796481         13219
      0.119     0.050       2808.3012           66.757718         13419
      0.133     0.050       2442.2640           59.105755         13026
      0.150     0.050       2257.5550           54.314676         12984
      0.168     0.050       2063.5072           53.404686         13034
      0.188     0.050       1896.8770           48.226685         13056
      0.211     0.050       1636.9608           46.041506         12589
      0.237     0.050       1494.4795           40.611252         12495
      0.266     0.050       1345.4781           40.492744         12159
      0.299     0.050       1141.2288           34.211842         11788
      0.335     0.050       972.93096           28.534987         11591
      0.376     0.050       827.51455           26.993960         11031
      0.422     0.050       709.45115           25.317275         10635
      0.473     0.050       613.59967           20.846727         10481
      0.531     0.050       515.44728           17.216895          9989
      0.596     0.050       411.52845           14.188818          9488
      0.668     0.050       343.92236           12.910987          9068
      0.750     0.050       305.30944           11.804367          8800
      0.841     0.050       263.36211           10.202224          8266
      0.944     0.050       215.76502           10.555396          7924
      1.059     0.050       182.18670           7.4833482          7491
      1.189     0.050       149.20000           6.5869920          7137
      1.334     0.050       123.29147           5.1538597          6817
      1.496     0.050       100.79098           4.1531151          6352
      1.679     0.050       86.847353           4.1215168          5959
      1.884     0.050       75.490849           3.7503108          5609
      2.113     0.050       66.478172           3.1590111          5313
      2.371     0.050       49.185880           2.4993220          4827
      2.661     0.050       44.091546           2.2298871          4587
      2.985     0.050       36.119746           1.9796285          4247
      3.350     0.050       29.690089           1.6840730          3955
      3.758     0.050       23.011933           1.3705627          3670
      4.217     0.050       19.907606           1.2365962          3371
      4.732     0.050       18.160310           1.2219638          3101
      5.309     0.050       12.828582          0.80120514          2767
      5.957     0.050       11.353243          0.75955487          2559
      6.683     0.050       9.7815606          0.59573228          2384
      7.499     0.050       8.1268627          0.61902411          2130
      8.414     0.050       5.7453070          0.42213416          1884
      9.441     0.050       4.6679941          0.32125747          1728
      0.106     0.150       2085.4279           26.093634         27550
      0.119     0.150       1882.5644           24.044344         27904
      0.133     0.150       1765.6642           23.027152         28093
      0.150     0.150       1565.4020           21.176620         27805
      0.168     0.150       1446.9313           19.682615         28074
      0.188     0.150       1341.8088           18.503614         28181
      0.211     0.150       1197.9964           17.027927         27775
      0.237     0.150       1099.7545           15.751837         27949
      0.266     0.150       957.99306           14.292232         27310
      0.299     0.150       845.79872           12.862006         27004
      0.335     0.150       740.23286           11.652529         26629
      0.376     0.150       639.26208           10.474233         25514
      0.422     0.150       545.88793           8.9947062         24815
      0.473     0.150       471.47612           8.2932948         24054
      0.531     0.150       420.28583           7.3860069         23448
      0.596     0.150       360.63496           6.5091713         22832
      0.668     0.150       316.04368           5.9266287         21977
      0.750     0.150       255.50649           4.7778091         20943
      0.841     0.150       227.47287           4.4239678         19862
      0.944     0.150       187.64730           3.7793644         18834
      1.059     0.150       165.62473           3.3828200         18084
      1.189     0.150       131.67951           2.7705357         17437
      1.334     0.150       121.91901           2.7198690         16231
      1.496     0.150       96.556513           2.1066855         15362
      1.679     0.150       83.435844           1.9522454         14341
      1.884     0.150       69.731054           1.6975630         13404
      2.113     0.150       58.780215           1.4973536         12564
      2.371     0.150       45.104795           1.0931441         11628
      2.661     0.150       41.368539           1.0903251         10687
      2.985     0.150       35.642820           1.0029611         10077
      3.350     0.150       28.592907          0.79962330          9110
      3.758     0.150       23.320249          0.70075857          8293
      4.217     0.150       18.635558          0.57042496          7534
      4.732     0.150       14.957152          0.47219185          6908
      5.309     0.150       11.871740          0.40108752          6253
      5.957     0.150       10.559495          0.39392084          5687
      6.683     0.150       8.0586333          0.28296803          5181
      7.499     0.150       6.5448446          0.24933338          4542
      8.414     0.150       5.2066147          0.20930428          4097
      9.441     0.150       4.2259478          0.18428402          3675
      0.106     0.250       1562.4627           17.153164         34840
      0.119     0.250       1504.9183           16.677421         35781
      0.133     0.250       1377.5783           15.652835         36066
      0.150     0.250       1261.5949           14.515484         36349
      0.168     0.250       1178.6714           13.845785         36486
      0.188     0.250       1087.0529           12.885616         36974
      0.211     0.250       982.04416           11.751590         37232
      0.237     0.250       903.15545           11.133852         36631
      0.266     0.250       813.97606           10.086212         36529
      0.299     0.250       740.70316           9.5843358         35878
      0.335     0.250       640.73708           8.5091026         35151
      0.376     0.250       567.68684           7.6321788         34477
      0.422     0.250       504.99328           6.9252733         33815
      0.473     0.250       436.90972           6.2019298         33033
      0.531     0.250       376.73368           5.4389163         31311
      0.596     0.250       332.88806           5.0006144         30467
      0.668     0.250       287.00842           4.3932443         29237
      0.750     0.250       241.40560           3.8544906         27740
      0.841     0.250       209.12833           3.3276196         26561
      0.944     0.250       174.50276           2.8924332         24999
      1.059     0.250       151.38664           2.5888716         23903
      1.189     0.250       130.62068           2.3329391         22184
      1.334     0.250       113.27277           2.0818979         21221
      1.496     0.250       94.410950           1.8831898         19444
      1.679     0.250       78.142524           1.5246197         18149
      1.884     0.250       64.967015           1.3704361         16715
      2.113     0.250       56.442095           1.2366458         15528
      2.371     0.250       44.527531           1.0188253         14549
      2.661     0.250       37.584081          0.88363119         13292
      2.985     0.250       32.016094          0.78883465         12169
      3.350     0.250       25.574218          0.65982630         10950
      3.758     0.250       20.676467          0.56360635         10115
      4.217     0.250       16.327253          0.47183192          8984
      4.732     0.250       14.105858          0.40050165          8321
      5.309     0.250       11.313021          0.35631060          7408
      5.957     0.250       9.3276427          0.29984335          6637
      6.683     0.250       7.0368531          0.22714852          5913
      7.499     0.250       5.8024591          0.21098608          5280
      8.414     0.250       4.5159533          0.15372913          4805
      9.441     0.250       3.5862593          0.13116823          4242
      0.106     0.350       1383.3318           13.986743         40744
      0.119     0.350       1309.5515           13.349883         41928
      0.133     0.350       1248.7529           12.875243         42501
      0.150     0.350       1107.9887           11.735684         42506
      0.168     0.350       1040.2356           11.088221         43056
      0.188     0.350       967.93265           10.461300         43374
      0.211     0.350       900.10305           9.7686851         43604
      0.237     0.350       810.41607           9.0178161         42776
      0.266     0.350       752.59644           8.4633766         42988
      0.299     0.350       673.27966           7.7950160         42098
      0.335     0.350       604.38573           7.1704167         41028
      0.376     0.350       532.87001           6.4384448         40134
      0.422     0.350       470.91834           5.9279612         39007
      0.473     0.350       422.84724           5.4669889         37553
      0.531     0.350       371.82178           4.8840379         36509
      0.596     0.350       313.57923           4.2911510         34555
      0.668     0.350       275.26226           3.8608403         32995
      0.750     0.350       240.43562           3.4048798         31566
      0.841     0.350       204.79694           3.0879985         29444
      0.944     0.350       175.63024           2.7519932         28144
      1.059     0.350       147.85676           2.3778236         26192
      1.189     0.350       127.03354           2.1811705         24390
      1.334     0.350       105.64862           1.8821032         22577
      1.496     0.350       90.023971           1.6516428         21108
      1.679     0.350       75.912304           1.4816840         19493
      1.884     0.350       61.700813           1.2415055         17894
      2.113     0.350       49.775555           1.0695710         16448
      2.371     0.350       41.806168          0.91533949         15136
      2.661     0.350       35.581674          0.84217060         13995
      2.985     0.350       29.184984          0.69535650         12823
      3.350     0.350       22.708437          0.58878836         11414
      3.758     0.350       19.240492          0.50458904         10413
      4.217     0.350       15.099544          0.43617704          9363
      4.732     0.350       12.446910          0.37345682          8324
      5.309     0.350       10.418780          0.30466914          7728
      5.957     0.350       8.0164005          0.26403257          6713
      6.683     0.350       6.1580619          0.20262868          5997
      7.499     0.350       5.1838750          0.18359588          5332
      8.414     0.350       3.9554025          0.14497011          4714
      9.441     0.350       3.3978780          0.13986763          4168
      0.106     0.450       1265.7844           12.047998         45438
      0.119     0.450       1222.5242           11.650533         46718
      0.133     0.450       1150.3014           11.067071         47594
      0.150     0.450       1065.6561           10.437855         47945
      0.168     0.450       979.46978           9.6587125         47776
      0.188     0.450       926.37646           9.3019435         48433
      0.211     0.450       863.42694           8.8007531         47857
      0.237     0.450       792.60942           8.1387144         48263
      0.266     0.450       721.23096           7.6151418         47201
      0.299     0.450       658.58028           7.1679982         46541
      0.335     0.450       573.71284           6.4341548         45013
      0.376     0.450       517.00532           5.8866432         44106
      0.422     0.450       455.23906           5.3231673         42729
      0.473     0.450       393.47457           4.8048152         40446
      0.531     0.450       357.84288           4.4794766         38988
      0.596     0.450       310.63368           4.0070482         37623
      0.668     0.450       265.77943           3.5563142         35497
      0.750     0.450       229.25094           3.2223013         33276
      0.841     0.450       196.18327           2.8399691         31377
      0.944     0.450       165.13354           2.5210629         29238
      1.059     0.450       142.95889           2.2760481         27492
      1.189     0.450       125.27552           2.0944707         25513
      1.334     0.450       101.36884           1.7706165         23787
      1.496     0.450       82.990310           1.5109361         21655
      1.679     0.450       72.263005           1.3876526         19911
      1.884     0.450       57.340628           1.1609831         18392
      2.113     0.450       48.088491           1.0272943         16907
      2.371     0.450       39.782667          0.88193774         15456
      2.661     0.450       32.759214          0.78029591         13820
      2.985     0.450       27.395740          0.68169436         12705
      3.350     0.450       22.476270          0.56931424         11736
      3.758     0.450       18.438254          0.49624012         10378
      4.217     0.450       14.372583          0.42210641          9433
      4.732     0.450       11.835604          0.33701497          8433
      5.309     0.450       9.0426380          0.28254544          7580
      5.957     0.450       7.5372159          0.23612100          6821
      6.683     0.450       6.1136807          0.21120293          5976
      7.499     0.450       4.8118456          0.17451958          5308
      8.414     0.450       4.0811831          0.15955699          4680
      9.441     0.450       3.0879201          0.12630255          4235
      0.106     0.550       1212.0399           10.915701         49748
      0.119     0.550       1175.3776           10.637363         51109
      0.133     0.550       1086.5926           9.9572886         50860
      0.150     0.550       1030.6757           9.5716184         51564
      0.168     0.550       961.94417           9.0631472         52022
      0.188     0.550       894.83430           8.5272729         52227
      0.211     0.550       828.06381           7.9925445         52294
      0.237     0.550       759.35130           7.5572509         51250
      0.266     0.550       685.10483           6.9362159         50231
      0.299     0.550       622.37014           6.4699476         49342
      0.335     0.550       574.68857           6.1106849         47830
      0.376     0.550       498.32875           5.5181566         45764
      0.422     0.550       447.25261           5.0766228         44639
      0.473     0.550       393.37435           4.6483677         42454
      0.531     0.550       343.80329           4.1801119         40524
      0.596     0.550       301.07561           3.8231859         38680
      0.668     0.550       252.31889           3.3314850         36332
      0.750     0.550       221.95919           3.0524155         34208
      0.841     0.550       188.96466           2.7349572         32013
      0.944     0.550       163.73107           2.4609994         30314
      1.059     0.550       140.69760           2.2069125         28262
      1.189     0.550       119.21565           1.9921580         25910
      1.334     0.550       96.460964           1.6908703         23875
      1.496     0.550       82.886452           1.5282695         22128
      1.679     0.550       69.712450           1.3212754         20664
      1.884     0.550       55.684458           1.1353721         18900
      2.113     0.550       44.446520          0.93565500         17000
      2.371     0.550       38.087090          0.84972196         15622
      2.661     0.550       31.896800          0.75430591         14104
      2.985     0.550       24.770902          0.61684565         12806
      3.350     0.550       19.161324          0.48457133         11412
      3.758     0.550       16.889635          0.44935751         10558
      4.217     0.550       13.386030          0.37610898          9368
      4.732     0.550       11.335620          0.33724217          8374
      5.309     0.550       9.2286691          0.28780957          7531
      5.957     0.550       7.4638936          0.25677747          6704
      6.683     0.550       5.6898274          0.19845482          5775
      7.499     0.550       4.6176175          0.17003880          5311
      8.414     0.550       3.6613946          0.13719747          4675
      9.441     0.550       3.1030547          0.12554111          4173
      0.106     0.650       1169.2919           10.080239         52613
      0.119     0.650       1140.4369           9.8532807         53885
      0.133     0.650       1071.0258           9.4728285         54148
      0.150     0.650       1004.0729           8.9743704         54878
      0.168     0.650       924.84682           8.3991026         54637
      0.188     0.650       867.62546           7.9884274         54838
      0.211     0.650       799.51748           7.5134751         54153
      0.237     0.650       742.08934           7.0893676         53338
      0.266     0.650       676.44658           6.6136951         52443
      0.299     0.650       609.43823           6.1914227         50856
      0.335     0.650       552.93054           5.7884713         49693
      0.376     0.650       490.16821           5.2743794         47601
      0.422     0.650       431.89336           4.7971699         45479
      0.473     0.650       385.35039           4.4916321         43061
      0.531     0.650       333.85738           4.0129539         41368
      0.596     0.650       290.93666           3.6378380         38701
      0.668     0.650       251.22194           3.2975362         36506
      0.750     0.650       214.37404           2.9534860         34365
      0.841     0.650       188.60568           2.6928389         32298
      0.944     0.650       153.47629           2.3430068         29777
      1.059     0.650       134.34590           2.0853804         28278
      1.189     0.650       112.25893           1.8852408         25586
      1.334     0.650       94.509884           1.6430253         23969
      1.496     0.650       79.819077           1.4688482         21997
      1.679     0.650       62.605288           1.2459345         20082
      1.884     0.650       53.425517           1.0797006         18438
      2.113     0.650       44.363323          0.97154607         16642
      2.371     0.650       34.209724          0.78866066         15255
      2.661     0.650       28.313673          0.67130803         13788
      2.985     0.650       24.123224          0.59764867         12444
      3.350     0.650       19.805278          0.52931540         11084
      3.758     0.650       16.241404          0.45923712         10040
      4.217     0.650       12.298110          0.35338638          8995
      4.732     0.650       10.147263          0.32099320          8033
      5.309     0.650       8.7707349          0.28550765          7198
      5.957     0.650       6.2712398          0.21239170          6328
      6.683     0.650       5.2912019          0.19347304          5653
      7.499     0.650       4.4046980          0.15894262          5092
      8.414     0.650       3.3895039          0.12874994          4546
      9.441     0.650       2.6597432          0.96096666E-01      4076
      0.106     0.750       1163.6598           9.6668063         55882
      0.119     0.750       1109.7739           9.3543420         56552
      0.133     0.750       1044.1529           8.9125616         57066
      0.150     0.750       971.39268           8.4247209         57207
      0.168     0.750       906.39077           7.9950070         56594
      0.188     0.750       839.25977           7.5841704         56187
      0.211     0.750       799.18752           7.3118510         55865
      0.237     0.750       744.44493           6.9492071         55483
      0.266     0.750       654.12873           6.3338588         53786
      0.299     0.750       606.61911           6.0457290         51984
      0.335     0.750       540.19069           5.5609824         50209
      0.376     0.750       479.32693           5.1129423         48168
      0.422     0.750       425.80460           4.6922221         46119
      0.473     0.750       373.39912           4.3166998         43747
      0.531     0.750       318.82063           3.8795400         41256
      0.596     0.750       282.02366           3.5109473         39330
      0.668     0.750       244.55700           3.2102217         36769
      0.750     0.750       207.01880           2.8531080         34500
      0.841     0.750       180.16797           2.5620187         32152
      0.944     0.750       150.16757           2.2810727         30014
      1.059     0.750       129.76200           2.0636333         27585
      1.189     0.750       106.25830           1.8348151         25183
      1.334     0.750       89.634852           1.6004353         23606
      1.496     0.750       73.891245           1.3868347         21274
      1.679     0.750       61.983649           1.2330451         19795
      1.884     0.750       50.051664           1.0800209         17817
      2.113     0.750       41.928156          0.91589970         16238
      2.371     0.750       33.967536          0.78841089         14919
      2.661     0.750       28.548755          0.70776220         13175
      2.985     0.750       22.882853          0.59223454         12111
      3.350     0.750       18.364055          0.48594608         11058
      3.758     0.750       14.579592          0.40265983          9688
      4.217     0.750       11.603498          0.35860500          8670
      4.732     0.750       9.6552119          0.30389186          7930
      5.309     0.750       7.2657797          0.22639062          6895
      5.957     0.750       6.3348430          0.21442314          6249
      6.683     0.750       4.8156101          0.17199672          5519
      7.499     0.750       3.7366294          0.13592089          4852
      8.414     0.750       3.2067142          0.12479076          4201
      9.441     0.750       2.5704247          0.10953751          3909
      0.106     0.850       1132.6922           9.2677131         57187
      0.119     0.850       1080.2327           8.9177267         58037
      0.133     0.850       1036.5347           8.6916223         58928
      0.150     0.850       966.30254           8.2313456         58273
      0.168     0.850       897.35877           7.8152863         57978
      0.188     0.850       826.47814           7.3310202         57716
      0.211     0.850       777.75201           7.0532544         56982
      0.237     0.850       720.96813           6.6754543         56266
      0.266     0.850       670.18670           6.3538871         54309
      0.299     0.850       596.15720           5.8310215         53141
      0.335     0.850       527.73838           5.3740216         51049
      0.376     0.850       465.11030           4.9342604         48553
      0.422     0.850       419.95602           4.5946215         46864
      0.473     0.850       366.84705           4.2219380         44006
      0.531     0.850       317.88399           3.7961672         41608
      0.596     0.850       269.13489           3.4069191         39392
      0.668     0.850       237.08985           3.1354968         36685
      0.750     0.850       203.48468           2.8117884         34786
      0.841     0.850       173.38752           2.5149109         32082
      0.944     0.850       145.06294           2.2315346         29751
      1.059     0.850       121.43027           1.9922532         27195
      1.189     0.850       99.834097           1.7055594         25439
      1.334     0.850       85.925848           1.5566327         23612
      1.496     0.850       70.394328           1.3448867         21392
      1.679     0.850       58.363238           1.1659365         19898
      1.884     0.850       48.748273           1.0467690         17838
      2.113     0.850       42.091300          0.95016926         16269
      2.371     0.850       32.200332          0.75104004         14964
      2.661     0.850       27.992729          0.69399945         13571
      2.985     0.850       21.620538          0.57011640         12182
      3.350     0.850       16.867369          0.46719818         10950
      3.758     0.850       14.040257          0.40784079          9587
      4.217     0.850       11.489062          0.36475216          8715
      4.732     0.850       9.2693193          0.28200501          7841
      5.309     0.850       7.5466614          0.25189938          6946
      5.957     0.850       6.3750176          0.21857426          6285
      6.683     0.850       5.0277162          0.18723927          5448
      7.499     0.850       4.1898819          0.16581510          4898
      8.414     0.850       3.1708902          0.11974940          4304
      9.441     0.850       2.3585041          0.96899903E-01      3704
      0.106     0.950       1112.0013           8.9255161         58971
      0.119     0.950       1077.1662           8.6695917         59868
      0.133     0.950       1008.5029           8.3086430         59932
      0.150     0.950       952.48131           7.9798658         59553
      0.168     0.950       894.68117           7.6308516         59565
      0.188     0.950       836.59568           7.2877620         58814
      0.211     0.950       771.29520           6.8599733         58002
      0.237     0.950       697.46336           6.4040725         56392
      0.266     0.950       640.64324           6.0700515         54832
      0.299     0.950       574.65490           5.6123861         53578
      0.335     0.950       519.81619           5.2605876         51299
      0.376     0.950       470.78037           4.9442389         48986
      0.422     0.950       408.55899           4.5174194         46739
      0.473     0.950       361.98041           4.1252462         44280
      0.531     0.950       310.57536           3.7633911         41692
      0.596     0.950       265.43845           3.3409170         39220
      0.668     0.950       225.98314           3.0424899         36629
      0.750     0.950       198.79722           2.7319608         34572
      0.841     0.950       164.24155           2.4339716         31656
      0.944     0.950       140.80772           2.1857550         29387
      1.059     0.950       120.18447           1.9504136         27559
      1.189     0.950       101.94586           1.7456739         25195
      1.334     0.950       84.771453           1.5461525         23239
      1.496     0.950       69.026109           1.3403278         21151
      1.679     0.950       57.510154           1.1662935         19478
      1.884     0.950       47.386359           1.0126934         17487
      2.113     0.950       39.073872          0.89015551         16288
      2.371     0.950       31.459797          0.75472155         14751
      2.661     0.950       25.327144          0.63982517         13024
      2.985     0.950       20.525255          0.55353029         11766
      3.350     0.950       16.235167          0.43310348         10698
      3.758     0.950       14.061470          0.40599779          9645
      4.217     0.950       11.726525          0.36863727          8675
      4.732     0.950       9.3697109          0.29788440          7853
      5.309     0.950       7.2904526          0.24206562          6920
      5.957     0.950       5.5401041          0.20747282          5903
      6.683     0.950       4.7876490          0.16985040          5383
      7.499     0.950       3.3854823          0.12383526          4649
      8.414     0.950       2.9951203          0.11828370          4217
      9.441     0.950       2.2594126          0.93789736E-01      3596
