 # tables0/fmax10_0401z.sno_nue   
      0.112    -0.950       377.01337           3.4574565         52826
      0.141    -0.950       349.07634           3.2535417         52845
      0.178    -0.950       324.49258           3.0763621         52171
      0.224    -0.950       285.12564           2.8222800         49677
      0.282    -0.950       243.77442           2.5489780         45753
      0.355    -0.950       201.47610           2.2568825         41600
      0.447    -0.950       161.94729           1.9470974         36610
      0.562    -0.950       121.75586           1.6171010         31490
      0.708    -0.950       92.640215           1.3713759         26274
      0.891    -0.950       66.479374           1.1073284         21565
      1.122    -0.950       46.936324          0.88662281         17270
      1.413    -0.950       33.383524          0.72040281         13733
      1.778    -0.950       22.235356          0.54864084         10837
      2.239    -0.950       13.718083          0.40654398          8068
      2.818    -0.950       8.6796942          0.29354498          6179
      3.548    -0.950       5.4671088          0.21409563          4598
      4.467    -0.950       3.3602548          0.16073530          3391
      5.623    -0.950       2.0038346          0.11273475          2512
      7.079    -0.950       1.1752963          0.74773505E-01      1702
      8.913    -0.950      0.65749797          0.46982463E-01      1215
      0.112    -0.850       267.49751           2.7006539         48538
      0.141    -0.850       253.56961           2.5832176         49360
      0.178    -0.850       235.84974           2.4254870         49297
      0.224    -0.850       215.81898           2.2629579         47780
      0.282    -0.850       189.60957           2.0817894         45120
      0.355    -0.850       164.95073           1.8980057         41545
      0.447    -0.850       131.75512           1.6081552         36927
      0.562    -0.850       106.52885           1.4206238         31963
      0.708    -0.850       82.549160           1.2027381         27189
      0.891    -0.850       61.766734          0.99310146         22760
      1.122    -0.850       44.010276          0.80837877         18495
      1.413    -0.850       31.127186          0.63259536         14931
      1.778    -0.850       20.780214          0.49670496         11702
      2.239    -0.850       14.034533          0.38265392          8885
      2.818    -0.850       9.0804168          0.29584790          6678
      3.548    -0.850       5.8720903          0.21805415          5066
      4.467    -0.850       3.4268974          0.14809378          3768
      5.623    -0.850       2.0587731          0.10713054          2654
      7.079    -0.850       1.1451358          0.67350685E-01      1906
      8.913    -0.850      0.63830435          0.44634827E-01      1326
      0.112    -0.750       195.93634           1.9512787         45113
      0.141    -0.750       204.76182           2.0086029         47347
      0.178    -0.750       196.32551           1.9453606         47751
      0.224    -0.750       183.06653           1.8368285         46945
      0.282    -0.750       167.61601           1.7321493         44918
      0.355    -0.750       147.44452           1.6077644         41749
      0.447    -0.750       125.97858           1.4703989         37220
      0.562    -0.750       103.07971           1.2946131         33176
      0.708    -0.750       81.373579           1.1202961         28556
      0.891    -0.750       61.407470          0.95600009         23859
      1.122    -0.750       44.366346          0.77195062         19469
      1.413    -0.750       32.474730          0.64758489         15654
      1.778    -0.750       22.543570          0.51634009         12561
      2.239    -0.750       15.464556          0.41144848          9691
      2.818    -0.750       9.9558740          0.30643899          7556
      3.548    -0.750       6.4659428          0.21618505          5698
      4.467    -0.750       3.9091486          0.16158321          4079
      5.623    -0.750       2.4523998          0.12171226          3005
      7.079    -0.750       1.5684763          0.86741170E-01      2172
      8.913    -0.750      0.84705253          0.51509865E-01      1582
      0.112    -0.650       204.34627           2.1602997         43468
      0.141    -0.650       210.14543           2.1778978         45456
      0.178    -0.650       196.99223           2.0317732         46216
      0.224    -0.650       185.76857           1.9436156         45958
      0.282    -0.650       174.58925           1.8609195         44759
      0.355    -0.650       148.26485           1.6412114         41809
      0.447    -0.650       126.91351           1.4925973         38242
      0.562    -0.650       105.24472           1.3165623         34221
      0.708    -0.650       86.603356           1.1808004         29541
      0.891    -0.650       64.042269          0.96048446         25164
      1.122    -0.650       48.706777          0.81713800         20984
      1.413    -0.650       37.296891          0.69705614         17087
      1.778    -0.650       24.283430          0.52625303         13470
      2.239    -0.650       16.598388          0.41780136         10427
      2.818    -0.650       10.852375          0.30984822          8079
      3.548    -0.650       6.7919152          0.22703675          6103
      4.467    -0.650       4.2319285          0.16158256          4541
      5.623    -0.650       2.6852957          0.12542610          3264
      7.079    -0.650       1.5509340          0.82585892E-01      2435
      8.913    -0.650       1.1102310          0.68978122E-01      1785
      0.112    -0.550       262.00106           2.9727239         41484
      0.141    -0.550       253.06057           2.8401944         43827
      0.178    -0.550       235.61905           2.6564532         44998
      0.224    -0.550       214.67397           2.4287003         44952
      0.282    -0.550       195.37154           2.2591256         43671
      0.355    -0.550       169.45633           1.9702510         41872
      0.447    -0.550       143.34476           1.7564208         38527
      0.562    -0.550       118.72098           1.5339045         34690
      0.708    -0.550       93.660642           1.3058769         30281
      0.891    -0.550       72.428910           1.0861044         26506
      1.122    -0.550       54.636262          0.90921198         22334
      1.413    -0.550       39.417642          0.72556564         18223
      1.778    -0.550       27.041443          0.55995071         14810
      2.239    -0.550       18.450029          0.43460883         11416
      2.818    -0.550       12.423887          0.34601567          9031
      3.548    -0.550       7.7785353          0.25423030          6829
      4.467    -0.550       4.9207735          0.17714025          5142
      5.623    -0.550       3.0414240          0.12711103          3854
      7.079    -0.550       1.8330301          0.92424617E-01      2771
      8.913    -0.550       1.1167488          0.64563566E-01      2077
      0.112    -0.450       321.93811           3.7729831         39522
      0.141    -0.450       308.65133           3.5757693         41888
      0.178    -0.450       284.78724           3.3252304         42872
      0.224    -0.450       256.87050           2.9856821         43325
      0.282    -0.450       224.36220           2.6328742         42564
      0.355    -0.450       192.00835           2.3724846         40960
      0.447    -0.450       162.10013           2.0382903         38271
      0.562    -0.450       133.53827           1.7616913         35332
      0.708    -0.450       103.30056           1.4256886         31462
      0.891    -0.450       79.558064           1.2040334         27167
      1.122    -0.450       60.412039           1.0032439         23064
      1.413    -0.450       42.012291          0.76510135         19281
      1.778    -0.450       31.660542          0.63921583         15959
      2.239    -0.450       20.853111          0.47603650         12530
      2.818    -0.450       14.605583          0.37547449         10216
      3.548    -0.450       9.5283024          0.28582358          7753
      4.467    -0.450       5.6499791          0.18678640          5960
      5.623    -0.450       3.4789576          0.14071930          4328
      7.079    -0.450       2.2942797          0.10685830          3172
      8.913    -0.450       1.1882999          0.58848670E-01      2266
      0.112    -0.350       418.23812           4.9307859         36745
      0.141    -0.350       382.91078           4.5177675         38838
      0.178    -0.350       348.23876           4.1659722         39922
      0.224    -0.350       308.70301           3.6995732         40807
      0.282    -0.350       270.22164           3.2829467         40124
      0.355    -0.350       227.15855           2.8357094         38929
      0.447    -0.350       188.79327           2.4411472         36543
      0.562    -0.350       150.43929           2.0406023         33991
      0.708    -0.350       118.74125           1.7264646         30825
      0.891    -0.350       90.182471           1.3761629         27323
      1.122    -0.350       67.439062           1.1014332         23730
      1.413    -0.350       50.670549          0.92821679         19900
      1.778    -0.350       36.064825          0.73229821         16714
      2.239    -0.350       24.972599          0.55699646         13854
      2.818    -0.350       16.374436          0.42366501         10888
      3.548    -0.350       10.935728          0.31305652          8515
      4.467    -0.350       7.0463773          0.23241536          6634
      5.623    -0.350       4.1278110          0.16246789          4871
      7.079    -0.350       2.8539658          0.12086948          3793
      8.913    -0.350       1.5939371          0.78543333E-01      2653
      0.112    -0.250       559.39344           6.7490371         32998
      0.141    -0.250       521.91911           6.3437718         34912
      0.178    -0.250       471.81267           5.7476939         35871
      0.224    -0.250       403.13943           5.0067217         35813
      0.282    -0.250       341.00412           4.4363880         35254
      0.355    -0.250       293.90537           3.9131462         34637
      0.447    -0.250       232.21427           3.2253984         32929
      0.562    -0.250       186.11098           2.7013422         31069
      0.708    -0.250       144.71928           2.1925960         28910
      0.891    -0.250       109.44100           1.7332584         25957
      1.122    -0.250       81.350122           1.3976564         23317
      1.413    -0.250       57.893212           1.0854423         19904
      1.778    -0.250       41.957347          0.87635111         16682
      2.239    -0.250       27.794658          0.63690322         14094
      2.818    -0.250       19.514380          0.49326373         11456
      3.548    -0.250       12.386533          0.34059568          9041
      4.467    -0.250       8.2031023          0.26224699          7238
      5.623    -0.250       4.8032777          0.16670512          5494
      7.079    -0.250       3.4742395          0.13943112          4235
      8.913    -0.250       2.0411231          0.91271708E-01      3129
      0.112    -0.150       860.65561           11.420271         26934
      0.141    -0.150       768.56526           10.328072         27870
      0.178    -0.150       663.54786           9.2373070         28009
      0.224    -0.150       564.78354           8.0396741         27951
      0.282    -0.150       472.89879           7.0673549         27487
      0.355    -0.150       385.63534           6.0807006         26730
      0.447    -0.150       299.25472           4.8729634         25446
      0.562    -0.150       224.34233           3.8836172         24066
      0.708    -0.150       167.74762           2.9765526         22417
      0.891    -0.150       126.74109           2.4386803         20351
      1.122    -0.150       90.321558           1.8269004         18367
      1.413    -0.150       66.046425           1.4056518         16249
      1.778    -0.150       45.939218           1.0731051         14286
      2.239    -0.150       31.100903          0.78683934         11935
      2.818    -0.150       21.280645          0.57274189         10211
      3.548    -0.150       14.376162          0.44148384          8362
      4.467    -0.150       9.8030250          0.33068025          6898
      5.623    -0.150       6.5398280          0.23907805          5616
      7.079    -0.150       4.0051100          0.16855639          4204
      8.913    -0.150       2.7091987          0.12610073          3190
      0.112    -0.050       1464.6493           36.426905         13198
      0.141    -0.050       1189.4203           29.472156         13027
      0.178    -0.050       1008.1434           26.349441         12874
      0.224    -0.050       839.15309           23.833506         12527
      0.282    -0.050       660.32493           18.188675         12324
      0.355    -0.050       528.71298           17.279814         11525
      0.447    -0.050       377.58626           13.600625         10958
      0.562    -0.050       290.39261           10.964430         10111
      0.708    -0.050       202.09188           7.1741242          9240
      0.891    -0.050       150.81019           6.3149095          8411
      1.122    -0.050       101.15149           4.1131427          7683
      1.413    -0.050       75.384942           3.5054001          6940
      1.778    -0.050       47.128588           2.2650382          5952
      2.239    -0.050       34.705438           1.5588930          5313
      2.818    -0.050       26.471016           1.3323800          4608
      3.548    -0.050       15.906839          0.81028701          3891
      4.467    -0.050       10.125774          0.51426763          3308
      5.623    -0.050       7.3239861          0.42577727          2623
      7.079    -0.050       4.9800434          0.41159652          2128
      8.913    -0.050       3.0935965          0.21738369          1683
      0.112     0.050       1404.1616           34.371926         13088
      0.141     0.050       1220.0698           30.359063         12914
      0.178     0.050       1009.0364           25.911796         12908
      0.224     0.050       839.23808           22.940665         12654
      0.282     0.050       659.64094           18.862712         11970
      0.355     0.050       512.66558           15.686788         11401
      0.447     0.050       371.69012           12.640525         10628
      0.562     0.050       281.88712           10.158324         10192
      0.708     0.050       198.72502           7.2786061          9271
      0.891     0.050       142.16171           5.9283208          8400
      1.122     0.050       98.461547           3.9087882          7419
      1.413     0.050       69.487275           2.9349031          6928
      1.778     0.050       52.000058           2.9745291          6187
      2.239     0.050       33.525097           1.5280853          5204
      2.818     0.050       24.995131           1.2807529          4342
      3.548     0.050       15.763256          0.78159045          3780
      4.467     0.050       10.246197          0.54743577          3247
      5.623     0.050       7.1886993          0.42710164          2615
      7.079     0.050       5.2054459          0.33246535          2072
      8.913     0.050       3.0790474          0.23800052          1673
      0.112     0.150       973.20814           12.660403         27535
      0.141     0.150       861.48732           11.479462         28259
      0.178     0.150       745.74381           10.240919         28476
      0.224     0.150       613.29299           8.8284604         28255
      0.282     0.150       490.64536           7.4517036         27343
      0.355     0.150       405.89380           6.4034824         26681
      0.447     0.150       297.10713           4.9474509         25268
      0.562     0.150       222.52781           3.9449640         23577
      0.708     0.150       165.95143           3.0937552         21874
      0.891     0.150       122.86106           2.3737682         20116
      1.122     0.150       88.016427           1.7746466         17997
      1.413     0.150       64.677072           1.4477195         16173
      1.778     0.150       45.363977           1.0513030         14234
      2.239     0.150       31.817567          0.79471944         11882
      2.818     0.150       21.994270          0.60265799         10092
      3.548     0.150       14.814286          0.44000924          8432
      4.467     0.150       10.147782          0.33955121          6867
      5.623     0.150       6.2916834          0.22653638          5406
      7.079     0.150       3.6112594          0.14089104          4157
      8.913     0.150       2.5152730          0.11034279          3134
      0.112     0.250       762.08387           8.5867686         35278
      0.141     0.250       687.35832           7.8070258         36800
      0.178     0.250       588.53442           6.8867205         37292
      0.224     0.250       504.23258           6.1067588         37210
      0.282     0.250       416.84771           5.2807809         36518
      0.355     0.250       331.11656           4.4413689         35192
      0.447     0.250       264.33003           3.6859493         33244
      0.562     0.250       198.86735           2.9302041         31285
      0.708     0.250       155.43960           2.4024347         28866
      0.891     0.250       109.54743           1.7930461         25600
      1.122     0.250       85.152791           1.4998223         22819
      1.413     0.250       60.438851           1.1489792         19791
      1.778     0.250       40.175654          0.82965996         16779
      2.239     0.250       28.658136          0.63252820         14122
      2.818     0.250       18.816185          0.46286933         11340
      3.548     0.250       12.296123          0.34057838          9070
      4.467     0.250       8.2559069          0.26180086          7197
      5.623     0.250       5.0485981          0.17456357          5479
      7.079     0.250       3.0552563          0.11902477          4128
      8.913     0.250       2.0740925          0.93925453E-01      3128
      0.112     0.350       665.32582           6.9602168         40959
      0.141     0.350       615.72828           6.4859070         42952
      0.178     0.350       547.89326           5.8193134         44031
      0.224     0.350       463.67274           5.0866926         43856
      0.282     0.350       378.05126           4.3402924         42717
      0.355     0.350       317.21073           3.8280084         40920
      0.447     0.350       250.31927           3.1697196         38436
      0.562     0.350       192.02646           2.5681708         35297
      0.708     0.350       147.53532           2.0958395         31661
      0.891     0.350       108.82610           1.6508610         27939
      1.122     0.350       77.301389           1.3009814         23772
      1.413     0.350       54.534597          0.99957321         20241
      1.778     0.350       36.665594          0.74671304         16788
      2.239     0.350       27.137867          0.62964927         13764
      2.818     0.350       15.974732          0.40672058         10813
      3.548     0.350       10.650180          0.31293578          8408
      4.467     0.350       7.1693206          0.22915851          6660
      5.623     0.350       4.2688088          0.16128083          4943
      7.079     0.350       2.5198940          0.11371269          3534
      8.913     0.350       1.4355401          0.67767939E-01      2580
      0.112     0.450       621.36001           5.9637245         46378
      0.141     0.450       574.12493           5.5847946         48142
      0.178     0.450       521.58729           5.1605606         49241
      0.224     0.450       432.55067           4.4586597         48401
      0.282     0.450       363.52306           3.8983392         46964
      0.355     0.450       303.71440           3.4403843         44514
      0.447     0.450       232.88501           2.7766446         40804
      0.562     0.450       184.09390           2.3502417         36988
      0.708     0.450       138.86242           1.8957463         32538
      0.891     0.450       101.75701           1.5435104         27833
      1.122     0.450       71.662112           1.2003484         23751
      1.413     0.450       52.459152          0.97161340         19534
      1.778     0.450       34.507112          0.71651365         15982
      2.239     0.450       22.861182          0.54245596         12662
      2.818     0.450       15.066328          0.40193946         10032
      3.548     0.450       9.3348698          0.29255089          7591
      4.467     0.450       6.2260160          0.22477903          5877
      5.623     0.450       3.7101554          0.15405585          4380
      7.079     0.450       2.3039320          0.10689700          3217
      8.913     0.450       1.3531203          0.75157310E-01      2233
      0.112     0.550       596.95146           5.4643447         50343
      0.141     0.550       545.68668           5.1029788         51959
      0.178     0.550       488.30619           4.6559769         52032
      0.224     0.550       421.50810           4.1712335         51015
      0.282     0.550       347.87982           3.6106009         48579
      0.355     0.550       288.90401           3.1736185         45761
      0.447     0.550       227.30835           2.6636374         41323
      0.562     0.550       172.46300           2.1623668         37062
      0.708     0.550       132.07354           1.8077198         32118
      0.891     0.550       93.645090           1.4231296         27240
      1.122     0.550       68.089590           1.1683688         22676
      1.413     0.550       45.989791          0.88464618         18453
      1.778     0.550       31.585281          0.68549890         14975
      2.239     0.550       20.026691          0.49037204         11711
      2.818     0.550       13.171515          0.35305628          9332
      3.548     0.550       8.2227015          0.25183338          6918
      4.467     0.550       5.2864124          0.20645600          5172
      5.623     0.550       3.3574848          0.13872927          3969
      7.079     0.550       1.8264240          0.93632005E-01      2729
      8.913     0.550       1.0608288          0.64469961E-01      1976
      0.112     0.650       565.52587           5.0060210         53000
      0.141     0.650       530.95737           4.7624988         54562
      0.178     0.650       466.34610           4.3113580         54141
      0.224     0.650       401.40178           3.8762203         52364
      0.282     0.650       337.89526           3.4012495         49651
      0.355     0.650       275.48343           2.9672002         45675
      0.447     0.650       219.33937           2.5228744         41249
      0.562     0.650       169.43225           2.1230523         36040
      0.708     0.650       124.58397           1.7104030         31000
      0.891     0.650       88.622643           1.3660325         26029
      1.122     0.650       62.572298           1.0893353         21407
      1.413     0.650       44.172391          0.86812284         17274
      1.778     0.650       28.745988          0.64995619         13549
      2.239     0.650       19.392036          0.49274986         10876
      2.818     0.650       11.694013          0.35949883          8155
      3.548     0.650       6.9737619          0.24689237          6213
      4.467     0.650       4.4279893          0.17810891          4558
      5.623     0.650       2.7295989          0.12112083          3349
      7.079     0.650       1.6463552          0.84654257E-01      2369
      8.913     0.650       1.0645600          0.70300399E-01      1801
      0.112     0.750       552.76411           4.7619872         54976
      0.141     0.750       520.33829           4.5631103         56259
      0.178     0.750       454.38660           4.1048269         55670
      0.224     0.750       392.53365           3.7156793         52631
      0.282     0.750       332.27716           3.2878865         49611
      0.355     0.750       269.99494           2.8845750         45086
      0.447     0.750       209.75935           2.4249073         40044
      0.562     0.750       158.25346           2.0229461         34570
      0.708     0.750       117.19397           1.6486433         29678
      0.891     0.750       83.306751           1.3268197         24468
      1.122     0.750       57.242905           1.0288305         19935
      1.413     0.750       38.962793          0.80796031         15743
      1.778     0.750       25.264355          0.60572196         12442
      2.239     0.750       16.926322          0.46093114          9685
      2.818     0.750       10.411044          0.33180101          7218
      3.548     0.750       6.5254369          0.23359827          5366
      4.467     0.750       4.2275040          0.18148237          4132
      5.623     0.750       2.4381518          0.11965062          2943
      7.079     0.750       1.4570091          0.80070392E-01      2213
      8.913     0.750      0.81487580          0.55370435E-01      1501
      0.112     0.850       544.90590           4.5716372         56579
      0.141     0.850       511.26791           4.3966342         56841
      0.178     0.850       448.99600           4.0236247         55470
      0.224     0.850       376.85710           3.5358535         52658
      0.282     0.850       321.46782           3.1827204         49102
      0.355     0.850       255.91598           2.7367109         44329
      0.447     0.850       201.86665           2.3510011         38906
      0.562     0.850       152.42135           1.9576836         33348
      0.708     0.850       110.53130           1.5924435         28040
      0.891     0.850       79.927746           1.2969432         23137
      1.122     0.850       54.264860           1.0111987         18594
      1.413     0.850       37.361188          0.78782942         14856
      1.778     0.850       24.021546          0.58242739         11762
      2.239     0.850       14.701468          0.43313054          8803
      2.818     0.850       9.4667777          0.30362299          6763
      3.548     0.850       5.9685400          0.23029311          4960
      4.467     0.850       3.5339565          0.15800568          3698
      5.623     0.850       2.2116650          0.11918328          2731
      7.079     0.850       1.2404955          0.74354092E-01      1947
      8.913     0.850      0.72819849          0.56735064E-01      1357
      0.112     0.950       540.97694           4.4732254         57372
      0.141     0.950       494.74411           4.2085709         57112
      0.178     0.950       437.18792           3.8830099         55446
      0.224     0.950       372.41859           3.4906769         51887
      0.282     0.950       312.15182           3.1220285         47988
      0.355     0.950       248.10638           2.6885725         42940
      0.447     0.950       193.27885           2.2741039         37496
      0.562     0.950       146.28372           1.9111473         32113
      0.708     0.950       105.47291           1.5606766         26521
      0.891     0.950       76.128203           1.2723039         21939
      1.122     0.950       51.504632          0.97685495         17736
      1.413     0.950       33.750325          0.74929325         13692
      1.778     0.950       21.374740          0.55416125         10689
      2.239     0.950       14.013248          0.41884744          8314
      2.818     0.950       8.6871845          0.29661229          6191
      3.548     0.950       5.4394920          0.23145345          4512
      4.467     0.950       3.1002842          0.13916104          3361
      5.623     0.950       1.8083879          0.99018156E-01      2403
      7.079     0.950       1.1075655          0.73325076E-01      1678
      8.913     0.950      0.68755077          0.55502686E-01      1181
