 # fmax20_0311z.kam_nbm   
      0.106    -0.950       602.69470           5.5144858         51721
      0.119    -0.950       589.29103           5.4483162         52680
      0.133    -0.950       577.63536           5.3550680         53753
      0.150    -0.950       554.85202           5.1363631         54238
      0.168    -0.950       529.88293           4.9687104         54164
      0.188    -0.950       507.35405           4.7538913         54593
      0.211    -0.950       495.26530           4.7076442         54160
      0.237    -0.950       465.49178           4.4830019         53242
      0.266    -0.950       432.93757           4.2446705         52156
      0.299    -0.950       405.70740           4.1113768         50627
      0.335    -0.950       376.29394           3.8806645         48821
      0.376    -0.950       348.42365           3.6916719         47438
      0.422    -0.950       311.05964           3.4118769         45186
      0.473    -0.950       276.51988           3.1840959         42774
      0.531    -0.950       242.74501           2.9059036         40517
      0.596    -0.950       218.02337           2.7262628         38413
      0.668    -0.950       194.36710           2.5125462         36144
      0.750    -0.950       167.62527           2.2771238         33841
      0.841    -0.950       144.35437           2.0528688         31577
      0.944    -0.950       125.06782           1.8860212         29349
      1.059    -0.950       108.51740           1.7157309         27223
      1.189    -0.950       89.976911           1.5028859         24934
      1.334    -0.950       79.239981           1.3884009         23376
      1.496    -0.950       66.437596           1.2324113         21198
      1.679    -0.950       54.231620           1.0784953         19309
      1.884    -0.950       45.365481          0.94219250         17550
      2.113    -0.950       36.993206          0.82158815         16070
      2.371    -0.950       30.473977          0.71464151         14649
      2.661    -0.950       26.062956          0.64135036         13145
      2.985    -0.950       19.909755          0.52059405         11898
      3.350    -0.950       16.060680          0.42491331         10580
      3.758    -0.950       13.763294          0.40613655          9560
      4.217    -0.950       10.835579          0.31603994          8593
      4.732    -0.950       8.7264854          0.27776312          7644
      5.309    -0.950       7.0514949          0.23819901          6821
      5.957    -0.950       5.7946457          0.19779999          6065
      6.683    -0.950       4.7537847          0.17777077          5328
      7.499    -0.950       3.9997663          0.15681675          4686
      8.414    -0.950       3.0251496          0.12573586          4154
      9.441    -0.950       2.3440119          0.93031775E-01      3684
      0.106    -0.850       621.39475           5.9251820         50256
      0.119    -0.850       608.41753           5.7990614         51128
      0.133    -0.850       592.40729           5.6706494         51983
      0.150    -0.850       565.65594           5.4194173         52514
      0.168    -0.850       542.57108           5.2127155         53204
      0.188    -0.850       532.10583           5.1206473         53231
      0.211    -0.850       503.08336           4.9588889         52955
      0.237    -0.850       472.35937           4.6940072         52499
      0.266    -0.850       439.55592           4.4301903         51595
      0.299    -0.850       405.91517           4.1592336         50068
      0.335    -0.850       378.14938           3.9711978         48868
      0.376    -0.850       349.06631           3.7791677         46715
      0.422    -0.850       312.40625           3.4647701         45261
      0.473    -0.850       281.47879           3.2777799         42655
      0.531    -0.850       248.99669           2.9741340         40753
      0.596    -0.850       219.46824           2.7351765         38541
      0.668    -0.850       196.12728           2.5526569         36391
      0.750    -0.850       174.33162           2.3433230         34391
      0.841    -0.850       150.43200           2.1588199         31983
      0.944    -0.850       125.72062           1.8761863         29596
      1.059    -0.850       113.24802           1.7735009         27461
      1.189    -0.850       92.300049           1.5347907         25435
      1.334    -0.850       80.657191           1.3931043         23416
      1.496    -0.850       67.158647           1.2339450         21519
      1.679    -0.850       55.192772           1.0904054         19917
      1.884    -0.850       46.736071          0.96654549         17959
      2.113    -0.850       38.778836          0.84176352         16403
      2.371    -0.850       30.448028          0.67837475         15076
      2.661    -0.850       26.583038          0.64578732         13370
      2.985    -0.850       21.454993          0.54373742         12104
      3.350    -0.850       18.010623          0.48058213         10943
      3.758    -0.850       14.620348          0.40928448          9916
      4.217    -0.850       11.226019          0.32668459          8904
      4.732    -0.850       9.4337553          0.27542462          8017
      5.309    -0.850       7.0668155          0.22897298          6874
      5.957    -0.850       6.0614773          0.20383198          6171
      6.683    -0.850       4.6960492          0.16805790          5372
      7.499    -0.850       4.0005340          0.14971578          4791
      8.414    -0.850       3.2343810          0.12295745          4312
      9.441    -0.850       2.5021758          0.11159950          3668
      0.106    -0.750       693.03488           6.6828963         48521
      0.119    -0.750       684.72653           6.5704462         50348
      0.133    -0.750       659.97395           6.3082686         51285
      0.150    -0.750       624.37178           6.0379105         51790
      0.168    -0.750       595.76760           5.8234926         51985
      0.188    -0.750       567.07689           5.5330706         52413
      0.211    -0.750       542.61563           5.3986902         51805
      0.237    -0.750       505.96808           5.1032455         51888
      0.266    -0.750       471.48611           4.8469853         50760
      0.299    -0.750       439.05260           4.5776660         49347
      0.335    -0.750       408.36061           4.3442287         48320
      0.376    -0.750       373.79902           4.0727585         46562
      0.422    -0.750       330.85495           3.7414153         44618
      0.473    -0.750       299.02295           3.4940752         43088
      0.531    -0.750       256.37512           3.1167024         40117
      0.596    -0.750       232.68709           2.9273823         38501
      0.668    -0.750       207.88543           2.7042390         36384
      0.750    -0.750       173.10432           2.3654578         33872
      0.841    -0.750       154.15879           2.2061700         31678
      0.944    -0.750       134.48795           2.0165147         29529
      1.059    -0.750       112.57858           1.7685418         27465
      1.189    -0.750       95.339744           1.5720950         25391
      1.334    -0.750       83.328974           1.4327728         23847
      1.496    -0.750       67.615435           1.2612310         21672
      1.679    -0.750       58.766445           1.1346110         20088
      1.884    -0.750       49.146294           1.0024524         18241
      2.113    -0.750       42.411814          0.92996691         16741
      2.371    -0.750       33.391332          0.76322977         15187
      2.661    -0.750       26.862787          0.63604397         13815
      2.985    -0.750       22.853667          0.58262128         12417
      3.350    -0.750       17.325998          0.45228609         11029
      3.758    -0.750       14.540251          0.39680186          9905
      4.217    -0.750       11.443538          0.31730061          8958
      4.732    -0.750       9.0913525          0.27791812          7999
      5.309    -0.750       7.6843031          0.25684962          7078
      5.957    -0.750       5.9078370          0.19403757          6327
      6.683    -0.750       4.9567515          0.17378700          5643
      7.499    -0.750       4.3794073          0.16054847          5022
      8.414    -0.750       3.3394597          0.13693724          4341
      9.441    -0.750       2.5847227          0.10100762          3979
      0.106    -0.650       705.57650           7.0692519         45967
      0.119    -0.650       699.49000           6.9583342         47664
      0.133    -0.650       655.72846           6.5637500         48003
      0.150    -0.650       627.22522           6.3031382         49146
      0.168    -0.650       601.38365           6.0964844         49537
      0.188    -0.650       562.73422           5.7170097         49696
      0.211    -0.650       550.54464           5.5922060         49886
      0.237    -0.650       511.09666           5.2952187         50060
      0.266    -0.650       479.46749           5.0427471         49128
      0.299    -0.650       441.80460           4.7634438         47772
      0.335    -0.650       404.37878           4.4160554         46828
      0.376    -0.650       367.65405           4.1406998         45543
      0.422    -0.650       334.74884           3.8820924         43777
      0.473    -0.650       300.89444           3.5666573         42154
      0.531    -0.650       263.38612           3.2655496         40016
      0.596    -0.650       236.73688           3.0106442         37981
      0.668    -0.650       208.78489           2.7381024         35738
      0.750    -0.650       179.72919           2.4815390         33774
      0.841    -0.650       158.14632           2.2976358         31535
      0.944    -0.650       136.58261           2.0739211         29697
      1.059    -0.650       119.18558           1.8504465         27698
      1.189    -0.650       102.40888           1.6693751         25651
      1.334    -0.650       83.762975           1.4512589         23411
      1.496    -0.650       71.914338           1.3189895         21880
      1.679    -0.650       58.609406           1.1317271         19833
      1.884    -0.650       51.281305           1.0517363         18073
      2.113    -0.650       41.876440          0.90078490         16653
      2.371    -0.650       33.870302          0.77045926         14932
      2.661    -0.650       27.589829          0.65486100         13699
      2.985    -0.650       23.727366          0.58641216         12659
      3.350    -0.650       19.994234          0.52956764         11498
      3.758    -0.650       15.728460          0.42529213         10135
      4.217    -0.650       12.808586          0.35253935          9166
      4.732    -0.650       9.9223066          0.30882325          8085
      5.309    -0.650       7.8461128          0.24693106          7178
      5.957    -0.650       6.6397054          0.22899761          6510
      6.683    -0.650       5.2272562          0.19442470          5620
      7.499    -0.650       4.4515641          0.15748771          5081
      8.414    -0.650       3.5990173          0.14010309          4456
      9.441    -0.650       2.5846270          0.10044237          3904
      0.106    -0.550       649.46071           6.9580047         42148
      0.119    -0.550       632.60650           6.7743402         43282
      0.133    -0.550       604.37713           6.4492813         44481
      0.150    -0.550       582.96782           6.2980359         44809
      0.168    -0.550       554.56655           5.9518157         45738
      0.188    -0.550       528.11327           5.6696380         46405
      0.211    -0.550       500.83712           5.4384315         46448
      0.237    -0.550       483.23910           5.3168117         46285
      0.266    -0.550       447.69889           4.9226966         46170
      0.299    -0.550       410.28994           4.5734772         45295
      0.335    -0.550       380.48993           4.3502848         44348
      0.376    -0.550       353.96538           4.1343618         43521
      0.422    -0.550       317.15957           3.7427010         41967
      0.473    -0.550       287.84023           3.5165794         40549
      0.531    -0.550       258.01112           3.2411449         38532
      0.596    -0.550       228.05388           2.9664376         37039
      0.668    -0.550       203.81231           2.7214373         34837
      0.750    -0.550       178.70504           2.4731217         33321
      0.841    -0.550       155.00565           2.2319489         31184
      0.944    -0.550       133.78734           2.0128126         29150
      1.059    -0.550       115.09793           1.8174484         27017
      1.189    -0.550       100.62394           1.6385682         25215
      1.334    -0.550       85.627644           1.4795818         23818
      1.496    -0.550       71.108166           1.2725416         21686
      1.679    -0.550       59.149122           1.1127757         19655
      1.884    -0.550       51.590259           1.0269668         18381
      2.113    -0.550       42.472515          0.88288283         16613
      2.371    -0.550       34.221830          0.75485732         15282
      2.661    -0.550       30.078754          0.68321087         13944
      2.985    -0.550       23.226561          0.57230366         12452
      3.350    -0.550       20.295768          0.51031081         11320
      3.758    -0.550       16.037715          0.43163649         10181
      4.217    -0.550       12.690599          0.36363189          8957
      4.732    -0.550       11.536930          0.33796897          8217
      5.309    -0.550       8.3935611          0.25095673          7410
      5.957    -0.550       6.9906654          0.22860924          6398
      6.683    -0.550       5.8395058          0.19982972          5785
      7.499    -0.550       4.7199251          0.17162199          5143
      8.414    -0.550       3.6243473          0.12847247          4585
      9.441    -0.550       3.0571036          0.12033525          4022
      0.106    -0.450       615.77733           7.2733358         37603
      0.119    -0.450       603.67478           7.1065581         39551
      0.133    -0.450       578.39375           6.8551805         39550
      0.150    -0.450       539.69314           6.3471991         40817
      0.168    -0.450       512.51425           6.0711027         41355
      0.188    -0.450       502.87595           5.9372435         42212
      0.211    -0.450       483.56687           5.6541865         42737
      0.237    -0.450       445.81074           5.2454049         42594
      0.266    -0.450       423.21555           4.9878608         42794
      0.299    -0.450       390.60801           4.7253392         42034
      0.335    -0.450       355.61532           4.3402451         41335
      0.376    -0.450       333.34709           4.1287094         40810
      0.422    -0.450       297.48702           3.7753516         39724
      0.473    -0.450       273.07650           3.4493520         38431
      0.531    -0.450       246.98693           3.2912098         37163
      0.596    -0.450       215.80374           2.9220623         35143
      0.668    -0.450       197.25599           2.6823601         33752
      0.750    -0.450       170.63442           2.4031119         32131
      0.841    -0.450       150.42520           2.1865355         30308
      0.944    -0.450       128.78349           1.9662077         28685
      1.059    -0.450       116.28646           1.8586554         26956
      1.189    -0.450       98.591189           1.6020970         24957
      1.334    -0.450       87.440293           1.5150380         23291
      1.496    -0.450       73.260299           1.3099936         21868
      1.679    -0.450       62.900517           1.1913118         19756
      1.884    -0.450       51.122808           1.0252690         18231
      2.113    -0.450       43.494492          0.89340811         16976
      2.371    -0.450       37.706147          0.81167137         15454
      2.661    -0.450       31.184454          0.70375128         13886
      2.985    -0.450       26.224988          0.62658472         12722
      3.350    -0.450       21.296745          0.53691425         11588
      3.758    -0.450       17.188790          0.45751855         10205
      4.217    -0.450       14.541655          0.39647989          9391
      4.732    -0.450       11.454842          0.33129838          8337
      5.309    -0.450       8.7148768          0.26205237          7363
      5.957    -0.450       7.6714089          0.25755831          6570
      6.683    -0.450       5.8231698          0.17974985          5893
      7.499    -0.450       4.6559306          0.16356308          5224
      8.414    -0.450       3.9062852          0.13988740          4712
      9.441    -0.450       3.1221224          0.11562573          4057
      0.106    -0.350       644.79357           8.2903173         33700
      0.119    -0.350       635.45995           8.1002255         34704
      0.133    -0.350       603.53615           7.6478801         35457
      0.150    -0.350       577.32143           7.3332930         36115
      0.168    -0.350       546.00126           6.9724201         37099
      0.188    -0.350       516.67663           6.6613222         37812
      0.211    -0.350       487.91061           6.2748228         37822
      0.237    -0.350       451.40590           5.7582182         38243
      0.266    -0.350       423.75937           5.4516008         38253
      0.299    -0.350       392.99175           5.1869910         37668
      0.335    -0.350       356.03852           4.7124981         37540
      0.376    -0.350       330.21712           4.4664233         36491
      0.422    -0.350       297.34248           4.0254798         36159
      0.473    -0.350       260.98504           3.6075989         35018
      0.531    -0.350       238.62201           3.3211126         34153
      0.596    -0.350       210.53321           2.9762378         32710
      0.668    -0.350       187.95947           2.7619431         31224
      0.750    -0.350       168.55585           2.4702714         30067
      0.841    -0.350       152.32282           2.3245974         28488
      0.944    -0.350       131.74383           2.0889291         27170
      1.059    -0.350       112.18743           1.7883933         25738
      1.189    -0.350       99.053224           1.6888350         23974
      1.334    -0.350       85.236188           1.4816308         22650
      1.496    -0.350       72.854394           1.3198023         21150
      1.679    -0.350       63.825966           1.1750494         19663
      1.884    -0.350       52.535826           1.0391129         17928
      2.113    -0.350       45.825957          0.94105227         16816
      2.371    -0.350       39.285616          0.84249780         15180
      2.661    -0.350       32.111225          0.74750303         13927
      2.985    -0.350       26.487832          0.61581639         12649
      3.350    -0.350       22.974346          0.57753388         11572
      3.758    -0.350       18.350000          0.46671609         10372
      4.217    -0.350       15.091627          0.41070295          9436
      4.732    -0.350       12.388368          0.34973275          8570
      5.309    -0.350       9.6193792          0.28196867          7660
      5.957    -0.350       7.8409634          0.23793174          6730
      6.683    -0.350       6.2180434          0.19626695          6086
      7.499    -0.350       5.2188793          0.18075349          5405
      8.414    -0.350       4.0202834          0.14580763          4805
      9.441    -0.350       3.1788290          0.11261687          4251
      0.106    -0.250       701.04479           9.8459664         28281
      0.119    -0.250       680.85680           9.4810545         29087
      0.133    -0.250       657.04472           9.0692176         29994
      0.150    -0.250       622.14762           8.6370840         30349
      0.168    -0.250       591.26694           8.2645060         31252
      0.188    -0.250       544.89668           7.4981919         31546
      0.211    -0.250       509.09899           7.2187335         31823
      0.237    -0.250       483.64910           6.8710403         32102
      0.266    -0.250       443.02768           6.2701358         32191
      0.299    -0.250       410.88005           5.8736384         31901
      0.335    -0.250       367.05396           5.3616673         31617
      0.376    -0.250       337.52055           5.0421270         31129
      0.422    -0.250       312.35908           4.7148990         31047
      0.473    -0.250       273.13169           4.1741286         30451
      0.531    -0.250       253.58465           3.8964281         29547
      0.596    -0.250       223.73564           3.5054077         28663
      0.668    -0.250       192.03459           3.1111412         27356
      0.750    -0.250       176.58091           2.8954686         26446
      0.841    -0.250       152.33816           2.6073662         25540
      0.944    -0.250       131.94291           2.3047202         23996
      1.059    -0.250       116.54732           2.0263609         23145
      1.189    -0.250       101.48830           1.8289206         21816
      1.334    -0.250       86.644675           1.6126845         20739
      1.496    -0.250       76.973398           1.5346562         19147
      1.679    -0.250       65.424607           1.3133829         18024
      1.884    -0.250       54.235654           1.1325134         16515
      2.113    -0.250       47.703641           1.0310417         15709
      2.371    -0.250       38.534248          0.84077434         14212
      2.661    -0.250       32.062986          0.71323967         13313
      2.985    -0.250       29.199368          0.72789140         12261
      3.350    -0.250       23.213939          0.58215622         11231
      3.758    -0.250       19.691204          0.52604952         10210
      4.217    -0.250       16.603582          0.44668875          9183
      4.732    -0.250       13.556114          0.39351981          8389
      5.309    -0.250       10.879769          0.32837255          7388
      5.957    -0.250       8.8667923          0.28302247          6748
      6.683    -0.250       7.2804748          0.24503597          5920
      7.499    -0.250       5.8373948          0.20546874          5404
      8.414    -0.250       4.8377877          0.16847968          4908
      9.441    -0.250       3.8231402          0.14308145          4250
      0.106    -0.150       759.65667           11.923899         21056
      0.119    -0.150       729.67852           11.556770         21797
      0.133    -0.150       728.60342           11.321441         22888
      0.150    -0.150       671.78257           10.725848         22959
      0.168    -0.150       649.30863           10.464244         23466
      0.188    -0.150       598.67752           9.5476939         23653
      0.211    -0.150       572.52438           9.2716996         23802
      0.237    -0.150       529.63749           8.5520710         23902
      0.266    -0.150       482.90757           8.0029185         24065
      0.299    -0.150       435.77315           7.4175954         23534
      0.335    -0.150       400.81571           6.8494898         23860
      0.376    -0.150       363.79725           6.2804229         23310
      0.422    -0.150       332.20176           5.9258943         22840
      0.473    -0.150       299.23164           5.4141325         22404
      0.531    -0.150       265.30306           4.9144325         21816
      0.596    -0.150       232.27474           4.2927663         21233
      0.668    -0.150       202.36564           3.7415435         20721
      0.750    -0.150       177.73873           3.6519050         19847
      0.841    -0.150       158.98166           3.1990205         19042
      0.944    -0.150       136.99899           2.7353148         18205
      1.059    -0.150       117.89204           2.4525730         17655
      1.189    -0.150       107.63394           2.3094692         16877
      1.334    -0.150       88.149561           1.9619188         15687
      1.496    -0.150       80.800747           1.7783751         15095
      1.679    -0.150       68.256594           1.5963621         14184
      1.884    -0.150       57.702266           1.4641849         13286
      2.113    -0.150       49.800577           1.2086657         12481
      2.371    -0.150       40.911834          0.97908135         11623
      2.661    -0.150       37.881216           1.0086953         10779
      2.985    -0.150       30.215656          0.82051285         10104
      3.350    -0.150       24.221312          0.65495215          9093
      3.758    -0.150       22.104958          0.67795529          8465
      4.217    -0.150       16.874767          0.51801929          7771
      4.732    -0.150       14.254708          0.46288951          6962
      5.309    -0.150       11.732804          0.39426012          6262
      5.957    -0.150       9.8741366          0.31916995          5812
      6.683    -0.150       7.8232952          0.28833894          5143
      7.499    -0.150       6.4250385          0.22759106          4489
      8.414    -0.150       5.1749611          0.19672099          4170
      9.441    -0.150       4.2738629          0.18150449          3654
      0.106    -0.050       1000.5507           27.683479         10248
      0.119    -0.050       962.32749           26.517593         10561
      0.133    -0.050       948.96403           27.286006         10592
      0.150    -0.050       829.64532           22.445193         10750
      0.168    -0.050       842.47549           24.991799         10799
      0.188    -0.050       761.49200           22.534201         10803
      0.211    -0.050       697.95686           19.891689         10811
      0.237    -0.050       656.35998           20.994419         10839
      0.266    -0.050       644.03665           19.012590         10838
      0.299    -0.050       559.39636           17.824782         10596
      0.335    -0.050       517.89697           15.487945         10409
      0.376    -0.050       447.87574           15.221530          9849
      0.422    -0.050       402.67656           13.823706          9834
      0.473    -0.050       339.23360           11.227572          9568
      0.531    -0.050       313.47011           10.855529          9248
      0.596    -0.050       262.63689           9.2809674          8623
      0.668    -0.050       240.79203           9.5225151          8585
      0.750    -0.050       200.80351           7.5311912          8120
      0.841    -0.050       178.11391           7.1356386          7930
      0.944    -0.050       163.73124           6.7488301          7577
      1.059    -0.050       142.81332           5.8311186          7238
      1.189    -0.050       121.18155           5.8333742          6848
      1.334    -0.050       95.743188           3.9303119          6411
      1.496    -0.050       88.289524           4.1174059          6182
      1.679    -0.050       71.129702           2.9259059          5813
      1.884    -0.050       62.784965           3.2543339          5536
      2.113    -0.050       52.732845           2.3689425          5195
      2.371    -0.050       49.531140           2.9188446          4866
      2.661    -0.050       35.204628           1.6450544          4525
      2.985    -0.050       32.759932           1.8860542          4217
      3.350    -0.050       27.529690           1.3321670          3947
      3.758    -0.050       22.729276           1.4106656          3483
      4.217    -0.050       17.151754          0.79728495          3395
      4.732    -0.050       16.273447          0.95999301          3103
      5.309    -0.050       11.474482          0.65471420          2764
      5.957    -0.050       10.866796          0.62677600          2615
      6.683    -0.050       8.7331129          0.58098183          2262
      7.499    -0.050       7.2502242          0.52352670          2132
      8.414    -0.050       6.0648715          0.40063840          1932
      9.441    -0.050       4.7166218          0.29136532          1706
      0.106     0.050       974.66138           27.459376         10427
      0.119     0.050       882.76709           24.758335         10421
      0.133     0.050       931.51347           27.496095         10496
      0.150     0.050       820.65927           22.784648         10559
      0.168     0.050       797.25398           23.586866         10864
      0.188     0.050       764.02753           22.921736         10872
      0.211     0.050       703.06023           19.816774         10770
      0.237     0.050       640.85262           19.684194         10826
      0.266     0.050       587.24007           17.261321         10501
      0.299     0.050       546.96916           17.398894         10673
      0.335     0.050       484.87698           14.671985         10178
      0.376     0.050       441.33121           14.357221          9979
      0.422     0.050       403.20288           14.257017          9829
      0.473     0.050       333.76290           10.918344          9456
      0.531     0.050       310.86144           10.867052          8968
      0.596     0.050       268.06822           9.3172428          8911
      0.668     0.050       230.05300           8.5664726          8502
      0.750     0.050       203.59541           7.0893372          8223
      0.841     0.050       185.01327           7.0139169          7925
      0.944     0.050       159.76223           5.9283069          7753
      1.059     0.050       146.91123           6.3612986          7338
      1.189     0.050       115.92150           5.2806667          6818
      1.334     0.050       103.41428           4.2620821          6501
      1.496     0.050       87.415811           3.9544336          6228
      1.679     0.050       71.602046           2.9062895          5876
      1.884     0.050       72.937706           4.1492422          5505
      2.113     0.050       54.320111           2.5823966          5197
      2.371     0.050       50.415953           3.0642614          4901
      2.661     0.050       34.331449           1.5694898          4568
      2.985     0.050       32.920177           1.9162146          4092
      3.350     0.050       29.326900           1.5829136          3904
      3.758     0.050       22.902768           1.3356486          3646
      4.217     0.050       16.986100          0.81496972          3280
      4.732     0.050       16.189554          0.91222282          3088
      5.309     0.050       11.210189          0.53752426          2857
      5.957     0.050       10.750263          0.63319301          2513
      6.683     0.050       8.9232716          0.54170688          2349
      7.499     0.050       7.0684560          0.51379499          2103
      8.414     0.050       6.0776047          0.41117132          1882
      9.441     0.050       4.4544308          0.28713329          1773
      0.106     0.150       608.72163           9.1620983         20865
      0.119     0.150       626.66049           9.2404553         21663
      0.133     0.150       573.96212           8.4749608         22230
      0.150     0.150       559.40907           8.4278718         22744
      0.168     0.150       552.19758           8.3518678         22897
      0.188     0.150       517.56522           7.8216664         23309
      0.211     0.150       494.46700           7.6755611         23584
      0.237     0.150       471.98877           7.3288105         23873
      0.266     0.150       439.05740           6.8838529         23748
      0.299     0.150       418.89523           6.6514422         23952
      0.335     0.150       372.72365           6.0949485         23502
      0.376     0.150       349.34665           5.7702155         22990
      0.422     0.150       316.76399           5.2930442         22901
      0.473     0.150       277.44788           4.7712119         22338
      0.531     0.150       260.15742           4.5644053         21950
      0.596     0.150       223.44864           4.0607618         20740
      0.668     0.150       206.52172           3.8901598         20566
      0.750     0.150       177.16821           3.2985517         19904
      0.841     0.150       158.57591           3.0400250         19017
      0.944     0.150       142.06140           2.9162517         18281
      1.059     0.150       126.86186           2.6028865         17774
      1.189     0.150       109.28749           2.2906343         16700
      1.334     0.150       97.020854           2.1213265         15957
      1.496     0.150       82.386430           1.8671982         15034
      1.679     0.150       68.974130           1.6201172         14012
      1.884     0.150       60.197901           1.4607192         13330
      2.113     0.150       49.590828           1.3015783         12282
      2.371     0.150       43.180578           1.1410826         11493
      2.661     0.150       36.837884           1.0397134         10654
      2.985     0.150       28.907487          0.80758251          9913
      3.350     0.150       26.264545          0.76778570          9179
      3.758     0.150       21.503143          0.68519194          8377
      4.217     0.150       17.651084          0.57217259          7738
      4.732     0.150       14.566687          0.43284235          7090
      5.309     0.150       11.739275          0.40518823          6395
      5.957     0.150       9.0451817          0.29817658          5598
      6.683     0.150       8.1621071          0.28977392          5126
      7.499     0.150       6.3389329          0.22292408          4673
      8.414     0.150       5.2127052          0.19668657          4148
      9.441     0.150       4.3976402          0.17708777          3843
      0.106     0.250       483.34211           6.2664136         26795
      0.119     0.250       477.18108           6.1677826         27613
      0.133     0.250       461.83033           5.9304625         28597
      0.150     0.250       455.98451           5.8255388         29457
      0.168     0.250       433.22194           5.5781106         30160
      0.188     0.250       440.22598           5.6667748         30713
      0.211     0.250       411.12017           5.3884719         30919
      0.237     0.250       392.48055           5.0948812         31020
      0.266     0.250       378.33260           4.9590819         31499
      0.299     0.250       350.18939           4.6953933         31388
      0.335     0.250       324.11411           4.3888239         31423
      0.376     0.250       302.74658           4.1783898         30958
      0.422     0.250       284.09614           3.9555492         30726
      0.473     0.250       260.21103           3.7405482         30100
      0.531     0.250       227.56804           3.3831775         29215
      0.596     0.250       214.03087           3.2284892         28415
      0.668     0.250       189.60197           2.9143927         27382
      0.750     0.250       169.15762           2.6341241         26621
      0.841     0.250       147.43161           2.3842985         25054
      0.944     0.250       136.19027           2.3199561         24147
      1.059     0.250       116.16119           2.0573492         23031
      1.189     0.250       103.35690           1.8415888         22080
      1.334     0.250       91.030233           1.6889220         20528
      1.496     0.250       77.691506           1.4946947         19400
      1.679     0.250       65.951860           1.3278541         17941
      1.884     0.250       57.493934           1.2113086         16860
      2.113     0.250       48.024276           1.0733105         15442
      2.371     0.250       40.516101          0.92894230         14379
      2.661     0.250       34.824337          0.84679308         13368
      2.985     0.250       29.454939          0.71385667         12239
      3.350     0.250       23.855373          0.60133925         11227
      3.758     0.250       19.692369          0.54115302         10176
      4.217     0.250       16.124009          0.43353765          9219
      4.732     0.250       13.379754          0.38227299          8333
      5.309     0.250       10.692999          0.31470713          7456
      5.957     0.250       9.5125115          0.29358994          6672
      6.683     0.250       7.1355661          0.23586745          6013
      7.499     0.250       6.0647820          0.20869638          5398
      8.414     0.250       4.7377591          0.18024469          4743
      9.441     0.250       4.2501803          0.18088845          4306
      0.106     0.350       428.87871           5.0453543         31509
      0.119     0.350       427.58888           5.0014386         32813
      0.133     0.350       418.81346           4.8943140         33825
      0.150     0.350       410.52764           4.7793868         34863
      0.168     0.350       397.73389           4.6268966         35477
      0.188     0.350       392.37182           4.5787800         36210
      0.211     0.350       382.70488           4.4656453         36895
      0.237     0.350       363.07334           4.2611848         37198
      0.266     0.350       348.21753           4.1021229         37112
      0.299     0.350       328.26994           3.9352250         36679
      0.335     0.350       306.52829           3.7419327         36462
      0.376     0.350       288.78506           3.5512728         36221
      0.422     0.350       266.84377           3.3425646         35358
      0.473     0.350       246.62662           3.1521566         34818
      0.531     0.350       228.66716           3.0228491         34153
      0.596     0.350       204.09334           2.7348262         32490
      0.668     0.350       184.83776           2.5675954         31348
      0.750     0.350       166.15317           2.3503274         30161
      0.841     0.350       149.51623           2.2246242         29024
      0.944     0.350       127.92163           1.9934999         26924
      1.059     0.350       111.62774           1.7897626         25627
      1.189     0.350       102.80431           1.7362413         24293
      1.334     0.350       85.849638           1.4880176         22762
      1.496     0.350       73.858429           1.3357809         20925
      1.679     0.350       63.084783           1.2290137         19437
      1.884     0.350       51.648003           1.0127278         17842
      2.113     0.350       44.354077          0.94193048         16647
      2.371     0.350       39.165675          0.85058257         15420
      2.661     0.350       32.411423          0.73977367         13883
      2.985     0.350       26.640758          0.63395961         12735
      3.350     0.350       23.084127          0.58151223         11684
      3.758     0.350       17.513269          0.44477015         10308
      4.217     0.350       15.083610          0.40826064          9606
      4.732     0.350       12.702156          0.35167583          8634
      5.309     0.350       9.8124226          0.29086411          7681
      5.957     0.350       7.6531886          0.23816471          6856
      6.683     0.350       6.8822745          0.24383388          6163
      7.499     0.350       5.1970416          0.18225306          5428
      8.414     0.350       4.4838076          0.15852082          4907
      9.441     0.350       3.4387128          0.13173932          4322
      0.106     0.450       395.55565           4.3185646         35491
      0.119     0.450       404.12224           4.3316515         37284
      0.133     0.450       401.87825           4.3310836         38587
      0.150     0.450       383.25606           4.1128677         39194
      0.168     0.450       384.03467           4.1627765         39838
      0.188     0.450       382.55459           4.0768270         40754
      0.211     0.450       368.66050           3.9403272         41593
      0.237     0.450       355.07621           3.8304922         41342
      0.266     0.450       335.04438           3.6635639         41407
      0.299     0.450       320.76346           3.6050563         40780
      0.335     0.450       309.95840           3.4870898         40780
      0.376     0.450       283.06416           3.2431248         40022
      0.422     0.450       261.83334           3.0796418         38809
      0.473     0.450       241.89983           2.9206162         38081
      0.531     0.450       225.66702           2.7743387         36577
      0.596     0.450       206.58509           2.5909292         35384
      0.668     0.450       181.52003           2.4171737         33644
      0.750     0.450       166.16834           2.2618414         32125
      0.841     0.450       145.97031           2.0736011         30110
      0.944     0.450       124.91936           1.8368767         28323
      1.059     0.450       113.59429           1.7537543         27011
      1.189     0.450       95.707720           1.5473730         24921
      1.334     0.450       84.751189           1.4076027         23122
      1.496     0.450       73.537607           1.2969294         21775
      1.679     0.450       63.347467           1.2135098         19715
      1.884     0.450       53.261829           1.0432266         18427
      2.113     0.450       46.554708          0.96946312         17037
      2.371     0.450       37.463638          0.79723629         15622
      2.661     0.450       30.739654          0.71227125         14166
      2.985     0.450       25.408462          0.60468154         12801
      3.350     0.450       20.549396          0.51636082         11804
      3.758     0.450       17.352749          0.47543593         10347
      4.217     0.450       14.067820          0.40649964          9372
      4.732     0.450       11.394840          0.34258622          8510
      5.309     0.450       9.5938614          0.30260800          7699
      5.957     0.450       7.3088801          0.24651525          6778
      6.683     0.450       6.5608564          0.23085113          5948
      7.499     0.450       4.9533120          0.17988703          5291
      8.414     0.450       3.9393480          0.14279913          4749
      9.441     0.450       2.8686182          0.11335523          4151
      0.106     0.550       378.98507           3.9070222         38832
      0.119     0.550       384.14703           3.9179560         40217
      0.133     0.550       386.19719           3.9224395         41766
      0.150     0.550       385.40851           3.8938945         42929
      0.168     0.550       368.28684           3.7254250         43578
      0.188     0.550       367.58994           3.7120179         44118
      0.211     0.550       361.91449           3.6546745         45338
      0.237     0.550       351.33016           3.6077885         44535
      0.266     0.550       331.50681           3.4655341         44366
      0.299     0.550       326.57663           3.3966492         44662
      0.335     0.550       300.96710           3.2251274         43290
      0.376     0.550       281.71513           3.0925468         42431
      0.422     0.550       263.45848           2.9474834         41228
      0.473     0.550       242.26551           2.7816036         39736
      0.531     0.550       218.33569           2.5848876         38109
      0.596     0.550       206.72513           2.5025169         37098
      0.668     0.550       181.14239           2.2864871         35041
      0.750     0.550       161.27314           2.1385872         32940
      0.841     0.550       141.33000           1.9760103         30786
      0.944     0.550       123.78424           1.7753866         29078
      1.059     0.550       110.09421           1.6428915         27187
      1.189     0.550       94.341125           1.5274280         25320
      1.334     0.550       80.161342           1.3555781         23310
      1.496     0.550       72.242064           1.2668650         21493
      1.679     0.550       59.661531           1.0949621         19915
      1.884     0.550       50.871840          0.99855950         18126
      2.113     0.550       42.661024          0.88737975         16779
      2.371     0.550       36.069314          0.78656812         15254
      2.661     0.550       29.873602          0.67543948         14050
      2.985     0.550       24.760398          0.57198603         12672
      3.350     0.550       19.932744          0.51798732         11334
      3.758     0.550       15.954450          0.44081416         10293
      4.217     0.550       13.394098          0.38471450          9200
      4.732     0.550       10.780798          0.32976364          8253
      5.309     0.550       8.6321881          0.27524576          7245
      5.957     0.550       6.9111284          0.23193941          6584
      6.683     0.550       5.8901478          0.20996347          5799
      7.499     0.550       4.3369813          0.15940080          5162
      8.414     0.550       3.2779596          0.12765298          4400
      9.441     0.550       2.9841709          0.12142079          4004
      0.106     0.650       368.07960           3.6222032         41582
      0.119     0.650       376.06021           3.6763406         43267
      0.133     0.650       380.58766           3.6888602         44635
      0.150     0.650       371.20291           3.5981432         45536
      0.168     0.650       370.74004           3.5685123         46770
      0.188     0.650       362.93532           3.5086414         47006
      0.211     0.650       356.75138           3.4739443         47163
      0.237     0.650       344.92154           3.4039455         47341
      0.266     0.650       330.29497           3.3100834         46723
      0.299     0.650       316.54777           3.1937273         46164
      0.335     0.650       305.55772           3.1223085         45461
      0.376     0.650       281.28782           2.9895761         43868
      0.422     0.650       255.31585           2.7761807         42381
      0.473     0.650       238.76886           2.6755092         40942
      0.531     0.650       219.34091           2.5552033         39114
      0.596     0.650       196.19875           2.3653826         37447
      0.668     0.650       176.55796           2.1926101         35238
      0.750     0.650       158.31664           2.0871554         33457
      0.841     0.650       139.35771           1.9263222         31101
      0.944     0.650       122.08027           1.7581026         29282
      1.059     0.650       106.98934           1.6040908         27394
      1.189     0.650       91.489751           1.4332236         25325
      1.334     0.650       81.006133           1.3417528         23738
      1.496     0.650       68.286763           1.2134221         21585
      1.679     0.650       57.115262           1.0745778         19798
      1.884     0.650       47.420334          0.92585960         18295
      2.113     0.650       40.168610          0.84371512         16749
      2.371     0.650       34.088483          0.74658877         15260
      2.661     0.650       27.960949          0.63890756         13929
      2.985     0.650       23.733654          0.59818341         12295
      3.350     0.650       18.215733          0.46475110         11413
      3.758     0.650       16.002543          0.43227710         10076
      4.217     0.650       12.766894          0.35785594          9012
      4.732     0.650       10.172122          0.30846048          8096
      5.309     0.650       8.2415614          0.25853050          7317
      5.957     0.650       6.7488770          0.21963328          6350
      6.683     0.650       5.1512219          0.18203489          5612
      7.499     0.650       4.3188665          0.16091804          5164
      8.414     0.650       3.1519114          0.11219616          4395
      9.441     0.650       2.6205726          0.10060956          3962
      0.106     0.750       371.20155           3.5216521         44471
      0.119     0.750       370.52412           3.4575693         45889
      0.133     0.750       371.76010           3.4747403         47211
      0.150     0.750       368.23530           3.4559776         48046
      0.168     0.750       367.03700           3.4436618         48436
      0.188     0.750       360.49582           3.3649707         49176
      0.211     0.750       354.94985           3.3544423         49030
      0.237     0.750       343.48712           3.2880766         49023
      0.266     0.750       323.40666           3.1434441         48016
      0.299     0.750       314.60982           3.1091087         47854
      0.335     0.750       296.79345           2.9809308         46398
      0.376     0.750       275.75357           2.8468480         44993
      0.422     0.750       252.17570           2.7193768         43288
      0.473     0.750       235.82869           2.5998887         41771
      0.531     0.750       218.74479           2.4902112         39688
      0.596     0.750       190.00045           2.2603605         37350
      0.668     0.750       174.48801           2.1673209         35794
      0.750     0.750       152.45845           1.9822853         33379
      0.841     0.750       135.41673           1.8438838         31581
      0.944     0.750       117.60327           1.6832552         29174
      1.059     0.750       104.20412           1.5612509         27401
      1.189     0.750       88.547330           1.4105268         25291
      1.334     0.750       76.875692           1.3011019         23118
      1.496     0.750       65.330275           1.1530645         21539
      1.679     0.750       54.663874           1.0298353         19467
      1.884     0.750       44.830373          0.87389801         17874
      2.113     0.750       39.533097          0.82403947         16332
      2.371     0.750       31.437758          0.69934356         14667
      2.661     0.750       27.136313          0.64734870         13382
      2.985     0.750       22.559081          0.55701942         12191
      3.350     0.750       18.114312          0.48425246         11010
      3.758     0.750       15.082161          0.42059825          9990
      4.217     0.750       11.828297          0.35222424          8801
      4.732     0.750       10.487416          0.32992127          7919
      5.309     0.750       7.9764066          0.26864273          6943
      5.957     0.750       6.3540148          0.20180495          6314
      6.683     0.750       4.7940197          0.17033253          5451
      7.499     0.750       3.9105607          0.13787072          5004
      8.414     0.750       3.2384237          0.13124273          4220
      9.441     0.750       2.6074695          0.10415940          3842
      0.106     0.850       366.49424           3.3541875         46353
      0.119     0.850       367.60199           3.3456346         47812
      0.133     0.850       368.25035           3.3398184         49141
      0.150     0.850       367.71100           3.3235123         50066
      0.168     0.850       361.29358           3.2763791         50519
      0.188     0.850       355.39365           3.2525729         50778
      0.211     0.850       351.35656           3.2254860         51294
      0.237     0.850       343.34567           3.2074894         50410
      0.266     0.850       328.02616           3.1122089         49701
      0.299     0.850       313.53451           3.0394367         48796
      0.335     0.850       289.50448           2.8755106         47336
      0.376     0.850       277.58110           2.8162584         46187
      0.422     0.850       250.94210           2.6613733         44018
      0.473     0.850       234.27653           2.5538743         42349
      0.531     0.850       209.83091           2.3812382         40376
      0.596     0.850       191.40574           2.2638530         38371
      0.668     0.850       169.68743           2.0867705         36497
      0.750     0.850       152.90454           1.9926807         33990
      0.841     0.850       135.11522           1.8334541         32064
      0.944     0.850       116.08450           1.6790117         29319
      1.059     0.850       103.78993           1.5794209         27483
      1.189     0.850       89.496862           1.4281126         25516
      1.334     0.850       74.272985           1.2618524         23350
      1.496     0.850       64.774949           1.1785205         21522
      1.679     0.850       54.342235           1.0352728         19914
      1.884     0.850       45.222188          0.92833649         17831
      2.113     0.850       36.891290          0.78668549         16349
      2.371     0.850       31.611874          0.69779107         14977
      2.661     0.850       26.335202          0.63349653         13686
      2.985     0.850       22.262828          0.54765182         12380
      3.350     0.850       17.239761          0.47499845         10960
      3.758     0.850       13.900284          0.38581561          9730
      4.217     0.850       11.565251          0.33991073          8887
      4.732     0.850       9.7422987          0.29974175          7975
      5.309     0.850       7.5397403          0.25940008          6992
      5.957     0.850       6.0210377          0.21111637          6447
      6.683     0.850       4.7970263          0.16728746          5660
      7.499     0.850       4.1319844          0.16227317          4963
      8.414     0.850       3.1680291          0.13013665          4353
      9.441     0.850       2.4170918          0.98026318E-01      3793
      0.106     0.950       358.67529           3.1990085         47996
      0.119     0.950       365.16151           3.2356346         49634
      0.133     0.950       365.21576           3.2498677         50435
      0.150     0.950       365.79302           3.2381020         51672
      0.168     0.950       366.86214           3.2462201         51822
      0.188     0.950       359.79525           3.2239195         52244
      0.211     0.950       346.99787           3.1384725         52484
      0.237     0.950       342.08738           3.1446794         51775
      0.266     0.950       325.93849           3.0477232         50913
      0.299     0.950       311.31751           2.9627981         49634
      0.335     0.950       293.48205           2.8642323         48473
      0.376     0.950       267.74060           2.7091109         46690
      0.422     0.950       249.24581           2.6232419         44285
      0.473     0.950       226.90999           2.4667776         42891
      0.531     0.950       209.33015           2.3782283         40381
      0.596     0.950       188.77640           2.2211183         38413
      0.668     0.950       170.44570           2.1035236         36242
      0.750     0.950       149.87746           1.9392538         33952
      0.841     0.950       128.61677           1.7767382         31563
      0.944     0.950       113.42028           1.6491409         29296
      1.059     0.950       102.57454           1.5490942         27533
      1.189     0.950       87.415718           1.4071073         25507
      1.334     0.950       73.635864           1.2612161         23480
      1.496     0.950       63.730876           1.1465422         21699
      1.679     0.950       50.051540          0.97558517         19558
      1.884     0.950       43.445586          0.89031676         17776
      2.113     0.950       36.833630          0.79421040         16272
      2.371     0.950       30.657228          0.71678597         14581
      2.661     0.950       25.776594          0.64290863         13349
      2.985     0.950       20.749973          0.52224846         12254
      3.350     0.950       17.146876          0.46011447         10870
      3.758     0.950       13.138319          0.37433545          9906
      4.217     0.950       11.117590          0.33416397          8759
      4.732     0.950       9.0890874          0.29203365          7796
      5.309     0.950       7.1597205          0.22885556          6975
      5.957     0.950       6.1198560          0.21478544          6248
      6.683     0.950       4.7493762          0.17818728          5319
      7.499     0.950       3.6739472          0.13086216          4942
      8.414     0.950       2.8661638          0.10949309          4249
      9.441     0.950       2.3595166          0.93953717E-01      3762
