 # fmax10_0311z.kam_nue   
      0.112    -0.950       278.79486           2.6862683         50248
      0.141    -0.950       276.22416           2.6393853         51092
      0.178    -0.950       258.64767           2.5228655         50257
      0.224    -0.950       232.47252           2.3240983         48469
      0.282    -0.950       200.45170           2.1011186         45069
      0.355    -0.950       171.90662           1.9232735         40567
      0.447    -0.950       140.99199           1.6794457         36017
      0.562    -0.950       111.91531           1.4640802         31109
      0.708    -0.950       86.123968           1.2623482         26146
      0.891    -0.950       62.298756           1.0245289         21392
      1.122    -0.950       44.297923          0.82223071         17654
      1.413    -0.950       30.147590          0.64602717         13631
      1.778    -0.950       20.973735          0.52371314         10710
      2.239    -0.950       12.764444          0.37228701          8096
      2.818    -0.950       8.4747618          0.29249894          6268
      3.548    -0.950       5.6743934          0.22871518          4630
      4.467    -0.950       3.3499319          0.15701100          3417
      5.623    -0.950       1.7598179          0.99070705E-01      2400
      7.079    -0.950       1.1630054          0.73018402E-01      1800
      8.913    -0.950      0.69801601          0.49861106E-01      1299
      0.112    -0.850       290.97069           2.9028652         48865
      0.141    -0.850       282.74645           2.8063708         50485
      0.178    -0.850       265.01349           2.6596899         50422
      0.224    -0.850       234.57265           2.4147858         48641
      0.282    -0.850       213.01261           2.2719275         45938
      0.355    -0.850       176.22388           2.0058285         42046
      0.447    -0.850       145.26556           1.7395239         37461
      0.562    -0.850       112.90130           1.4860951         32095
      0.708    -0.850       89.012061           1.2882253         27526
      0.891    -0.850       66.254163           1.0467697         23011
      1.122    -0.850       46.360746          0.83673881         18626
      1.413    -0.850       32.342344          0.66909017         14735
      1.778    -0.850       22.470013          0.53190327         11775
      2.239    -0.850       14.213560          0.39703272          8907
      2.818    -0.850       9.2544042          0.29413488          6813
      3.548    -0.850       5.9011130          0.21949612          4986
      4.467    -0.850       3.7249024          0.16106890          3774
      5.623    -0.850       2.0392560          0.10422795          2731
      7.079    -0.850       1.1797091          0.66291887E-01      1951
      8.913    -0.850      0.77864001          0.55636507E-01      1436
      0.112    -0.750       330.93364           3.2868959         48922
      0.141    -0.750       315.75175           3.1385418         50296
      0.178    -0.750       288.83613           2.9120020         50266
      0.224    -0.750       265.50464           2.7037710         49481
      0.282    -0.750       230.97682           2.4640783         46555
      0.355    -0.750       193.83894           2.1775932         42963
      0.447    -0.750       159.30522           1.9094970         38493
      0.562    -0.750       121.97338           1.5816781         33694
      0.708    -0.750       94.726913           1.3365736         29223
      0.891    -0.750       71.127592           1.1339944         24066
      1.122    -0.750       49.801593          0.89149954         19740
      1.413    -0.750       34.381079          0.69575600         15800
      1.778    -0.750       23.347064          0.54197359         12528
      2.239    -0.750       15.880293          0.42329696          9677
      2.818    -0.750       10.178293          0.32347721          7467
      3.548    -0.750       6.1017759          0.21901858          5457
      4.467    -0.750       4.1602124          0.17205346          4051
      5.623    -0.750       2.2932248          0.11055143          3045
      7.079    -0.750       1.5109802          0.82946773E-01      2260
      8.913    -0.750      0.82830906          0.56735107E-01      1515
      0.112    -0.650       337.87520           3.4815320         46727
      0.141    -0.650       331.71700           3.3919646         48693
      0.178    -0.650       290.25189           3.0154398         48783
      0.224    -0.650       267.97220           2.8066158         48326
      0.282    -0.650       237.70706           2.5906028         46646
      0.355    -0.650       196.61071           2.2602126         42796
      0.447    -0.650       160.22184           1.9428853         39161
      0.562    -0.650       131.81515           1.7198094         34718
      0.708    -0.650       99.723789           1.4224349         29941
      0.891    -0.650       75.490868           1.1698452         25338
      1.122    -0.650       53.734211          0.92691988         21088
      1.413    -0.650       38.726858          0.77079993         17366
      1.778    -0.650       26.312257          0.58021299         13761
      2.239    -0.650       16.360382          0.40759977         10475
      2.818    -0.650       10.651669          0.31424165          8067
      3.548    -0.650       6.9404421          0.23594625          6169
      4.467    -0.650       4.2971293          0.16492572          4554
      5.623    -0.650       2.7554949          0.12241195          3410
      7.079    -0.650       1.6179125          0.88434727E-01      2375
      8.913    -0.650      0.94752857          0.58376211E-01      1754
      0.112    -0.550       309.71602           3.4357062         42875
      0.141    -0.550       293.82868           3.2031809         44623
      0.178    -0.550       274.08669           3.0308675         45687
      0.224    -0.550       253.60770           2.7987950         46243
      0.282    -0.550       221.31228           2.5331156         44495
      0.355    -0.550       188.14939           2.2320825         41976
      0.447    -0.550       154.56621           1.9162352         38724
      0.562    -0.550       126.15764           1.6584400         35124
      0.708    -0.550       96.950125           1.3625026         30948
      0.891    -0.550       75.596489           1.1695928         26491
      1.122    -0.550       56.086669          0.96412469         22217
      1.413    -0.550       39.137276          0.74865563         18240
      1.778    -0.550       28.120052          0.59765123         14606
      2.239    -0.550       18.303949          0.44699641         11357
      2.818    -0.550       12.827533          0.35447376          9004
      3.548    -0.550       7.8550880          0.24569239          6925
      4.467    -0.550       5.0738087          0.18585276          5050
      5.623    -0.550       3.0086861          0.13080920          3776
      7.079    -0.550       1.6406332          0.77573286E-01      2631
      8.913    -0.550       1.0780570          0.60090962E-01      1914
      0.112    -0.450       286.55751           3.5305288         37818
      0.141    -0.450       284.82462           3.4021806         40877
      0.178    -0.450       261.83466           3.1546179         41818
      0.224    -0.450       233.99998           2.8028225         42302
      0.282    -0.450       205.54211           2.5209123         41734
      0.355    -0.450       180.49938           2.2561826         40513
      0.447    -0.450       149.64970           1.9886772         37428
      0.562    -0.450       123.15383           1.6891574         34425
      0.708    -0.450       95.652558           1.3627385         31153
      0.891    -0.450       75.597094           1.1616700         26884
      1.122    -0.450       53.719934          0.90154473         23076
      1.413    -0.450       42.556219          0.78808212         19218
      1.778    -0.450       29.186927          0.59776187         15634
      2.239    -0.450       20.607786          0.48252765         12650
      2.818    -0.450       13.924403          0.36171331          9892
      3.548    -0.450       8.3767010          0.25295869          7587
      4.467    -0.450       5.6901598          0.19637711          5749
      5.623    -0.450       3.3814098          0.12965646          4250
      7.079    -0.450       2.1178495          0.97155818E-01      3076
      8.913    -0.450       1.4160314          0.74590516E-01      2284
      0.112    -0.350       310.53791           4.1133915         33923
      0.141    -0.350       296.33536           3.8361375         36301
      0.178    -0.350       268.85108           3.5281411         37429
      0.224    -0.350       241.24560           3.1616655         38107
      0.282    -0.350       210.02095           2.7758574         37798
      0.355    -0.350       177.81668           2.4009852         37002
      0.447    -0.350       147.90654           2.0603082         34759
      0.562    -0.350       124.01481           1.7912897         32765
      0.708    -0.350       95.449808           1.4368062         30054
      0.891    -0.350       74.317657           1.1767572         26714
      1.122    -0.350       58.251442           1.0008820         23294
      1.413    -0.350       43.553948          0.79946949         19821
      1.778    -0.350       30.635264          0.62897089         16410
      2.239    -0.350       20.830439          0.45851045         13469
      2.818    -0.350       14.918556          0.36840488         10853
      3.548    -0.350       9.6336910          0.27627896          8299
      4.467    -0.350       6.6311316          0.21215303          6676
      5.623    -0.350       4.2099139          0.14821837          5041
      7.079    -0.350       2.8503363          0.12183174          3778
      8.913    -0.350       1.5193770          0.75630778E-01      2648
      0.112    -0.250       341.57115           4.8482404         28763
      0.141    -0.250       316.97125           4.4706246         30339
      0.178    -0.250       285.87071           3.9897632         31655
      0.224    -0.250       257.31091           3.7241568         32244
      0.282    -0.250       219.53480           3.2395531         31827
      0.355    -0.250       190.53329           2.8086494         31352
      0.447    -0.250       152.63895           2.2959910         30344
      0.562    -0.250       126.02798           2.0096942         28727
      0.708    -0.250       100.73111           1.6150234         27011
      0.891    -0.250       79.761666           1.3774920         24784
      1.122    -0.250       59.193245           1.0861551         21878
      1.413    -0.250       45.004958          0.88176871         19323
      1.778    -0.250       33.078388          0.68290268         16585
      2.239    -0.250       24.733388          0.55736187         13954
      2.818    -0.250       17.140622          0.42763008         11352
      3.548    -0.250       11.413897          0.32042411          9314
      4.467    -0.250       7.2662360          0.21995415          7189
      5.623    -0.250       4.8571919          0.17350429          5487
      7.079    -0.250       3.1384109          0.11993993          4167
      8.913    -0.250       1.9181224          0.82345728E-01      3206
      0.112    -0.150       363.68471           5.8146828         21593
      0.141    -0.150       349.03646           5.6445278         22662
      0.178    -0.150       301.34474           4.8675498         23250
      0.224    -0.150       278.91173           4.5631553         24022
      0.282    -0.150       238.40786           4.0200061         23695
      0.355    -0.150       214.44533           3.7435028         23453
      0.447    -0.150       164.79775           2.9985199         22646
      0.562    -0.150       130.35273           2.4636864         21583
      0.708    -0.150       105.64084           2.0550114         20332
      0.891    -0.150       79.728894           1.6523865         18518
      1.122    -0.150       64.237192           1.3379177         17286
      1.413    -0.150       49.317927           1.1493466         15629
      1.778    -0.150       35.962877          0.89451427         13484
      2.239    -0.150       26.341109          0.69364529         11779
      2.818    -0.150       17.817077          0.50114018          9808
      3.548    -0.150       12.314510          0.33886639          8361
      4.467    -0.150       8.6608705          0.26576304          6887
      5.623    -0.150       5.8532071          0.20352779          5485
      7.079    -0.150       3.8520624          0.14651199          4337
      8.913    -0.150       2.5730273          0.10830640          3373
      0.112    -0.050       441.90993           11.849671         10234
      0.141    -0.050       425.81320           11.830977         10528
      0.178    -0.050       398.44945           11.764320         10682
      0.224    -0.050       340.31288           10.313307         10688
      0.282    -0.050       306.22209           9.4245473         10533
      0.355    -0.050       248.65486           7.9506180          9992
      0.447    -0.050       202.32847           6.3399907          9733
      0.562    -0.050       165.13723           5.6110201          9253
      0.708    -0.050       129.42576           4.6620625          8518
      0.891    -0.050       99.146146           4.0207221          7822
      1.122    -0.050       69.871763           3.1348680          7061
      1.413    -0.050       51.640261           2.4107309          6415
      1.778    -0.050       40.626396           2.1158069          5764
      2.239    -0.050       27.081454           1.2455336          5125
      2.818    -0.050       21.209138           1.1604647          4558
      3.548    -0.050       14.944841          0.97689598          3766
      4.467    -0.050       9.9990389          0.64299596          3097
      5.623    -0.050       6.9737338          0.44554289          2576
      7.079    -0.050       5.1825257          0.41617164          2121
      8.913    -0.050       3.2060231          0.20935877          1751
      0.112     0.050       420.09378           11.955393         10104
      0.141     0.050       408.72346           11.384316         10406
      0.178     0.050       379.71951           10.817522         10730
      0.224     0.050       328.58070           9.7858563         10748
      0.282     0.050       291.08282           8.9136790         10648
      0.355     0.050       240.51043           7.8894633          9902
      0.447     0.050       189.67338           5.7131094          9731
      0.562     0.050       166.75795           5.8799885          9242
      0.708     0.050       129.49437           4.7267154          8647
      0.891     0.050       97.556412           4.0237635          7878
      1.122     0.050       76.605370           3.3940424          7075
      1.413     0.050       55.064426           2.7052582          6435
      1.778     0.050       41.438667           2.2812779          5790
      2.239     0.050       29.439708           1.5155237          5066
      2.818     0.050       21.622099           1.2196377          4387
      3.548     0.050       15.373577          0.95276836          3841
      4.467     0.050       10.303624          0.62899143          3133
      5.623     0.050       6.5107361          0.42604935          2518
      7.079     0.050       4.9399135          0.39760246          2093
      8.913     0.050       2.7631396          0.18042274          1694
      0.112     0.150       287.20976           4.3965315         21046
      0.141     0.150       278.96786           4.2692830         22246
      0.178     0.150       271.14187           4.1457835         23329
      0.224     0.150       241.36001           3.7142448         23686
      0.282     0.150       212.96487           3.3666310         23527
      0.355     0.150       192.32880           3.1231812         23577
      0.447     0.150       163.39910           2.8259492         22574
      0.562     0.150       128.56234           2.3146408         21445
      0.708     0.150       105.78288           1.9768742         20243
      0.891     0.150       84.584607           1.6844946         18843
      1.122     0.150       67.188444           1.4233150         17348
      1.413     0.150       48.605752           1.0880782         15349
      1.778     0.150       36.211920          0.90811634         13531
      2.239     0.150       26.766754          0.70531537         11824
      2.818     0.150       19.167820          0.55291708         10019
      3.548     0.150       12.945483          0.38962711          8411
      4.467     0.150       8.8481635          0.29965279          6703
      5.623     0.150       5.9647852          0.20397107          5400
      7.079     0.150       3.9652139          0.16724496          4203
      8.913     0.150       2.5092199          0.11026922          3206
      0.112     0.250       225.14906           3.0050032         27113
      0.141     0.250       224.67306           2.9223021         29166
      0.178     0.250       220.95298           2.8591962         30705
      0.224     0.250       192.53619           2.5545163         31377
      0.282     0.250       185.71233           2.4855678         31598
      0.355     0.250       166.32322           2.2691801         31347
      0.447     0.250       139.03495           1.9849728         30158
      0.562     0.250       120.98364           1.8018333         28917
      0.708     0.250       97.990524           1.5512927         26880
      0.891     0.250       78.278345           1.2899755         24511
      1.122     0.250       60.459089           1.0863791         21840
      1.413     0.250       45.272497          0.88079148         19080
      1.778     0.250       34.953504          0.74291994         16446
      2.239     0.250       25.221675          0.59797449         13875
      2.818     0.250       16.415077          0.40844063         11316
      3.548     0.250       11.484989          0.32339262          9212
      4.467     0.250       7.2881702          0.22629808          7229
      5.623     0.250       4.8935986          0.17010196          5483
      7.079     0.250       3.1375773          0.12709964          4039
      8.913     0.250       1.8069151          0.79899175E-01      3142
      0.112     0.350       204.75760           2.4580637         32307
      0.141     0.350       200.22898           2.3614197         34251
      0.178     0.350       196.88396           2.3242351         36052
      0.224     0.350       183.20021           2.1567384         36866
      0.282     0.350       170.34795           2.0684962         36755
      0.355     0.350       152.85395           1.8965259         35962
      0.447     0.350       133.43082           1.7110887         34936
      0.562     0.350       110.57500           1.5089109         32765
      0.708     0.350       91.667941           1.3279111         29561
      0.891     0.350       74.175982           1.1327551         26560
      1.122     0.350       55.727175          0.94725120         23483
      1.413     0.350       42.465940          0.78301378         19887
      1.778     0.350       30.692382          0.60229925         16647
      2.239     0.350       22.046776          0.48534926         13837
      2.818     0.350       14.970242          0.38224976         10926
      3.548     0.350       10.228310          0.29001145          8637
      4.467     0.350       6.8662775          0.22641056          6606
      5.623     0.350       4.3858373          0.16374969          4992
      7.079     0.350       2.7117615          0.11240169          3807
      8.913     0.350       1.5687230          0.72145378E-01      2793
      0.112     0.450       190.02879           2.1285058         36304
      0.141     0.450       191.82769           2.0885077         38859
      0.178     0.450       185.67035           2.0083839         40488
      0.224     0.450       177.23743           1.9455006         41036
      0.282     0.450       161.88417           1.8130165         40601
      0.355     0.450       149.33285           1.7283752         39336
      0.447     0.450       127.87875           1.5503217         36863
      0.562     0.450       108.22317           1.3958956         33866
      0.708     0.450       88.161419           1.2224340         30449
      0.891     0.450       70.395162           1.0566298         26421
      1.122     0.450       54.733148          0.91577507         22747
      1.413     0.450       41.800873          0.75112758         19476
      1.778     0.450       28.572259          0.58181310         15644
      2.239     0.450       20.513229          0.45805217         12594
      2.818     0.450       14.225774          0.38720207          9983
      3.548     0.450       8.7453725          0.26102215          7578
      4.467     0.450       5.9436629          0.21118786          5723
      5.623     0.450       3.5542211          0.14410437          4288
      7.079     0.450       2.4296956          0.11975173          3260
      8.913     0.450       1.2529120          0.67754933E-01      2329
      0.112     0.550       183.34515           1.9288239         39788
      0.141     0.550       185.18102           1.9171631         42218
      0.178     0.550       178.39378           1.8506167         43440
      0.224     0.550       167.95774           1.7491391         43403
      0.282     0.550       161.29164           1.7095651         43331
      0.355     0.550       140.87963           1.5500560         40538
      0.447     0.550       124.44106           1.4509562         37454
      0.562     0.550       105.31089           1.3053467         34293
      0.708     0.550       85.803854           1.1595697         30079
      0.891     0.550       68.912533           1.0281517         26086
      1.122     0.550       50.226150          0.83669575         21906
      1.413     0.550       37.480739          0.69756280         17893
      1.778     0.550       27.184680          0.55986665         14495
      2.239     0.550       18.010135          0.42749440         11428
      2.818     0.550       13.027969          0.35650831          8763
      3.548     0.550       7.4558023          0.23403577          6763
      4.467     0.550       4.9133160          0.18842757          5086
      5.623     0.550       2.9728800          0.12916930          3771
      7.079     0.550       1.7832285          0.89551185E-01      2696
      8.913     0.550       1.0387791          0.57958097E-01      1984
      0.112     0.650       179.82476           1.7986496         42289
      0.141     0.650       183.31768           1.8180649         44383
      0.178     0.650       176.91852           1.7562010         45568
      0.224     0.650       169.09111           1.6922873         45391
      0.282     0.650       158.77638           1.6400253         43970
      0.355     0.650       139.41439           1.4946356         41646
      0.447     0.650       120.07116           1.3766484         37564
      0.562     0.650       100.42591           1.2391045         33583
      0.708     0.650       81.794680           1.0948313         29197
      0.891     0.650       63.547388          0.94854114         24798
      1.122     0.650       47.584464          0.79251235         20774
      1.413     0.650       34.495582          0.64662341         16833
      1.778     0.650       24.277592          0.52315057         13534
      2.239     0.650       16.943181          0.42429500         10432
      2.818     0.650       10.877279          0.30725567          8086
      3.548     0.650       6.9005321          0.23609826          6024
      4.467     0.650       4.6361463          0.18070343          4649
      5.623     0.650       2.5041412          0.10896532          3301
      7.079     0.650       1.6338314          0.85448718E-01      2469
      8.913     0.650      0.97284217          0.59915787E-01      1732
      0.112     0.750       173.73274           1.6829662         44682
      0.141     0.750       172.90815           1.6669509         46328
      0.178     0.750       176.99128           1.7054610         46815
      0.224     0.750       163.21888           1.6079248         46017
      0.282     0.750       151.83239           1.5480208         43955
      0.355     0.750       135.00262           1.4482074         40470
      0.447     0.750       118.95567           1.3471656         37373
      0.562     0.750       95.137350           1.1689877         32578
      0.708     0.750       77.452077           1.0502824         28379
      0.891     0.750       59.625665          0.89922390         23563
      1.122     0.750       45.352049          0.77001659         19297
      1.413     0.750       33.080152          0.64648927         15636
      1.778     0.750       22.547312          0.50361001         12327
      2.239     0.750       15.016999          0.38582373          9555
      2.818     0.750       9.6112901          0.29316973          7261
      3.548     0.750       6.3521440          0.22917131          5439
      4.467     0.750       3.6229452          0.15331482          3999
      5.623     0.750       2.2641444          0.10749658          2905
      7.079     0.750       1.4873812          0.86943758E-01      2099
      8.913     0.750      0.78669119          0.53502730E-01      1476
      0.112     0.850       173.30683           1.6233687         46003
      0.141     0.850       175.04635           1.6348479         47548
      0.178     0.850       170.77278           1.6058679         47582
      0.224     0.850       161.83178           1.5676569         46651
      0.282     0.850       147.44113           1.4774944         43923
      0.355     0.850       130.65003           1.3937562         40565
      0.447     0.850       113.84350           1.3015853         36181
      0.562     0.850       92.373085           1.1421564         31803
      0.708     0.850       74.213172           1.0100295         27204
      0.891     0.850       56.693784          0.87179655         22606
      1.122     0.850       43.312011          0.75513756         18460
      1.413     0.850       29.793449          0.60154990         14766
      1.778     0.850       20.573712          0.47939647         11576
      2.239     0.850       13.778096          0.37417349          8788
      2.818     0.850       9.1373554          0.29550883          6862
      3.548     0.850       5.7388569          0.21469951          5020
      4.467     0.850       3.4445488          0.14964752          3738
      5.623     0.850       1.9456799          0.10238738          2548
      7.079     0.850       1.2708217          0.73533359E-01      1947
      8.913     0.850      0.74739796          0.54532046E-01      1414
      0.112     0.950       169.87647           1.5733415         46950
      0.141     0.950       175.13286           1.5923871         48269
      0.178     0.950       169.30949           1.5656390         47995
      0.224     0.950       161.31956           1.5221066         46428
      0.282     0.950       147.01906           1.4562116         43764
      0.355     0.950       127.39526           1.3450439         39884
      0.447     0.950       108.14057           1.2376720         35106
      0.562     0.950       90.338697           1.1281718         30727
      0.708     0.950       71.614205          0.99687599         25870
      0.891     0.950       53.344984          0.85516117         21073
      1.122     0.950       40.217106          0.72999814         17343
      1.413     0.950       27.903057          0.58314382         13704
      1.778     0.950       19.966282          0.47610715         10952
      2.239     0.950       13.268973          0.38036363          8138
      2.818     0.950       8.1777645          0.26818144          6288
      3.548     0.950       4.9650735          0.19662118          4616
      4.467     0.950       3.0011761          0.13684332          3317
      5.623     0.950       1.9618933          0.10181068          2389
      7.079     0.950       1.1028255          0.71637995E-01      1736
      8.913     0.950      0.56848785          0.41066188E-01      1208
