 # tables0/fmax20_0401z.sno_nue   
      0.106    -0.950       382.25943           4.9575080         26207
      0.119    -0.950       371.76732           4.8206987         26619
      0.133    -0.950       354.94693           4.6557468         26463
      0.150    -0.950       343.20575           4.5460044         26382
      0.168    -0.950       339.26101           4.4925821         26601
      0.188    -0.950       309.72414           4.2038936         25570
      0.211    -0.950       289.77660           4.0355048         25191
      0.237    -0.950       280.47467           3.9466136         24486
      0.266    -0.950       257.05459           3.7417680         23319
      0.299    -0.950       230.49425           3.4624164         22434
      0.335    -0.950       209.83539           3.2580358         21379
      0.376    -0.950       193.11682           3.1239843         20221
      0.422    -0.950       171.53980           2.8586610         18974
      0.473    -0.950       152.35479           2.6443924         17636
      0.531    -0.950       129.27690           2.3766448         16327
      0.596    -0.950       114.23482           2.1935411         15163
      0.668    -0.950       97.597368           1.9990739         13795
      0.750    -0.950       87.683063           1.8778689         12479
      0.841    -0.950       73.072779           1.6687846         11466
      0.944    -0.950       59.885968           1.4559747         10099
      1.059    -0.950       50.160227           1.3208604          8973
      1.189    -0.950       43.712421           1.1831009          8297
      1.334    -0.950       35.905585           1.0542284          7188
      1.496    -0.950       30.861463          0.98210153          6545
      1.679    -0.950       24.310490          0.83878478          5729
      1.884    -0.950       20.160223          0.70743705          5108
      2.113    -0.950       15.654758          0.63719144          4273
      2.371    -0.950       11.781409          0.50507336          3795
      2.661    -0.950       10.155519          0.46836424          3323
      2.985    -0.950       7.2038693          0.35399089          2856
      3.350    -0.950       6.3424026          0.32846590          2502
      3.758    -0.950       4.5918151          0.27469603          2096
      4.217    -0.950       3.5990147          0.22777669          1828
      4.732    -0.950       3.1214949          0.22685046          1563
      5.309    -0.950       2.1994180          0.16222098          1378
      5.957    -0.950       1.8082512          0.15659135          1134
      6.683    -0.950       1.3436401          0.12012452           919
      7.499    -0.950       1.0069524          0.89075300E-01       783
      8.414    -0.950      0.81433205          0.79598222E-01       676
      9.441    -0.950      0.50066388          0.49935263E-01       539
      0.106    -0.850       265.52699           3.7975748         23964
      0.119    -0.850       269.46802           3.8409051         24574
      0.133    -0.850       256.38388           3.6874705         24569
      0.150    -0.850       250.75534           3.6186480         24791
      0.168    -0.850       240.97121           3.4783970         24776
      0.188    -0.850       230.72827           3.3812280         24521
      0.211    -0.850       223.57209           3.3005917         24265
      0.237    -0.850       208.06588           3.0967738         23515
      0.266    -0.850       196.12791           2.9866176         23228
      0.299    -0.850       183.09122           2.9009488         21892
      0.335    -0.850       170.31790           2.7393478         21116
      0.376    -0.850       159.58357           2.6278654         20429
      0.422    -0.850       139.59045           2.3937691         19003
      0.473    -0.850       123.91978           2.1481440         17924
      0.531    -0.850       111.93752           2.0701767         16618
      0.596    -0.850       101.12018           1.9460359         15345
      0.668    -0.850       88.316266           1.7819061         14108
      0.750    -0.850       76.782054           1.6158981         13081
      0.841    -0.850       65.552929           1.4528327         11870
      0.944    -0.850       57.980539           1.3543556         10890
      1.059    -0.850       47.462357           1.1941958          9748
      1.189    -0.850       40.558195           1.0898630          8747
      1.334    -0.850       33.576964          0.92641497          7920
      1.496    -0.850       28.677408          0.86166283          7011
      1.679    -0.850       23.726441          0.77698450          6297
      1.884    -0.850       17.833987          0.61899788          5405
      2.113    -0.850       15.996179          0.58461338          4839
      2.371    -0.850       12.072888          0.49388590          4046
      2.661    -0.850       9.8221848          0.43232398          3577
      2.985    -0.850       8.3386488          0.40398006          3101
      3.350    -0.850       6.2738681          0.32076029          2679
      3.758    -0.850       5.4703125          0.29547129          2387
      4.217    -0.850       4.0463108          0.23380401          2041
      4.732    -0.850       2.8074839          0.18183167          1727
      5.309    -0.850       2.3019549          0.16709248          1432
      5.957    -0.850       1.8155913          0.13411901          1222
      6.683    -0.850       1.3096380          0.10243566          1044
      7.499    -0.850      0.98063353          0.87472253E-01       862
      8.414    -0.850      0.70731460          0.66780043E-01       728
      9.441    -0.850      0.56929410          0.59241007E-01       598
      0.106    -0.750       197.01682           2.7847803         22285
      0.119    -0.750       194.85587           2.7340362         22828
      0.133    -0.750       205.36513           2.8464216         23333
      0.150    -0.750       204.15851           2.8347533         24014
      0.168    -0.750       199.25283           2.7737535         23885
      0.188    -0.750       193.39819           2.7283699         23866
      0.211    -0.750       188.81250           2.6347659         23770
      0.237    -0.750       177.32056           2.5600322         23175
      0.266    -0.750       170.97778           2.4784946         22916
      0.299    -0.750       164.25424           2.4204192         22002
      0.335    -0.750       151.65952           2.3298004         21270
      0.376    -0.750       143.22953           2.2162254         20479
      0.422    -0.750       128.30951           2.0948648         19046
      0.473    -0.750       123.64766           2.0639364         18174
      0.531    -0.750       109.39826           1.9071306         17215
      0.596    -0.750       96.761158           1.7512697         15961
      0.668    -0.750       86.173985           1.6370134         14762
      0.750    -0.750       76.573172           1.5298498         13794
      0.841    -0.750       66.158326           1.4095436         12480
      0.944    -0.750       56.656615           1.2918713         11379
      1.059    -0.750       48.636552           1.1649237         10284
      1.189    -0.750       40.096139           1.0132047          9185
      1.334    -0.750       35.662134          0.97163156          8218
      1.496    -0.750       29.287325          0.85638593          7436
      1.679    -0.750       24.428822          0.76324457          6584
      1.884    -0.750       20.658317          0.69561921          5977
      2.113    -0.750       16.826298          0.59807607          5211
      2.371    -0.750       14.102814          0.56521183          4480
      2.661    -0.750       10.459869          0.45144790          4044
      2.985    -0.750       9.4518793          0.41450479          3512
      3.350    -0.750       7.1116277          0.32303318          3082
      3.758    -0.750       5.8202579          0.28739080          2616
      4.217    -0.750       4.6236465          0.25651083          2231
      4.732    -0.750       3.1946506          0.19656737          1848
      5.309    -0.750       2.6777077          0.17498596          1609
      5.957    -0.750       2.2270918          0.16922000          1396
      6.683    -0.750       1.8134444          0.13536802          1158
      7.499    -0.750       1.3235081          0.10849710          1014
      8.414    -0.750      0.92615159          0.76548018E-01       846
      9.441    -0.750      0.76795347          0.68945382E-01       736
      0.106    -0.650       201.33856           3.0298430         21371
      0.119    -0.650       207.35397           3.0801999         22097
      0.133    -0.650       212.78878           3.1269595         22427
      0.150    -0.650       207.50209           3.0323389         23029
      0.168    -0.650       200.27291           2.9120208         22952
      0.188    -0.650       193.71156           2.8341742         23264
      0.211    -0.650       186.32136           2.7592957         22867
      0.237    -0.650       185.21577           2.7380382         23091
      0.266    -0.650       177.93195           2.6562987         22834
      0.299    -0.650       171.24655           2.6069452         21925
      0.335    -0.650       151.10939           2.3425838         21221
      0.376    -0.650       145.42030           2.2992609         20588
      0.422    -0.650       132.11600           2.1674231         19549
      0.473    -0.650       121.71102           2.0527211         18693
      0.531    -0.650       111.00328           1.9328583         17745
      0.596    -0.650       99.486165           1.7881285         16476
      0.668    -0.650       93.277134           1.7516896         15425
      0.750    -0.650       79.929578           1.5839008         14116
      0.841    -0.650       69.221231           1.4400438         13238
      0.944    -0.650       58.863306           1.2713754         11926
      1.059    -0.650       51.762655           1.1956655         10905
      1.189    -0.650       45.650899           1.1141104         10079
      1.334    -0.650       40.392571           1.0466544          8938
      1.496    -0.650       34.201210          0.92090365          8149
      1.679    -0.650       26.942336          0.79428291          7131
      1.884    -0.650       21.624524          0.69056763          6339
      2.113    -0.650       17.980552          0.62199558          5526
      2.371    -0.650       15.216224          0.55799051          4901
      2.661    -0.650       11.546169          0.45071823          4293
      2.985    -0.650       10.158581          0.42529607          3786
      3.350    -0.650       7.8660320          0.35627332          3227
      3.758    -0.650       5.7177983          0.28151743          2876
      4.217    -0.650       4.6888080          0.23780164          2445
      4.732    -0.650       3.7750491          0.21882888          2096
      5.309    -0.650       3.1293900          0.20387744          1798
      5.957    -0.650       2.2412014          0.14615339          1466
      6.683    -0.650       1.7261189          0.12965541          1365
      7.499    -0.650       1.3757490          0.10232884          1070
      8.414    -0.650       1.2503786          0.11058940           943
      9.441    -0.650      0.97008345          0.82473697E-01       842
      0.106    -0.550       267.44169           4.3347144         20528
      0.119    -0.550       256.56044           4.0692261         20956
      0.133    -0.550       257.06395           4.0887139         21699
      0.150    -0.550       249.05718           3.9432518         22128
      0.168    -0.550       243.15550           3.8770402         22384
      0.188    -0.550       228.08259           3.6325658         22614
      0.211    -0.550       223.23748           3.5568927         22589
      0.237    -0.550       206.11046           3.3079987         22363
      0.266    -0.550       202.46277           3.2631637         22063
      0.299    -0.550       188.28030           3.1251171         21608
      0.335    -0.550       179.34462           2.9308829         21258
      0.376    -0.550       159.56804           2.6339099         20614
      0.422    -0.550       150.15795           2.5667985         19714
      0.473    -0.550       136.53158           2.3982498         18813
      0.531    -0.550       124.75600           2.2203002         17703
      0.596    -0.550       112.68597           2.1170072         16987
      0.668    -0.550       100.09191           1.9365797         15615
      0.750    -0.550       87.229378           1.7524032         14666
      0.841    -0.550       77.169894           1.6118413         13783
      0.944    -0.550       67.687925           1.4561796         12723
      1.059    -0.550       59.642127           1.3307907         11816
      1.189    -0.550       49.630397           1.2392182         10518
      1.334    -0.550       42.962440           1.0764459          9626
      1.496    -0.550       35.872844          0.97316303          8597
      1.679    -0.550       29.048143          0.82621634          7827
      1.884    -0.550       25.034743          0.75600644          6983
      2.113    -0.550       20.062625          0.64548983          6023
      2.371    -0.550       16.837433          0.58213592          5393
      2.661    -0.550       13.665628          0.51728175          4807
      2.985    -0.550       11.182146          0.45970314          4224
      3.350    -0.550       8.6112355          0.39200194          3605
      3.758    -0.550       6.9458351          0.32383121          3224
      4.217    -0.550       5.5135075          0.27188877          2723
      4.732    -0.550       4.3280394          0.22713689          2419
      5.309    -0.550       3.5301402          0.20377145          2100
      5.957    -0.550       2.5527077          0.15200675          1754
      6.683    -0.550       2.0178568          0.13194963          1530
      7.499    -0.550       1.6482034          0.12945476          1241
      8.414    -0.550       1.1656167          0.90335349E-01      1099
      9.441    -0.550       1.0678809          0.92267768E-01       978
      0.106    -0.450       328.16603           5.4566242         19433
      0.119    -0.450       315.71019           5.2121836         20089
      0.133    -0.450       311.84704           5.1054016         20860
      0.150    -0.450       305.45562           5.0079317         21028
      0.168    -0.450       297.98288           4.9104216         21353
      0.188    -0.450       271.59160           4.4851296         21519
      0.211    -0.450       267.22243           4.3544512         21652
      0.237    -0.450       246.51857           4.0860672         21673
      0.266    -0.450       235.19671           3.8690803         21597
      0.299    -0.450       213.52769           3.5718796         20967
      0.335    -0.450       196.26860           3.4189423         20466
      0.376    -0.450       187.74809           3.2902230         20494
      0.422    -0.450       169.69338           2.9813009         19471
      0.473    -0.450       154.50688           2.7803515         18800
      0.531    -0.450       141.14201           2.5886737         18073
      0.596    -0.450       125.93453           2.3901869         17259
      0.668    -0.450       110.60387           2.1427226         16248
      0.750    -0.450       95.997254           1.8812475         15214
      0.841    -0.450       82.790150           1.7549267         13958
      0.944    -0.450       76.325977           1.6489446         13209
      1.059    -0.450       63.509694           1.4677473         12036
      1.189    -0.450       57.314384           1.3681050         11028
      1.334    -0.450       46.185944           1.1390884         10105
      1.496    -0.450       37.838638           1.0217622          9176
      1.679    -0.450       35.183958          0.97519885          8407
      1.884    -0.450       28.137127          0.82666481          7552
      2.113    -0.450       22.442248          0.69884681          6579
      2.371    -0.450       19.263974          0.64657260          5951
      2.661    -0.450       15.925044          0.55711008          5462
      2.985    -0.450       13.286123          0.50354019          4754
      3.350    -0.450       11.061310          0.45150093          4145
      3.758    -0.450       7.9952947          0.35061002          3608
      4.217    -0.450       5.8105995          0.25512160          3163
      4.732    -0.450       5.4893588          0.27289120          2797
      5.309    -0.450       3.9615591          0.22320035          2348
      5.957    -0.450       2.9963562          0.17143306          1980
      6.683    -0.450       2.6927005          0.16701637          1773
      7.499    -0.450       1.8958589          0.13334286          1399
      8.414    -0.450       1.2949535          0.87662957E-01      1219
      9.441    -0.450       1.0816463          0.78535788E-01      1047
      0.106    -0.350       428.20885           7.1600434         18213
      0.119    -0.350       408.26740           6.7811781         18532
      0.133    -0.350       403.05764           6.6514813         19255
      0.150    -0.350       362.76393           6.1154467         19583
      0.168    -0.350       353.44462           6.0009111         19972
      0.188    -0.350       343.03290           5.7801698         19950
      0.211    -0.350       319.34376           5.3821268         20276
      0.237    -0.350       298.06226           5.0774088         20531
      0.266    -0.350       280.89225           4.8053406         20096
      0.299    -0.350       259.55102           4.4743332         20028
      0.335    -0.350       239.41982           4.2022381         19832
      0.376    -0.350       214.89728           3.8086987         19097
      0.422    -0.350       199.74645           3.6508470         18528
      0.473    -0.350       177.84009           3.2416222         18015
      0.531    -0.350       156.85809           2.9895230         17347
      0.596    -0.350       144.02049           2.7783058         16644
      0.668    -0.350       125.23818           2.5209416         15872
      0.750    -0.350       112.24431           2.3595706         14953
      0.841    -0.350       98.167949           2.0944228         14238
      0.944    -0.350       82.196994           1.7856904         13085
      1.059    -0.350       71.457835           1.6068416         12325
      1.189    -0.350       63.420288           1.5068777         11405
      1.334    -0.350       54.413613           1.4137489         10221
      1.496    -0.350       46.927484           1.2031873          9679
      1.679    -0.350       38.958629           1.1196451          8684
      1.884    -0.350       33.171022          0.94415975          8030
      2.113    -0.350       27.355801          0.83827330          7328
      2.371    -0.350       22.589398          0.73367438          6526
      2.661    -0.350       17.943320          0.63782319          5685
      2.985    -0.350       14.805552          0.55780797          5203
      3.350    -0.350       12.209746          0.48802399          4492
      3.758    -0.350       9.6617108          0.39223734          4023
      4.217    -0.350       7.8793210          0.35436375          3600
      4.732    -0.350       6.2134336          0.30082209          3034
      5.309    -0.350       4.7625250          0.26341970          2609
      5.957    -0.350       3.4930970          0.19024542          2262
      6.683    -0.350       3.4977198          0.20195525          2079
      7.499    -0.350       2.2102119          0.13286007          1714
      8.414    -0.350       1.7556521          0.10872598          1417
      9.441    -0.350       1.4322222          0.11337937          1236
      0.106    -0.250       559.24998           9.5395695         16189
      0.119    -0.250       559.53689           9.5495875         16809
      0.133    -0.250       526.50935           9.0684327         17233
      0.150    -0.250       517.32887           8.8734035         17679
      0.168    -0.250       477.72465           8.2168101         17705
      0.188    -0.250       465.90068           8.0391524         18166
      0.211    -0.250       423.51286           7.3938698         17946
      0.237    -0.250       382.76600           6.7527580         17867
      0.266    -0.250       364.40703           6.6296894         17828
      0.299    -0.250       317.60121           5.8968950         17426
      0.335    -0.250       317.23411           5.8366887         17538
      0.376    -0.250       270.57662           5.2138198         17099
      0.422    -0.250       246.60184           4.7753805         16841
      0.473    -0.250       217.82671           4.3368789         16088
      0.531    -0.250       200.59657           3.9981716         15859
      0.596    -0.250       171.62539           3.6336788         15210
      0.668    -0.250       155.95303           3.3067110         14754
      0.750    -0.250       133.48552           2.8802034         14156
      0.841    -0.250       116.47224           2.5526048         13311
      0.944    -0.250       102.40975           2.3454097         12646
      1.059    -0.250       86.834207           2.0805183         11979
      1.189    -0.250       75.866038           1.8668736         11338
      1.334    -0.250       63.646966           1.6117105         10411
      1.496    -0.250       52.139457           1.4543484          9493
      1.679    -0.250       46.727726           1.3621578          8692
      1.884    -0.250       37.186969           1.1029466          7990
      2.113    -0.250       31.470058          0.98538993          7408
      2.371    -0.250       24.119258          0.80721095          6686
      2.661    -0.250       21.709114          0.76207480          6039
      2.985    -0.250       17.319646          0.62648098          5417
      3.350    -0.250       13.581943          0.51310635          4737
      3.758    -0.250       11.191122          0.44804413          4304
      4.217    -0.250       9.1050145          0.40279982          3848
      4.732    -0.250       7.3011901          0.33592594          3390
      5.309    -0.250       5.5061239          0.25233348          2949
      5.957    -0.250       4.1004314          0.21792247          2545
      6.683    -0.250       4.0586904          0.22965760          2272
      7.499    -0.250       2.8897886          0.15818197          1963
      8.414    -0.250       2.3851893          0.13960892          1705
      9.441    -0.250       1.6970568          0.11760717          1424
      0.106    -0.150       840.63227           15.800796         13189
      0.119    -0.150       880.67894           16.493187         13745
      0.133    -0.150       786.32493           14.744794         13857
      0.150    -0.150       750.80559           14.466076         14013
      0.168    -0.150       708.29870           13.903089         14066
      0.188    -0.150       618.79703           12.166161         13943
      0.211    -0.150       587.53346           11.693875         13973
      0.237    -0.150       542.03363           11.036246         13978
      0.266    -0.150       505.25740           10.672438         13832
      0.299    -0.150       440.54017           9.2676373         13655
      0.335    -0.150       401.67574           8.7864805         13515
      0.376    -0.150       369.59495           8.4081770         13215
      0.422    -0.150       320.28466           7.3784031         12971
      0.473    -0.150       278.22479           6.3672801         12475
      0.531    -0.150       238.36001           5.7184344         12216
      0.596    -0.150       210.32466           5.2563710         11850
      0.668    -0.150       179.12757           4.3530601         11473
      0.750    -0.150       156.36767           4.0608286         10944
      0.841    -0.150       139.77435           3.7495399         10500
      0.944    -0.150       113.70783           3.1192301          9851
      1.059    -0.150       97.516314           2.7755293          9472
      1.189    -0.150       83.126802           2.3762780          8895
      1.334    -0.150       72.107923           2.1179918          8416
      1.496    -0.150       59.984926           1.8486586          7833
      1.679    -0.150       52.245653           1.6834898          7340
      1.884    -0.150       39.632782           1.3311952          6946
      2.113    -0.150       34.771728           1.1633396          6334
      2.371    -0.150       27.430078           1.0597668          5601
      2.661    -0.150       23.663011          0.88400634          5360
      2.985    -0.150       18.898279          0.72846818          4851
      3.350    -0.150       15.946462          0.66912270          4446
      3.758    -0.150       12.805863          0.57611346          3916
      4.217    -0.150       9.9026223          0.43060501          3648
      4.732    -0.150       9.7034277          0.50197316          3250
      5.309    -0.150       7.7928061          0.40338138          3002
      5.957    -0.150       5.2868498          0.25674250          2614
      6.683    -0.150       4.4681521          0.26293339          2241
      7.499    -0.150       3.5420679          0.21097644          1963
      8.414    -0.150       2.8948895          0.18637398          1683
      9.441    -0.150       2.5235080          0.16991265          1507
      0.106    -0.050       1519.2727           53.575212          6484
      0.119    -0.050       1410.0260           49.369770          6714
      0.133    -0.050       1233.0656           42.579252          6608
      0.150    -0.050       1145.7749           40.760756          6419
      0.168    -0.050       1049.1680           37.703332          6614
      0.188    -0.050       967.11887           36.818892          6260
      0.211    -0.050       897.21300           35.402955          6305
      0.237    -0.050       781.09318           31.918253          6222
      0.266    -0.050       707.17255           26.944865          6208
      0.299    -0.050       613.47731           24.439434          6116
      0.335    -0.050       555.54821           25.512114          5813
      0.376    -0.050       501.87776           23.313085          5712
      0.422    -0.050       420.92668           22.795254          5643
      0.473    -0.050       334.24584           14.841983          5315
      0.531    -0.050       326.44634           17.709220          5214
      0.596    -0.050       254.33889           12.932841          4897
      0.668    -0.050       214.18247           10.653832          4718
      0.750    -0.050       190.00129           9.6108317          4522
      0.841    -0.050       166.17788           10.491546          4249
      0.944    -0.050       135.44249           7.0313435          4162
      1.059    -0.050       108.33184           6.5008492          3951
      1.189    -0.050       93.971134           5.0409059          3732
      1.334    -0.050       79.719324           5.6780990          3594
      1.496    -0.050       71.050561           4.1122392          3346
      1.679    -0.050       49.876896           3.1001422          3068
      1.884    -0.050       44.380281           3.3031364          2884
      2.113    -0.050       37.672251           2.3678722          2726
      2.371    -0.050       31.738625           2.0282433          2587
      2.661    -0.050       31.157662           1.9182196          2453
      2.985    -0.050       21.784370           1.8496971          2155
      3.350    -0.050       18.518871           1.2903146          1991
      3.758    -0.050       13.294807          0.98048375          1900
      4.217    -0.050       11.309155          0.79832217          1779
      4.732    -0.050       8.9423936          0.64851098          1529
      5.309    -0.050       7.7166228          0.62894581          1371
      5.957    -0.050       6.9313494          0.57408388          1252
      6.683    -0.050       4.7868783          0.44384861          1090
      7.499    -0.050       5.1732085          0.69328579          1038
      8.414    -0.050       3.6011458          0.35307357           895
      9.441    -0.050       2.5860472          0.25369614           788
      0.106     0.050       1440.0100           50.495558          6562
      0.119     0.050       1368.3133           46.646712          6526
      0.133     0.050       1279.0137           44.947007          6478
      0.150     0.050       1161.1259           40.822265          6436
      0.168     0.050       1046.0659           37.085814          6506
      0.188     0.050       972.00694           36.198439          6402
      0.211     0.050       935.35366           35.174335          6457
      0.237     0.050       743.12250           29.459508          6197
      0.266     0.050       706.26113           27.067575          6137
      0.299     0.050       613.02074           26.278394          5833
      0.335     0.050       560.92129           24.066535          5827
      0.376     0.050       464.40988           20.127176          5574
      0.422     0.050       412.07327           20.915368          5428
      0.473     0.050       331.30697           14.201369          5200
      0.531     0.050       321.22107           16.413677          5228
      0.596     0.050       242.55316           11.973196          4964
      0.668     0.050       205.53499           10.450666          4756
      0.750     0.050       191.91505           10.133904          4515
      0.841     0.050       168.78255           10.514873          4321
      0.944     0.050       115.54088           5.4788138          4079
      1.059     0.050       111.34042           6.1564135          3874
      1.189     0.050       85.582679           4.8179949          3545
      1.334     0.050       75.360676           4.6768343          3542
      1.496     0.050       63.613874           3.5470899          3386
      1.679     0.050       55.585120           3.2402620          3171
      1.884     0.050       48.414997           4.9891878          3016
      2.113     0.050       37.071601           2.2831427          2738
      2.371     0.050       29.978594           2.0316099          2466
      2.661     0.050       27.614338           1.7426795          2249
      2.985     0.050       22.375923           1.8773333          2093
      3.350     0.050       17.708001           1.1840081          2032
      3.758     0.050       13.818511           1.0206171          1748
      4.217     0.050       11.427898          0.79202414          1677
      4.732     0.050       9.0644959          0.75593747          1570
      5.309     0.050       8.0303256          0.67314923          1342
      5.957     0.050       6.3470729          0.52586437          1273
      6.683     0.050       5.2239571          0.47193485          1069
      7.499     0.050       5.1869347          0.46841258          1003
      8.414     0.050       3.5104944          0.37412920           894
      9.441     0.050       2.6476004          0.29428614           779
      0.106     0.150       1004.8317           18.502471         13624
      0.119     0.150       941.58458           17.285884         13911
      0.133     0.150       898.97120           16.602492         14120
      0.150     0.150       824.00344           15.857788         14139
      0.168     0.150       779.12200           15.050541         14133
      0.188     0.150       712.36562           13.891972         14343
      0.211     0.150       644.68578           12.762435         14224
      0.237     0.150       581.90019           12.201931         14031
      0.266     0.150       527.35706           11.119901         13895
      0.299     0.150       453.93365           9.9226688         13448
      0.335     0.150       437.10382           9.7561300         13363
      0.376     0.150       374.68379           8.2967629         13318
      0.422     0.150       321.44380           7.4112044         12852
      0.473     0.150       272.77045           6.5561521         12416
      0.531     0.150       241.96267           5.9320007         11961
      0.596     0.150       203.09295           5.2021468         11616
      0.668     0.150       186.15494           4.8074708         11276
      0.750     0.150       145.74791           3.8953188         10598
      0.841     0.150       133.92290           3.5906414         10358
      0.944     0.150       111.79922           3.1058649          9758
      1.059     0.150       96.136258           2.6843860          9184
      1.189     0.150       79.896596           2.3219719          8813
      1.334     0.150       69.037219           2.1577158          8307
      1.496     0.150       60.316925           1.9307589          7866
      1.679     0.150       49.999090           1.6324979          7374
      1.884     0.150       40.728864           1.3251046          6860
      2.113     0.150       35.528839           1.2409419          6190
      2.371     0.150       28.106295          0.99316627          5692
      2.661     0.150       24.631693          0.91750692          5351
      2.985     0.150       19.356846          0.78164419          4741
      3.350     0.150       17.072963          0.69098824          4438
      3.758     0.150       12.555609          0.54494751          3994
      4.217     0.150       10.929830          0.48994314          3559
      4.732     0.150       9.3657341          0.47025079          3308
      5.309     0.150       6.8939290          0.33754805          2841
      5.957     0.150       5.6894379          0.30221886          2565
      6.683     0.150       3.9973761          0.19733661          2211
      7.499     0.150       3.2251428          0.20114522          1946
      8.414     0.150       2.9532272          0.17756132          1687
      9.441     0.150       2.0773189          0.13105000          1447
      0.106     0.250       781.92092           12.449381         17502
      0.119     0.250       742.24681           11.829763         17776
      0.133     0.250       702.13855           11.222295         18328
      0.150     0.250       672.57809           10.856275         18472
      0.168     0.250       609.12013           9.9937076         18652
      0.188     0.250       567.94872           9.4780527         18640
      0.211     0.250       525.96185           8.8914660         18686
      0.237     0.250       482.50331           8.3732815         18524
      0.266     0.250       432.01916           7.7461744         18146
      0.299     0.250       401.67625           7.1793711         18372
      0.335     0.250       349.77432           6.5750168         17822
      0.376     0.250       312.45879           5.9726196         17370
      0.422     0.250       281.17721           5.4608351         16951
      0.473     0.250       247.48286           4.9521882         16293
      0.531     0.250       214.02571           4.3654395         16068
      0.596     0.250       183.70899           3.9099004         15217
      0.668     0.250       168.50855           3.6833869         14692
      0.750     0.250       142.37064           3.0853574         14174
      0.841     0.250       122.63839           2.8065561         13102
      0.944     0.250       96.456470           2.2323305         12498
      1.059     0.250       92.875636           2.2720031         11870
      1.189     0.250       77.429946           1.9585376         10949
      1.334     0.250       66.263392           1.7227981         10173
      1.496     0.250       54.614311           1.5207168          9618
      1.679     0.250       43.610255           1.2434409          8791
      1.884     0.250       36.741052           1.0987254          7988
      2.113     0.250       30.914008          0.95397998          7300
      2.371     0.250       26.402264          0.83083687          6822
      2.661     0.250       20.601140          0.71663485          5910
      2.985     0.250       17.031231          0.58602608          5430
      3.350     0.250       13.661056          0.51591112          4791
      3.758     0.250       10.931191          0.44475862          4279
      4.217     0.250       9.3990659          0.42389497          3806
      4.732     0.250       7.1127478          0.30736266          3391
      5.309     0.250       5.7644018          0.26735777          2974
      5.957     0.250       4.3327943          0.22452079          2505
      6.683     0.250       3.4325321          0.18188961          2256
      7.499     0.250       2.6779805          0.15357003          1872
      8.414     0.250       2.3857993          0.14647552          1697
      9.441     0.250       1.7623857          0.11761329          1431
      0.106     0.350       689.75495           10.122184         20279
      0.119     0.350       640.89670           9.5561422         20680
      0.133     0.350       638.91139           9.4359591         21398
      0.150     0.350       592.54518           8.9011591         21554
      0.168     0.350       575.99247           8.5514247         22087
      0.188     0.350       519.79405           7.8949838         21944
      0.211     0.350       486.35307           7.4677106         21992
      0.237     0.350       440.99242           6.9087671         21864
      0.266     0.350       402.95831           6.5037817         21518
      0.299     0.350       353.14420           5.7492065         21199
      0.335     0.350       332.17934           5.6404701         20671
      0.376     0.350       302.24212           5.1768418         20249
      0.422     0.350       267.70202           4.7444472         19620
      0.473     0.350       232.93652           4.2046059         18816
      0.531     0.350       205.72913           3.8006292         18265
      0.596     0.350       178.32379           3.4550288         17032
      0.668     0.350       159.61115           3.1328062         16373
      0.750     0.350       135.45948           2.7849056         15288
      0.841     0.350       114.33735           2.4070195         14489
      0.944     0.350       103.31484           2.2600054         13450
      1.059     0.350       83.889659           1.9534107         12203
      1.189     0.350       70.713119           1.7188358         11569
      1.334     0.350       60.475083           1.5192874         10775
      1.496     0.350       48.594111           1.2993660          9466
      1.679     0.350       40.942082           1.1476719          8862
      1.884     0.350       32.389105          0.95559967          7926
      2.113     0.350       30.720842          0.99217548          7231
      2.371     0.350       23.554892          0.77551313          6533
      2.661     0.350       17.232976          0.59831160          5785
      2.985     0.350       14.716489          0.55109867          5028
      3.350     0.350       11.501289          0.45763452          4341
      3.758     0.350       9.7990723          0.42694947          4067
      4.217     0.350       8.1109407          0.35601214          3575
      4.732     0.350       6.2277005          0.28863444          3085
      5.309     0.350       5.0093104          0.25557084          2637
      5.957     0.350       3.5283073          0.19679830          2306
      6.683     0.350       2.7083337          0.16405626          1871
      7.499     0.350       2.3314542          0.15750508          1663
      8.414     0.350       1.7235750          0.11264862          1345
      9.441     0.350       1.1475052          0.75367519E-01      1235
      0.106     0.450       639.37501           8.6824631         22868
      0.119     0.450       603.34501           8.1779505         23510
      0.133     0.450       603.74594           8.2099432         24159
      0.150     0.450       544.50391           7.5734113         23983
      0.168     0.450       542.89829           7.5456939         24617
      0.188     0.450       500.27629           7.0418781         24624
      0.211     0.450       450.43970           6.5016131         24467
      0.237     0.450       414.66164           6.1030821         23934
      0.266     0.450       388.49887           5.8000916         23775
      0.299     0.450       338.54725           5.2102909         23189
      0.335     0.450       320.75574           5.0452054         22653
      0.376     0.450       286.67307           4.6787690         21861
      0.422     0.450       241.74241           4.0157228         20733
      0.473     0.450       224.02762           3.8357516         20071
      0.531     0.450       195.01306           3.4619630         18999
      0.596     0.450       173.17475           3.1795214         17989
      0.668     0.450       146.60278           2.7844435         16695
      0.750     0.450       131.12206           2.5733811         15843
      0.841     0.450       106.49449           2.2411265         14503
      0.944     0.450       97.019539           2.1229813         13330
      1.059     0.450       78.196103           1.7983561         12448
      1.189     0.450       65.128121           1.5903649         11303
      1.334     0.450       57.475065           1.4746693         10214
      1.496     0.450       47.443239           1.2654962          9320
      1.679     0.450       37.525536           1.0757597          8440
      1.884     0.450       31.488687          0.94673557          7542
      2.113     0.450       25.007935          0.80306214          6716
      2.371     0.450       20.714429          0.72946903          5946
      2.661     0.450       17.226417          0.63853911          5330
      2.985     0.450       12.906239          0.48835347          4702
      3.350     0.450       9.7599202          0.41473818          3998
      3.758     0.450       8.9098193          0.41271822          3593
      4.217     0.450       7.0166866          0.34603559          3161
      4.732     0.450       5.4353454          0.28698748          2716
      5.309     0.450       4.0257931          0.22130062          2375
      5.957     0.450       3.3945176          0.21438017          2005
      6.683     0.450       2.7479737          0.17357942          1736
      7.499     0.450       1.8598903          0.12481209          1481
      8.414     0.450       1.5681667          0.11682127          1276
      9.441     0.450       1.1380740          0.94590040E-01       957
      0.106     0.550       613.80060           7.8969436         25015
      0.119     0.550       580.10232           7.5547689         25328
      0.133     0.550       552.43925           7.2498889         25890
      0.150     0.550       538.93411           7.1833615         26069
      0.168     0.550       505.65943           6.6866042         26300
      0.188     0.550       470.95294           6.4808802         25732
      0.211     0.550       436.36506           6.0204333         25746
      0.237     0.550       406.65115           5.7750444         25269
      0.266     0.550       364.85513           5.2496581         24763
      0.299     0.550       330.90450           4.9585124         23816
      0.335     0.550       300.51098           4.6124206         23460
      0.376     0.550       277.29703           4.3603893         22301
      0.422     0.550       243.72232           3.9909730         21259
      0.473     0.550       210.89438           3.5287379         20064
      0.531     0.550       184.56884           3.2202518         18945
      0.596     0.550       160.35716           2.8867453         18117
      0.668     0.550       141.54918           2.7037891         16539
      0.750     0.550       122.59791           2.4001933         15579
      0.841     0.550       102.44137           2.1256664         14346
      0.944     0.550       84.848811           1.8928111         12894
      1.059     0.550       75.913683           1.7760378         11975
      1.189     0.550       60.265498           1.5185626         10701
      1.334     0.550       49.431725           1.2942667          9690
      1.496     0.550       42.547856           1.2063454          8763
      1.679     0.550       34.314564           1.0172370          7977
      1.884     0.550       28.855998          0.91916472          6998
      2.113     0.550       21.482804          0.72518009          6168
      2.371     0.550       18.570578          0.66028235          5543
      2.661     0.550       13.825681          0.50684133          4891
      2.985     0.550       12.517350          0.49163688          4441
      3.350     0.550       9.6079952          0.40002562          3702
      3.758     0.550       6.8374077          0.30603872          3216
      4.217     0.550       6.0125282          0.32455059          2834
      4.732     0.550       4.5602965          0.25527090          2338
      5.309     0.550       3.6816154          0.20770061          2171
      5.957     0.550       3.0333541          0.18396658          1798
      6.683     0.550       2.0275915          0.14868899          1423
      7.499     0.550       1.6252565          0.11383934          1306
      8.414     0.550       1.2525097          0.10169550          1122
      9.441     0.550      0.86914784          0.79268705E-01       854
      0.106     0.650       566.98810           7.1117676         26212
      0.119     0.650       564.06365           7.0472509         26788
      0.133     0.650       543.51141           6.8788644         27154
      0.150     0.650       518.40333           6.5883839         27408
      0.168     0.650       482.40602           6.2353120         27257
      0.188     0.650       450.28617           5.9558472         26884
      0.211     0.650       419.78943           5.6633186         26534
      0.237     0.650       383.01414           5.2940682         25830
      0.266     0.650       349.65059           4.9178555         25109
      0.299     0.650       326.13992           4.6998608         24542
      0.335     0.650       287.99794           4.3361581         23223
      0.376     0.650       262.96893           4.0515232         22452
      0.422     0.650       231.15360           3.6961234         21219
      0.473     0.650       207.52514           3.4348586         20030
      0.531     0.650       183.54122           3.2025694         18604
      0.596     0.650       155.32328           2.7880017         17436
      0.668     0.650       133.39837           2.5460991         16020
      0.750     0.650       115.76956           2.2845772         14980
      0.841     0.650       96.400373           2.0640825         13523
      0.944     0.650       80.844914           1.7899001         12506
      1.059     0.650       66.289930           1.5996857         11155
      1.189     0.650       58.854665           1.4790575         10252
      1.334     0.650       47.688615           1.2898946          8999
      1.496     0.650       40.656167           1.1622052          8275
      1.679     0.650       30.955721          0.95666108          7080
      1.884     0.650       26.536256          0.88009760          6469
      2.113     0.650       21.181905          0.74735587          5772
      2.371     0.650       17.602166          0.64239311          5104
      2.661     0.650       12.697624          0.53314598          4327
      2.985     0.650       10.690402          0.48240337          3828
      3.350     0.650       8.1349322          0.39049739          3279
      3.758     0.650       5.8125915          0.30221707          2934
      4.217     0.650       5.1574770          0.28155122          2448
      4.732     0.650       3.6985016          0.21822017          2110
      5.309     0.650       3.1836168          0.18909311          1746
      5.957     0.650       2.2755810          0.15140945          1603
      6.683     0.650       1.8282643          0.12779863          1270
      7.499     0.650       1.4644461          0.11105351          1099
      8.414     0.650       1.1002419          0.10282517           936
      9.441     0.650       1.0288781          0.95893532E-01       865
      0.106     0.750       556.88034           6.7828524         27211
      0.119     0.750       548.64789           6.6857313         27765
      0.133     0.750       528.92668           6.5148500         28141
      0.150     0.750       511.74990           6.3909805         28118
      0.168     0.750       469.26723           5.9585131         28028
      0.188     0.750       439.50598           5.6475248         27642
      0.211     0.750       410.94341           5.4448138         26725
      0.237     0.750       374.12389           5.0575777         25906
      0.266     0.750       350.89005           4.8526367         25248
      0.299     0.750       313.66427           4.4376465         24363
      0.335     0.750       285.35256           4.2242704         22965
      0.376     0.750       254.63733           3.9292022         22121
      0.422     0.750       228.61707           3.6295162         20758
      0.473     0.750       190.90162           3.2167241         19286
      0.531     0.750       169.93918           3.0088226         17877
      0.596     0.750       146.56773           2.7048532         16693
      0.668     0.750       127.03443           2.4734190         15561
      0.750     0.750       107.35350           2.1804351         14117
      0.841     0.750       90.063590           1.9661120         12786
      0.944     0.750       76.549913           1.7821912         11682
      1.059     0.750       61.380720           1.4988206         10442
      1.189     0.750       53.105091           1.4097892          9493
      1.334     0.750       42.254013           1.1828222          8324
      1.496     0.750       35.671572           1.1009683          7419
      1.679     0.750       28.176474          0.92318075          6609
      1.884     0.750       22.352235          0.78443208          5833
      2.113     0.750       18.910913          0.69135384          5168
      2.371     0.750       14.941731          0.60980320          4517
      2.661     0.750       11.714816          0.52019226          3849
      2.985     0.750       9.1072726          0.41202872          3369
      3.350     0.750       7.0329506          0.35058631          2873
      3.758     0.750       6.0179231          0.30880713          2493
      4.217     0.750       4.7156083          0.26877866          2295
      4.732     0.750       3.7393997          0.24392915          1837
      5.309     0.750       2.9466747          0.19252012          1612
      5.957     0.750       1.9296288          0.14213052          1331
      6.683     0.750       1.7384478          0.13059406          1206
      7.499     0.750       1.1755705          0.92683672E-01      1007
      8.414     0.750      0.99643146          0.90303934E-01       828
      9.441     0.750      0.63332014          0.64099452E-01       673
      0.106     0.850       552.33561           6.5224438         28249
      0.119     0.850       537.47620           6.4075887         28330
      0.133     0.850       516.78623           6.2678833         28409
      0.150     0.850       505.74959           6.1672689         28432
      0.168     0.850       461.28087           5.7833215         27844
      0.188     0.850       436.71112           5.5956605         27626
      0.211     0.850       390.18797           5.1124855         26815
      0.237     0.850       363.52624           4.8858502         25843
      0.266     0.850       339.47084           4.6422568         25196
      0.299     0.850       303.46480           4.3552600         23906
      0.335     0.850       275.13868           4.0493790         23012
      0.376     0.850       236.69328           3.6825096         21317
      0.422     0.850       217.43720           3.4979031         20180
      0.473     0.850       186.29609           3.1422125         18726
      0.531     0.850       164.41224           2.9062062         17240
      0.596     0.850       140.43047           2.6237504         16108
      0.668     0.850       118.86049           2.3528287         14703
      0.750     0.850       102.20211           2.1465560         13337
      0.841     0.850       87.681017           1.9386701         12201
      0.944     0.850       72.174475           1.7233122         10936
      1.059     0.850       59.159862           1.5052411          9857
      1.189     0.850       49.369857           1.3506815          8737
      1.334     0.850       40.861532           1.1801502          7873
      1.496     0.850       33.860844           1.0440050          6983
      1.679     0.850       27.103176          0.88342366          6197
      1.884     0.850       20.939917          0.75924259          5565
      2.113     0.850       16.215271          0.64728292          4771
      2.371     0.850       13.187665          0.57570224          4032
      2.661     0.850       10.992950          0.48063405          3655
      2.985     0.850       7.9406054          0.37113149          3108
      3.350     0.850       6.6567079          0.34476537          2712
      3.758     0.850       5.2803722          0.30541201          2248
      4.217     0.850       4.0133202          0.23466180          1984
      4.732     0.850       3.0545929          0.21165307          1714
      5.309     0.850       2.4624359          0.17510383          1518
      5.957     0.850       1.9608941          0.16173208          1213
      6.683     0.850       1.3376092          0.10823096          1026
      7.499     0.850       1.1433819          0.10198128           921
      8.414     0.850      0.80762996          0.84867845E-01       756
      9.441     0.850      0.64876702          0.75318780E-01       601
      0.106     0.950       549.48811           6.4008123         28483
      0.119     0.950       532.46577           6.2504868         28889
      0.133     0.950       498.97346           6.0134699         28365
      0.150     0.950       490.51475           5.8895210         28747
      0.168     0.950       450.46159           5.6027383         28000
      0.188     0.950       423.91425           5.3777678         27446
      0.211     0.950       388.77460           5.0803000         26491
      0.237     0.950       356.06259           4.7885125         25396
      0.266     0.950       329.22056           4.5389285         24632
      0.299     0.950       295.08309           4.2879338         23356
      0.335     0.950       264.52260           3.9849320         22107
      0.376     0.950       231.69015           3.6102640         20833
      0.422     0.950       206.52317           3.3637224         19445
      0.473     0.950       180.03453           3.0613012         18051
      0.531     0.950       157.29824           2.8548350         16748
      0.596     0.950       135.26919           2.5416241         15365
      0.668     0.950       114.19679           2.3324165         13839
      0.750     0.950       96.749038           2.0742902         12682
      0.841     0.950       82.920563           1.9008462         11663
      0.944     0.950       69.335843           1.6916893         10276
      1.059     0.950       56.472260           1.4629646          9356
      1.189     0.950       46.537005           1.2948810          8380
      1.334     0.950       37.100412           1.1159838          7224
      1.496     0.950       30.400239           1.0001708          6468
      1.679     0.950       23.958851          0.85567928          5691
      1.884     0.950       18.790628          0.70440876          4998
      2.113     0.950       15.884466          0.62040560          4489
      2.371     0.950       12.142029          0.56287620          3825
      2.661     0.950       9.2125109          0.41498294          3303
      2.985     0.950       8.1618581          0.42391573          2888
      3.350     0.950       5.8467439          0.33768738          2406
      3.758     0.950       5.0322402          0.31662287          2106
      4.217     0.950       3.5410465          0.21389019          1816
      4.732     0.950       2.6595219          0.17808471          1545
      5.309     0.950       1.9527580          0.14952667          1305
      5.957     0.950       1.6640178          0.12984666          1098
      6.683     0.950       1.3929845          0.12660833           932
      7.499     0.950      0.82214653          0.74004033E-01       746
      8.414     0.950      0.80991658          0.94216031E-01       634
      9.441     0.950      0.56518496          0.58698656E-01       547
