 # tables0/fmax10_0401z.sou_nue   
      0.112    -0.950       385.44981           3.5000242         52991
      0.141    -0.950       361.15460           3.3431995         53254
      0.178    -0.950       334.00162           3.1518937         52283
      0.224    -0.950       289.00932           2.8500965         49606
      0.282    -0.950       242.72503           2.5302667         45993
      0.355    -0.950       203.84701           2.2549693         41799
      0.447    -0.950       162.35815           1.9667986         36690
      0.562    -0.950       129.27076           1.7086282         31573
      0.708    -0.950       92.778111           1.3799333         26117
      0.891    -0.950       66.492896           1.1170667         21634
      1.122    -0.950       45.956406          0.87440778         17329
      1.413    -0.950       31.664713          0.69927448         13757
      1.778    -0.950       21.107870          0.52086361         10802
      2.239    -0.950       13.415637          0.39221917          8101
      2.818    -0.950       8.5317256          0.29668414          6098
      3.548    -0.950       5.2975328          0.21253188          4501
      4.467    -0.950       3.2019250          0.14631650          3280
      5.623    -0.950       1.7425660          0.98213406E-01      2371
      7.079    -0.950       1.2355620          0.75845186E-01      1831
      8.913    -0.950      0.58020581          0.42648272E-01      1252
      0.112    -0.850       270.39396           2.7227448         48420
      0.141    -0.850       261.17295           2.6206970         50125
      0.178    -0.850       241.83736           2.4811363         49310
      0.224    -0.850       216.26427           2.2536491         47863
      0.282    -0.850       191.49257           2.0747763         45355
      0.355    -0.850       165.79779           1.8800811         41587
      0.447    -0.850       133.35434           1.6307010         36721
      0.562    -0.850       106.89178           1.4227995         31855
      0.708    -0.850       82.336234           1.1938211         27482
      0.891    -0.850       61.628705          0.99651277         22490
      1.122    -0.850       43.398689          0.78023055         18368
      1.413    -0.850       30.425352          0.63373564         14724
      1.778    -0.850       20.792875          0.49634897         11743
      2.239    -0.850       14.504575          0.39543776          8812
      2.818    -0.850       8.6287794          0.28089015          6899
      3.548    -0.850       5.4899866          0.20027008          5040
      4.467    -0.850       3.6415382          0.15800806          3653
      5.623    -0.850       2.0426505          0.10607499          2650
      7.079    -0.850       1.2882852          0.77132997E-01      1946
      8.913    -0.850      0.70863249          0.49069820E-01      1348
      0.112    -0.750       191.94979           1.9056841         45087
      0.141    -0.750       192.76759           1.8956863         47099
      0.178    -0.750       187.69134           1.8668380         47256
      0.224    -0.750       177.44518           1.7895907         46556
      0.282    -0.750       162.91621           1.6857557         44658
      0.355    -0.750       144.99954           1.5703229         41720
      0.447    -0.750       122.38186           1.4162679         37459
      0.562    -0.750       99.407252           1.2493251         33017
      0.708    -0.750       78.891242           1.0755106         28443
      0.891    -0.750       63.252061          0.97344152         24122
      1.122    -0.750       46.136424          0.79982543         19623
      1.413    -0.750       31.989974          0.62322954         15986
      1.778    -0.750       23.000758          0.51877184         12572
      2.239    -0.750       15.396102          0.40832562          9565
      2.818    -0.750       10.234255          0.31565359          7325
      3.548    -0.750       6.1508204          0.22020069          5541
      4.467    -0.750       3.6519934          0.15532452          4073
      5.623    -0.750       2.3050438          0.11863956          2908
      7.079    -0.750       1.2979370          0.65246211E-01      2157
      8.913    -0.750      0.78503740          0.48167078E-01      1549
      0.112    -0.650       195.34558           2.0766359         42978
      0.141    -0.650       199.82279           2.0761145         45292
      0.178    -0.650       193.48184           1.9897509         46432
      0.224    -0.650       182.61503           1.8940354         46273
      0.282    -0.650       164.36475           1.7509760         44393
      0.355    -0.650       145.07083           1.6078317         41839
      0.447    -0.650       123.72067           1.4507563         38041
      0.562    -0.650       104.21869           1.3060034         34074
      0.708    -0.650       83.348395           1.1397091         29568
      0.891    -0.650       64.421911          0.96736743         25029
      1.122    -0.650       47.234402          0.78768288         20925
      1.413    -0.650       36.319953          0.67360711         17372
      1.778    -0.650       24.759014          0.53395836         13553
      2.239    -0.650       16.289569          0.40441445         10499
      2.818    -0.650       10.452517          0.29820858          8015
      3.548    -0.650       6.9017800          0.22955413          6258
      4.467    -0.650       4.1779792          0.16905671          4506
      5.623    -0.650       2.4634619          0.11590859          3285
      7.079    -0.650       1.7439120          0.90029375E-01      2455
      8.913    -0.650      0.88332116          0.55375753E-01      1700
      0.112    -0.550       259.01451           2.9551486         41494
      0.141    -0.550       251.02194           2.8399392         43642
      0.178    -0.550       235.03955           2.6549328         44904
      0.224    -0.550       214.89576           2.4473921         44562
      0.282    -0.550       192.51942           2.2134243         43675
      0.355    -0.550       167.36955           1.9644310         41945
      0.447    -0.550       137.90730           1.6820425         38426
      0.562    -0.550       117.57821           1.5325933         34531
      0.708    -0.550       90.189018           1.2630815         30259
      0.891    -0.550       71.067823           1.0651527         26263
      1.122    -0.550       53.828914          0.90001318         22248
      1.413    -0.550       38.703167          0.71162461         18163
      1.778    -0.550       26.978696          0.55961991         14804
      2.239    -0.550       18.432291          0.43384954         11479
      2.818    -0.550       12.305208          0.34293592          8893
      3.548    -0.550       8.2498981          0.27003972          6895
      4.467    -0.550       4.8649716          0.18199786          5096
      5.623    -0.550       3.0632038          0.12989873          3860
      7.079    -0.550       1.6597096          0.83756452E-01      2733
      8.913    -0.550       1.1787560          0.69204504E-01      2028
      0.112    -0.450       319.68041           3.7438464         39542
      0.141    -0.450       300.33288           3.5042093         41545
      0.178    -0.450       282.61116           3.2464721         43098
      0.224    -0.450       252.02023           2.9315005         43508
      0.282    -0.450       226.87186           2.6922536         42623
      0.355    -0.450       195.41773           2.3845355         40989
      0.447    -0.450       162.38934           2.0431517         38221
      0.562    -0.450       132.42877           1.7399060         35120
      0.708    -0.450       101.60446           1.4197696         31259
      0.891    -0.450       81.249395           1.2284365         27203
      1.122    -0.450       61.059020          0.99642149         23484
      1.413    -0.450       43.129979          0.79583658         19384
      1.778    -0.450       31.059983          0.63928271         15579
      2.239    -0.450       20.342932          0.47282950         12539
      2.818    -0.450       14.168638          0.37482849         10109
      3.548    -0.450       10.146724          0.30466527          7654
      4.467    -0.450       6.1382367          0.20178543          5937
      5.623    -0.450       3.7793421          0.15629642          4327
      7.079    -0.450       2.0378302          0.95603612E-01      3151
      8.913    -0.450       1.2003345          0.64878793E-01      2153
      0.112    -0.350       413.07955           4.9079360         36890
      0.141    -0.350       391.25143           4.5358038         39024
      0.178    -0.350       358.59910           4.2188873         40291
      0.224    -0.350       306.51128           3.6161567         40630
      0.282    -0.350       270.17671           3.2597669         40352
      0.355    -0.350       237.84855           2.9292097         39156
      0.447    -0.350       193.52258           2.4778776         37215
      0.562    -0.350       155.55113           2.0966345         34445
      0.708    -0.350       122.68464           1.7453419         31083
      0.891    -0.350       95.497095           1.4543648         27428
      1.122    -0.350       70.058820           1.1558607         23686
      1.413    -0.350       49.839022          0.91973735         20190
      1.778    -0.350       36.956247          0.74221526         16978
      2.239    -0.350       24.995214          0.56523683         13776
      2.818    -0.350       16.191670          0.41499380         10729
      3.548    -0.350       10.711307          0.31166043          8538
      4.467    -0.350       6.7246527          0.22017517          6560
      5.623    -0.350       4.2607701          0.16395477          5150
      7.079    -0.350       2.6842245          0.11658587          3737
      8.913    -0.350       1.5942625          0.72158179E-01      2845
      0.112    -0.250       565.18620           6.8444255         33060
      0.141    -0.250       532.94380           6.4331798         34687
      0.178    -0.250       490.26744           5.9463708         36110
      0.224    -0.250       411.78111           5.1172239         35957
      0.282    -0.250       349.82703           4.4549854         35758
      0.355    -0.250       295.25256           3.8998210         34941
      0.447    -0.250       238.29045           3.2792520         33439
      0.562    -0.250       190.82940           2.7999083         31186
      0.708    -0.250       145.70750           2.2272593         28923
      0.891    -0.250       108.64711           1.7170556         25738
      1.122    -0.250       80.350234           1.3755357         23102
      1.413    -0.250       60.229024           1.0958828         19972
      1.778    -0.250       40.942649          0.83456119         16671
      2.239    -0.250       28.059085          0.65744311         14025
      2.818    -0.250       18.735368          0.47107884         11616
      3.548    -0.250       12.405968          0.33887035          9434
      4.467    -0.250       8.0222201          0.25195152          7291
      5.623    -0.250       4.9915764          0.17358664          5679
      7.079    -0.250       3.1778636          0.12008803          4234
      8.913    -0.250       2.0692951          0.91310469E-01      3055
      0.112    -0.150       870.17572           11.469913         26848
      0.141    -0.150       795.92134           10.584826         28053
      0.178    -0.150       696.10679           9.5042101         28344
      0.224    -0.150       569.71492           8.0905511         28084
      0.282    -0.150       497.30794           7.4221011         27853
      0.355    -0.150       388.01832           6.0756307         26631
      0.447    -0.150       300.46295           4.8622900         25824
      0.562    -0.150       234.51716           4.0640700         23906
      0.708    -0.150       173.36496           3.1276043         22278
      0.891    -0.150       127.74692           2.3951177         20443
      1.122    -0.150       91.828016           1.8744869         18508
      1.413    -0.150       64.407777           1.3706031         16330
      1.778    -0.150       47.010994           1.0771831         14156
      2.239    -0.150       32.293400          0.82118469         12311
      2.818    -0.150       20.712685          0.56263530         10344
      3.548    -0.150       15.412950          0.46584513          8652
      4.467    -0.150       10.032577          0.32239698          6874
      5.623    -0.150       6.4895754          0.22899553          5572
      7.079    -0.150       4.1286784          0.16444389          4260
      8.913    -0.150       2.6788194          0.12027823          3355
      0.112    -0.050       1421.1217           33.158272         13468
      0.141    -0.050       1311.4059           31.771733         13484
      0.178    -0.050       1108.4737           27.929737         13446
      0.224    -0.050       845.88428           24.640728         12816
      0.282    -0.050       684.56274           20.385436         12566
      0.355    -0.050       530.08077           16.422575         11774
      0.447    -0.050       413.60836           13.501847         11048
      0.562    -0.050       275.62926           10.482660         10091
      0.708    -0.050       196.83148           7.9029081          9214
      0.891    -0.050       155.57790           6.0235602          8534
      1.122    -0.050       104.75252           3.9660124          7722
      1.413    -0.050       73.173604           2.8902903          6813
      1.778    -0.050       54.949820           2.7778671          6199
      2.239    -0.050       35.130027           1.8247057          5336
      2.818    -0.050       23.701932           1.1100329          4649
      3.548    -0.050       15.972192          0.88230303          4011
      4.467    -0.050       11.099093          0.67536548          3188
      5.623    -0.050       8.3601122          0.65297599          2771
      7.079    -0.050       5.1327402          0.33795605          2231
      8.913    -0.050       3.7249118          0.31851190          1789
      0.112     0.050       1440.6195           34.480040         13418
      0.141     0.050       1253.9387           30.866002         13436
      0.178     0.050       1113.2945           28.338653         13184
      0.224     0.050       899.95814           25.093712         12719
      0.282     0.050       690.16762           20.237069         12099
      0.355     0.050       548.02408           17.014928         11684
      0.447     0.050       400.99157           13.242543         10968
      0.562     0.050       271.29382           10.169600         10158
      0.708     0.050       195.94682           7.0456671          9096
      0.891     0.050       150.92298           6.3487093          8425
      1.122     0.050       103.55863           3.8835544          7660
      1.413     0.050       76.248216           3.3178036          6842
      1.778     0.050       49.700416           2.1684836          6058
      2.239     0.050       36.937305           1.8343997          5372
      2.818     0.050       23.501793           1.1915451          4584
      3.548     0.050       16.634056          0.94124237          3881
      4.467     0.050       11.183043          0.68954611          3238
      5.623     0.050       8.0538870          0.46182908          2659
      7.079     0.050       4.7164893          0.37154216          2136
      8.913     0.050       3.6841793          0.32199814          1749
      0.112     0.150       995.24165           12.754536         27872
      0.141     0.150       873.80285           11.498814         28501
      0.178     0.150       746.72437           10.166397         28762
      0.224     0.150       609.86303           8.7664972         28237
      0.282     0.150       492.52027           7.2763977         27857
      0.355     0.150       394.42887           6.1009965         26789
      0.447     0.150       316.67092           5.2918765         25157
      0.562     0.150       230.49937           4.0006235         24178
      0.708     0.150       170.47521           3.1486644         21895
      0.891     0.150       119.73515           2.2477353         20169
      1.122     0.150       90.035781           1.8362423         18235
      1.413     0.150       66.897045           1.4738268         16356
      1.778     0.150       45.292493           1.0616017         14084
      2.239     0.150       32.095088          0.78954277         12184
      2.818     0.150       21.026609          0.60363658         10047
      3.548     0.150       14.544557          0.42253222          8301
      4.467     0.150       9.7944322          0.30739232          6893
      5.623     0.150       6.0355720          0.21919404          5375
      7.079     0.150       3.8335575          0.14650964          4301
      8.913     0.150       2.5320403          0.11392565          3178
      0.112     0.250       777.22992           8.6869622         35705
      0.141     0.250       706.80741           7.9708885         37024
      0.178     0.250       606.58600           7.1310977         37128
      0.224     0.250       509.61225           6.2718210         37231
      0.282     0.250       427.33052           5.3557519         36780
      0.355     0.250       338.49291           4.4655535         35486
      0.447     0.250       269.33895           3.7439023         33505
      0.562     0.250       202.41838           2.9518428         31736
      0.708     0.250       154.78866           2.3758118         29100
      0.891     0.250       114.17271           1.8554354         25602
      1.122     0.250       83.890548           1.4754868         22914
      1.413     0.250       59.482008           1.1174348         19762
      1.778     0.250       41.097597          0.85602104         16619
      2.239     0.250       29.333063          0.66716808         13768
      2.818     0.250       20.172709          0.52053895         11437
      3.548     0.250       11.945902          0.32590344          9010
      4.467     0.250       8.2240826          0.25627195          7008
      5.623     0.250       5.2870136          0.18190786          5516
      7.079     0.250       3.2274724          0.13156793          4138
      8.913     0.250       2.1187403          0.97674469E-01      3074
      0.112     0.350       671.15582           6.9266958         41396
      0.141     0.350       606.93872           6.3735156         42985
      0.178     0.350       540.94273           5.7981688         44188
      0.224     0.350       463.07649           5.0999268         44003
      0.282     0.350       384.25581           4.3981300         43019
      0.355     0.350       327.35061           3.8886491         41728
      0.447     0.350       251.44103           3.1643094         38991
      0.562     0.350       188.19139           2.5151782         35400
      0.708     0.350       145.76282           2.0275754         32172
      0.891     0.350       108.33804           1.6673042         28161
      1.122     0.350       76.641814           1.2834058         24172
      1.413     0.350       56.153693           1.0301687         20507
      1.778     0.350       38.434613          0.78237240         17047
      2.239     0.350       25.922143          0.58368968         14053
      2.818     0.350       16.227081          0.40801271         10885
      3.548     0.350       10.875974          0.31279183          8482
      4.467     0.350       6.7969681          0.22732286          6530
      5.623     0.350       4.2036791          0.15351722          4978
      7.079     0.350       2.5924948          0.11609590          3634
      8.913     0.350       1.6825512          0.87438334E-01      2671
      0.112     0.450       628.72213           6.0631683         45934
      0.141     0.450       570.92383           5.5888335         48406
      0.178     0.450       509.62530           5.0568803         49199
      0.224     0.450       436.87043           4.4874400         48541
      0.282     0.450       362.58249           3.8882597         47048
      0.355     0.450       305.24229           3.4406333         44332
      0.447     0.450       241.54009           2.8811481         41041
      0.562     0.450       183.41489           2.3195848         37168
      0.708     0.450       136.80474           1.8661019         32839
      0.891     0.450       102.71778           1.5335555         28684
      1.122     0.450       72.687820           1.2064811         23970
      1.413     0.450       51.462307          0.94114974         19874
      1.778     0.450       35.301180          0.72719315         16024
      2.239     0.450       23.193313          0.55128818         12861
      2.818     0.450       14.500653          0.38588094         10072
      3.548     0.450       9.8362712          0.30195685          7887
      4.467     0.450       5.4688366          0.19110099          5775
      5.623     0.450       3.6848228          0.14489777          4344
      7.079     0.450       2.1693289          0.11055673          3164
      8.913     0.450       1.1969596          0.62862568E-01      2308
      0.112     0.550       598.68336           5.4735953         50784
      0.141     0.550       544.70499           5.0743964         51894
      0.178     0.550       492.98750           4.6676510         52351
      0.224     0.550       424.80724           4.1831524         51286
      0.282     0.550       349.95464           3.5954335         48785
      0.355     0.550       286.02590           3.1327100         46002
      0.447     0.550       229.48957           2.6878427         41769
      0.562     0.550       178.19496           2.2588037         37012
      0.708     0.550       126.80454           1.7592508         31782
      0.891     0.550       93.204815           1.4033231         26918
      1.122     0.550       67.962038           1.1376675         22971
      1.413     0.550       46.248461          0.87197748         18537
      1.778     0.550       31.362499          0.68502980         14912
      2.239     0.550       19.663788          0.49362116         11640
      2.818     0.550       13.083263          0.36765940          9124
      3.548     0.550       7.8541287          0.24477559          6853
      4.467     0.550       5.2550270          0.20236450          5078
      5.623     0.550       3.1685561          0.13687186          3784
      7.079     0.550       1.8744889          0.86956806E-01      2792
      8.913     0.550       1.2181114          0.75512879E-01      1992
      0.112     0.650       575.63338           5.0962405         53312
      0.141     0.650       535.89430           4.7870260         54751
      0.178     0.650       475.86067           4.3594734         54566
      0.224     0.650       408.01193           3.9072435         52803
      0.282     0.650       335.16385           3.4214489         49696
      0.355     0.650       280.39181           2.9761990         46259
      0.447     0.650       218.64642           2.5458837         40861
      0.562     0.650       165.96359           2.0894260         36260
      0.708     0.650       126.64864           1.7390714         31198
      0.891     0.650       90.590337           1.4022662         25810
      1.122     0.650       62.090425           1.0719237         21348
      1.413     0.650       42.748772          0.85468045         17309
      1.778     0.650       28.198224          0.64343055         13769
      2.239     0.650       18.362859          0.49172818         10676
      2.818     0.650       11.446334          0.34181395          8116
      3.548     0.650       7.4074258          0.25550986          6131
      4.467     0.650       4.4297206          0.17829953          4611
      5.623     0.650       2.7613381          0.12774493          3326
      7.079     0.650       1.7649216          0.88751145E-01      2481
      8.913     0.650      0.86280334          0.51096095E-01      1750
      0.112     0.750       561.17818           4.8218306         55454
      0.141     0.750       517.78535           4.5337163         56031
      0.178     0.750       465.84493           4.1833847         55317
      0.224     0.750       398.24862           3.7530085         53266
      0.282     0.750       331.85643           3.3086191         49561
      0.355     0.750       264.09463           2.8454257         44822
      0.447     0.750       211.50444           2.4670489         39959
      0.562     0.750       156.83344           1.9970193         34684
      0.708     0.750       115.95345           1.6355184         29658
      0.891     0.750       81.648257           1.2935174         24433
      1.122     0.750       56.747881           1.0194598         19703
      1.413     0.750       38.975526          0.79560502         15876
      1.778     0.750       27.209920          0.64454034         12737
      2.239     0.750       17.026234          0.45364323          9838
      2.818     0.750       11.095125          0.35326754          7465
      3.548     0.750       6.7513608          0.24099618          5554
      4.467     0.750       4.1633203          0.17490846          4214
      5.623     0.750       2.4181581          0.12080394          2870
      7.079     0.750       1.4421371          0.79415779E-01      2161
      8.913     0.750      0.80993835          0.54317607E-01      1462
      0.112     0.850       551.43146           4.6194977         56820
      0.141     0.850       502.74568           4.3296714         56967
      0.178     0.850       458.04621           4.0609050         55891
      0.224     0.850       381.16886           3.5882778         52571
      0.282     0.850       318.41286           3.1735787         48856
      0.355     0.850       262.50952           2.8147022         44340
      0.447     0.850       201.38894           2.3672509         38657
      0.562     0.850       150.68636           1.9575215         33542
      0.708     0.850       108.16358           1.5706717         27974
      0.891     0.850       80.041136           1.2986639         23456
      1.122     0.850       55.070072           1.0269670         18878
      1.413     0.850       36.119255          0.76603392         14922
      1.778     0.850       24.448562          0.59412710         11708
      2.239     0.850       15.631209          0.45224947          8881
      2.818     0.850       9.3089200          0.30686012          6841
      3.548     0.850       5.8955034          0.22668739          4954
      4.467     0.850       3.7218400          0.16140304          3806
      5.623     0.850       2.2688015          0.11336366          2790
      7.079     0.850       1.3673764          0.86301237E-01      2016
      8.913     0.850      0.78302476          0.57620053E-01      1364
      0.112     0.950       540.81375           4.4857090         56954
      0.141     0.950       495.42838           4.2182248         57021
      0.178     0.950       436.72313           3.8677572         55143
      0.224     0.950       375.23854           3.5046065         51838
      0.282     0.950       308.84988           3.0762315         47646
      0.355     0.950       248.27056           2.6753037         42837
      0.447     0.950       190.61129           2.2546923         37430
      0.562     0.950       144.37661           1.8911595         31797
      0.708     0.950       105.05536           1.5229482         26736
      0.891     0.950       74.088768           1.2460938         21603
      1.122     0.950       50.514903          0.96759917         17508
      1.413     0.950       34.130655          0.76286012         13733
      1.778     0.950       23.537053          0.60333465         10499
      2.239     0.950       14.222664          0.41308615          8292
      2.818     0.950       8.6078039          0.30117388          6070
      3.548     0.950       5.1695303          0.20668326          4407
      4.467     0.950       3.3300298          0.15116146          3409
      5.623     0.950       1.9049036          0.10596031          2399
      7.079     0.950       1.1908996          0.73909889E-01      1741
      8.913     0.950      0.76485180          0.58884209E-01      1203
