 # tables0/fmax10_0401z.sno_nbm   
      0.112    -0.950       786.11408           4.8867909        109588
      0.141    -0.950       712.63915           4.5276079        111734
      0.178    -0.950       647.53164           4.2074858        111673
      0.224    -0.950       577.33169           3.8640363        109604
      0.282    -0.950       492.46137           3.4569610        104800
      0.355    -0.950       405.36373           3.0437281         97362
      0.447    -0.950       323.68219           2.6018450         89124
      0.562    -0.950       253.07933           2.2108160         79892
      0.708    -0.950       189.99995           1.8128177         70077
      0.891    -0.950       143.10469           1.5095628         60700
      1.122    -0.950       102.11223           1.1995958         52600
      1.413    -0.950       73.755727          0.96761497         44103
      1.778    -0.950       51.510416          0.75219106         36883
      2.239    -0.950       34.889840          0.56870947         30389
      2.818    -0.950       23.056428          0.42193228         24930
      3.548    -0.950       15.265552          0.30585534         20289
      4.467    -0.950       10.060598          0.22517688         16066
      5.623    -0.950       6.7206875          0.16365008         12916
      7.079    -0.950       4.1812959          0.11098961          9824
      8.913    -0.950       2.5821760          0.76197731E-01      7692
      0.112    -0.850       559.03318           3.8755726         98512
      0.141    -0.850       524.29114           3.6550106        102566
      0.178    -0.850       488.30567           3.4079133        104243
      0.224    -0.850       447.34155           3.1835096        103479
      0.282    -0.850       391.90530           2.8847417        100171
      0.355    -0.850       336.59655           2.6025491         94327
      0.447    -0.850       270.81942           2.2142368         86947
      0.562    -0.850       219.03050           1.9007641         78575
      0.708    -0.850       168.99999           1.5958184         70072
      0.891    -0.850       129.66419           1.3387557         60964
      1.122    -0.850       96.660362           1.1113417         52804
      1.413    -0.850       71.808247          0.90092280         45065
      1.778    -0.850       50.647528          0.71024132         37660
      2.239    -0.850       34.775359          0.55380992         31219
      2.818    -0.850       24.167386          0.41983262         25547
      3.548    -0.850       15.759928          0.30871917         20764
      4.467    -0.850       10.444711          0.22148963         16545
      5.623    -0.850       6.7883508          0.15892979         13334
      7.079    -0.850       4.3357533          0.12027968         10264
      8.913    -0.850       2.8021557          0.80436137E-01      7926
      0.112    -0.750       427.05291           2.9241383         91956
      0.141    -0.750       418.62104           2.8329857         96392
      0.178    -0.750       398.75189           2.7275269         98526
      0.224    -0.750       375.64201           2.6026872         99324
      0.282    -0.750       341.93233           2.4367640         96523
      0.355    -0.750       303.01195           2.2612132         92217
      0.447    -0.750       261.34601           2.0410914         85636
      0.562    -0.750       211.53168           1.7849284         77581
      0.708    -0.750       170.35820           1.5567908         69620
      0.891    -0.750       134.52914           1.3445542         61138
      1.122    -0.750       98.629974           1.0833339         53062
      1.413    -0.750       70.554907          0.87954438         44720
      1.778    -0.750       52.012027          0.72263639         38166
      2.239    -0.750       36.384056          0.56180731         31706
      2.818    -0.750       24.196090          0.40454329         25877
      3.548    -0.750       16.332869          0.30737483         21370
      4.467    -0.750       10.757934          0.22868769         17117
      5.623    -0.750       7.0717556          0.16691498         13535
      7.079    -0.750       4.6333015          0.11821169         10909
      8.913    -0.750       3.0244591          0.88788405E-01      8173
      0.112    -0.650       436.92169           3.1945788         86543
      0.141    -0.650       424.27383           3.0565085         91873
      0.178    -0.650       406.62439           2.9097087         94485
      0.224    -0.650       383.21572           2.7516035         96060
      0.282    -0.650       347.54007           2.5692503         93617
      0.355    -0.650       307.16411           2.3451368         89893
      0.447    -0.650       259.77599           2.0742348         84278
      0.562    -0.650       214.15271           1.8082113         77350
      0.708    -0.650       173.87002           1.5794695         69600
      0.891    -0.650       133.58251           1.3371347         61175
      1.122    -0.650       101.34989           1.1270252         52992
      1.413    -0.650       72.740848          0.89013449         45160
      1.778    -0.650       53.538521          0.72361488         38689
      2.239    -0.650       37.302145          0.56068489         32244
      2.818    -0.650       25.347647          0.43055951         26072
      3.548    -0.650       17.237943          0.33178708         21471
      4.467    -0.650       11.022716          0.22841648         17184
      5.623    -0.650       7.2260916          0.16471715         13620
      7.079    -0.650       4.9538554          0.12953543         10687
      8.913    -0.650       3.0558262          0.87576567E-01      8400
      0.112    -0.550       537.11430           4.2518197         82478
      0.141    -0.550       507.47315           3.9329627         87729
      0.178    -0.550       478.71141           3.6933553         91191
      0.224    -0.550       435.52134           3.3738799         91791
      0.282    -0.550       386.08955           3.0334803         90672
      0.355    -0.550       328.65842           2.6618743         87724
      0.447    -0.550       281.04451           2.3549360         82306
      0.562    -0.550       226.42526           2.0347208         75354
      0.708    -0.550       180.34573           1.7025081         68097
      0.891    -0.550       139.47461           1.4219291         60436
      1.122    -0.550       108.51219           1.1835922         53432
      1.413    -0.550       78.471710          0.94165605         45423
      1.778    -0.550       55.784321          0.76149897         38557
      2.239    -0.550       39.074897          0.59630439         32163
      2.818    -0.550       26.891036          0.44754949         26876
      3.548    -0.550       18.312109          0.35114181         21757
      4.467    -0.550       11.815867          0.24449818         17561
      5.623    -0.550       8.1846321          0.18462139         14233
      7.079    -0.550       4.9016780          0.11916406         11007
      8.913    -0.550       3.2422698          0.90260688E-01      8843
      0.112    -0.450       665.66246           5.3913048         78505
      0.141    -0.450       615.87709           4.9804255         82942
      0.178    -0.450       563.35311           4.5077523         86144
      0.224    -0.450       502.10522           4.0539499         87185
      0.282    -0.450       438.83087           3.5680758         86515
      0.355    -0.450       371.02516           3.1350979         83387
      0.447    -0.450       305.41231           2.6514613         78971
      0.562    -0.450       247.21619           2.2713164         73591
      0.708    -0.450       195.86644           1.8774599         67070
      0.891    -0.450       148.63570           1.5547400         59563
      1.122    -0.450       113.87836           1.2719892         52377
      1.413    -0.450       81.493156           1.0036104         44847
      1.778    -0.450       60.116008          0.81726023         38892
      2.239    -0.450       42.255440          0.62875637         32685
      2.818    -0.450       28.581136          0.47601598         26939
      3.548    -0.450       18.838920          0.34426413         22123
      4.467    -0.450       13.090417          0.26685881         17956
      5.623    -0.450       8.2262157          0.18127876         14369
      7.079    -0.450       5.3164152          0.12658888         11362
      8.913    -0.450       3.6072198          0.97182412E-01      8874
      0.112    -0.350       817.26538           6.7550275         72585
      0.141    -0.350       754.81381           6.2416096         76298
      0.178    -0.350       669.53628           5.5599313         79002
      0.224    -0.350       604.25400           5.0473540         80362
      0.282    -0.350       519.00155           4.3846983         80290
      0.355    -0.350       435.04309           3.8279586         77455
      0.447    -0.350       348.78684           3.2004282         73947
      0.562    -0.350       279.62665           2.6508275         69188
      0.708    -0.350       220.30548           2.1866891         63381
      0.891    -0.350       165.93190           1.7615644         56810
      1.122    -0.350       124.64047           1.4378976         50419
      1.413    -0.350       91.072203           1.1278820         44126
      1.778    -0.350       66.193034          0.91037626         37759
      2.239    -0.350       46.883832          0.71471663         31799
      2.818    -0.350       31.375351          0.51940155         26844
      3.548    -0.350       21.386853          0.38718913         22135
      4.467    -0.350       13.805540          0.27978775         17657
      5.623    -0.350       8.9870673          0.19979782         14175
      7.079    -0.350       5.9255732          0.14630240         11367
      8.913    -0.350       3.9624668          0.10290146          9106
      0.112    -0.250       1129.1562           9.4885509         65626
      0.141    -0.250       1023.1759           8.6798661         68871
      0.178    -0.250       900.32692           7.6926892         70899
      0.224    -0.250       793.72824           6.9573115         71603
      0.282    -0.250       640.58223           5.7993488         70177
      0.355    -0.250       538.88726           5.0596718         68659
      0.447    -0.250       421.32974           4.1060708         65460
      0.562    -0.250       336.15959           3.4631299         61711
      0.708    -0.250       250.93935           2.7346880         56383
      0.891    -0.250       194.20515           2.2362094         51858
      1.122    -0.250       138.91714           1.7132446         46048
      1.413    -0.250       100.38315           1.3281286         40911
      1.778    -0.250       71.478684           1.0404474         35243
      2.239    -0.250       49.463630          0.76851506         30185
      2.818    -0.250       34.629784          0.58894425         25648
      3.548    -0.250       23.229246          0.43674769         21248
      4.467    -0.250       15.412510          0.31155720         17400
      5.623    -0.250       10.375806          0.22961343         14156
      7.079    -0.250       6.9919120          0.17439854         11508
      8.913    -0.250       4.4773414          0.12144411          9111
      0.112    -0.150       1723.7989           15.698573         54516
      0.141    -0.150       1516.5511           14.193233         55480
      0.178    -0.150       1294.9639           12.587092         56289
      0.224    -0.150       1091.1500           10.958131         55647
      0.282    -0.150       881.13907           9.2663940         54729
      0.355    -0.150       697.45629           7.8449773         52890
      0.447    -0.150       531.07069           6.1719294         49669
      0.562    -0.150       394.92643           4.8209500         46761
      0.708    -0.150       289.23392           3.6970816         43281
      0.891    -0.150       213.04349           2.9277839         39795
      1.122    -0.150       153.86589           2.2775187         35967
      1.413    -0.150       109.78132           1.6974093         32179
      1.778    -0.150       76.523331           1.2640687         28167
      2.239    -0.150       52.392208          0.92964407         24381
      2.818    -0.150       36.685523          0.68348556         20818
      3.548    -0.150       25.907249          0.54055884         17564
      4.467    -0.150       16.727570          0.37663311         14748
      5.623    -0.150       10.634242          0.25262976         11942
      7.079    -0.150       7.4271887          0.20722814          9777
      8.913    -0.150       5.0280828          0.14253355          7820
      0.112    -0.050       2838.0891           47.337004         26799
      0.141    -0.050       2389.3991           40.620100         26401
      0.178    -0.050       1931.4247           36.078514         25966
      0.224    -0.050       1562.3134           30.257828         25457
      0.282    -0.050       1220.9952           26.139209         23978
      0.355    -0.050       947.23164           20.606006         23019
      0.447    -0.050       664.58278           15.034226         21326
      0.562    -0.050       472.71955           11.361055         19693
      0.708    -0.050       332.43598           8.4624584         18098
      0.891    -0.050       236.66017           7.5848154         16088
      1.122    -0.050       169.43474           5.2821062         14820
      1.413    -0.050       117.43598           3.4165991         13229
      1.778    -0.050       79.745105           2.7216904         11562
      2.239    -0.050       58.434031           2.1338416         10212
      2.818    -0.050       40.294564           1.5852882          8732
      3.548    -0.050       27.257765           1.0488680          7602
      4.467    -0.050       19.074741          0.84566468          6495
      5.623    -0.050       12.639391          0.62270237          5466
      7.079    -0.050       8.7471002          0.39250692          4611
      8.913    -0.050       5.1726204          0.25915712          3668
      0.112     0.050       2880.9995           47.931067         26638
      0.141     0.050       2349.9095           40.135939         26010
      0.178     0.050       1980.1921           35.978722         26090
      0.224     0.050       1565.7201           30.696474         25084
      0.282     0.050       1243.3535           26.505247         23947
      0.355     0.050       900.22275           19.640006         22622
      0.447     0.050       661.52541           16.397793         21116
      0.562     0.050       463.48786           11.155089         19477
      0.708     0.050       324.61590           8.7469521         17868
      0.891     0.050       239.56357           7.3399891         16190
      1.122     0.050       165.69335           4.9847007         14628
      1.413     0.050       112.04123           3.3094801         13169
      1.778     0.050       81.169101           2.7862040         11568
      2.239     0.050       57.832026           2.0140731         10140
      2.818     0.050       40.105646           1.4909163          8834
      3.548     0.050       26.351011           1.0856501          7625
      4.467     0.050       19.033958          0.86924760          6472
      5.623     0.050       12.090912          0.55200844          5326
      7.079     0.050       8.9542117          0.42956018          4514
      8.913     0.050       5.2066506          0.26523745          3612
      0.112     0.150       1983.9962           17.741253         55454
      0.141     0.150       1665.5331           15.642082         55898
      0.178     0.150       1394.3700           13.507304         56255
      0.224     0.150       1148.8755           11.598175         55724
      0.282     0.150       901.89589           9.6137804         54314
      0.355     0.150       689.74747           7.8340760         52143
      0.447     0.150       508.68202           6.1172599         48869
      0.562     0.150       390.46039           4.9224590         46280
      0.708     0.150       285.77509           3.8063233         42920
      0.891     0.150       207.56008           2.9092562         38696
      1.122     0.150       148.65212           2.1862833         35521
      1.413     0.150       109.23776           1.7201607         31593
      1.778     0.150       76.583449           1.2935399         27745
      2.239     0.150       51.942505          0.92696167         24192
      2.818     0.150       38.505680          0.74073273         20764
      3.548     0.150       25.956578          0.53161546         17403
      4.467     0.150       16.796355          0.37025322         14442
      5.623     0.150       11.215617          0.28108932         11940
      7.079     0.150       7.3017389          0.18857229          9723
      8.913     0.150       4.7162812          0.13943536          7772
      0.112     0.250       1533.6905           11.962101         70621
      0.141     0.250       1319.5866           10.673689         72415
      0.178     0.250       1132.8621           9.4570724         73460
      0.224     0.250       942.59980           8.0941729         73863
      0.282     0.250       777.33961           6.9568521         72407
      0.355     0.250       604.21196           5.7152205         69628
      0.447     0.250       470.95150           4.6482078         66848
      0.562     0.250       354.81087           3.6941831         61778
      0.708     0.250       264.20701           2.9222291         56977
      0.891     0.250       191.81554           2.2044966         51560
      1.122     0.250       141.00366           1.7424739         46087
      1.413     0.250       103.84186           1.4036295         40665
      1.778     0.250       71.554770           1.0250074         34864
      2.239     0.250       50.484813          0.80113947         30077
      2.818     0.250       34.800088          0.59225505         25461
      3.548     0.250       23.125343          0.43388445         21065
      4.467     0.250       15.216556          0.30944585         17305
      5.623     0.250       10.320332          0.23284291         14045
      7.079     0.250       6.4196561          0.15500933         11193
      8.913     0.250       4.0511063          0.10104176          9047
      0.112     0.350       1346.4417           9.6675795         82672
      0.141     0.350       1178.3708           8.7105992         85007
      0.178     0.350       1004.0841           7.6221296         86430
      0.224     0.350       855.25956           6.6473344         86380
      0.282     0.350       712.93805           5.7530648         85086
      0.355     0.350       568.62787           4.8184138         81162
      0.447     0.350       446.88279           4.0320185         76560
      0.562     0.350       342.70051           3.2506846         71064
      0.708     0.350       257.84894           2.5738733         64561
      0.891     0.350       190.21359           2.0681635         57588
      1.122     0.350       137.44515           1.6133467         50582
      1.413     0.350       97.836294           1.2520220         43685
      1.778     0.350       68.806559          0.96653031         37387
      2.239     0.350       45.790861          0.70388714         31584
      2.818     0.350       32.383329          0.54607050         26818
      3.548     0.350       20.974465          0.38771183         21827
      4.467     0.350       13.773227          0.28710643         17687
      5.623     0.350       9.2175903          0.20157907         14441
      7.079     0.350       5.6709684          0.13671670         11329
      8.913     0.350       3.6766403          0.10072150          8882
      0.112     0.450       1244.1543           8.3798746         92156
      0.141     0.450       1107.9788           7.6063932         95539
      0.178     0.450       952.92312           6.7047908         96209
      0.224     0.450       828.01818           5.9935784         96120
      0.282     0.450       689.90562           5.2290196         93742
      0.355     0.450       545.35908           4.3603588         89119
      0.447     0.450       424.35681           3.5854693         83175
      0.562     0.450       334.23828           3.0050851         76611
      0.708     0.450       247.51518           2.3995102         68773
      0.891     0.450       180.65841           1.8987616         60615
      1.122     0.450       134.11721           1.5465447         53005
      1.413     0.450       92.179576           1.1638310         45442
      1.778     0.450       64.801817          0.90463548         38303
      2.239     0.450       43.935579          0.67696892         32363
      2.818     0.450       30.077477          0.51806585         26525
      3.548     0.450       20.457262          0.37761520         22114
      4.467     0.450       13.104094          0.27007078         17866
      5.623     0.450       8.2899269          0.18410938         14401
      7.079     0.450       5.4627631          0.13698883         11284
      8.913     0.450       3.5845516          0.10174818          8915
      0.112     0.550       1193.7087           7.6207941        100857
      0.141     0.550       1058.6342           6.9058575        102424
      0.178     0.550       928.38924           6.2220379        104249
      0.224     0.550       793.70756           5.4998365        103544
      0.282     0.550       653.73749           4.7426604         99573
      0.355     0.550       536.50866           4.1167500         93594
      0.447     0.550       420.31348           3.4416355         87093
      0.562     0.550       322.43945           2.8324056         79204
      0.708     0.550       237.13904           2.2592052         70540
      0.891     0.550       176.34787           1.8395998         62327
      1.122     0.550       129.95663           1.4865360         54172
      1.413     0.550       89.673708           1.1395888         46003
      1.778     0.550       62.698454          0.87103938         39564
      2.239     0.550       41.266805          0.63195682         32622
      2.818     0.550       28.333851          0.48720528         26910
      3.548     0.550       18.025479          0.33042834         21970
      4.467     0.550       12.360825          0.25258179         17742
      5.623     0.550       8.3462813          0.19285293         14235
      7.079     0.550       5.1537225          0.13066896         11086
      8.913     0.550       3.3822247          0.92983488E-01      8848
      0.112     0.650       1154.8644           7.0480201        106498
      0.141     0.650       1037.5493           6.5244503        109026
      0.178     0.650       896.23614           5.7956858        109475
      0.224     0.650       770.80341           5.1650615        107491
      0.282     0.650       642.94241           4.5297538        103299
      0.355     0.650       521.54937           3.9155293         97294
      0.447     0.650       408.62187           3.2858636         88540
      0.562     0.650       312.39702           2.7082127         80069
      0.708     0.650       232.79799           2.2134150         70871
      0.891     0.650       171.04098           1.7847312         62075
      1.122     0.650       123.30242           1.4056088         53864
      1.413     0.650       87.164480           1.1019355         45966
      1.778     0.650       58.015402          0.82433402         38520
      2.239     0.650       39.286523          0.62567711         31897
      2.818     0.650       26.218448          0.44939916         26232
      3.548     0.650       18.023341          0.35038319         21124
      4.467     0.650       11.222686          0.23870409         17028
      5.623     0.650       7.5209874          0.17792193         13526
      7.079     0.650       4.8479499          0.12519442         10745
      8.913     0.650       3.0246236          0.80329193E-01      8622
      0.112     0.750       1136.7168           6.7258988        112434
      0.141     0.750       1007.7728           6.1320811        114273
      0.178     0.750       872.82527           5.5099859        112781
      0.224     0.750       771.81623           5.0436753        111348
      0.282     0.750       630.37392           4.3780306        105770
      0.355     0.750       509.75881           3.7771254         98377
      0.447     0.750       399.60186           3.1879007         89866
      0.562     0.750       300.42214           2.6161795         80586
      0.708     0.750       225.78790           2.1474257         71269
      0.891     0.750       165.16777           1.7151700         62166
      1.122     0.750       118.01015           1.3806818         52768
      1.413     0.750       81.763048           1.0588559         44880
      1.778     0.750       56.017656          0.81957997         37612
      2.239     0.750       37.947846          0.60424829         31157
      2.818     0.750       25.715804          0.46142959         25286
      3.548     0.750       16.471824          0.31554656         20746
      4.467     0.750       10.629355          0.23502543         16600
      5.623     0.750       6.8003113          0.15590862         13144
      7.079     0.750       4.2761198          0.10960995         10371
      8.913     0.750       2.8885695          0.83022888E-01      8110
      0.112     0.850       1106.4625           6.4307145        115224
      0.141     0.850       1001.4186           5.9853853        117201
      0.178     0.850       861.91845           5.3577644        115694
      0.224     0.850       749.36007           4.8556690        113248
      0.282     0.850       633.17195           4.3119802        107450
      0.355     0.850       496.42434           3.6478430         99602
      0.447     0.850       393.40153           3.1199081         90870
      0.562     0.850       293.50944           2.5503913         81000
      0.708     0.850       220.28727           2.1057952         71471
      0.891     0.850       159.22523           1.6811100         61833
      1.122     0.850       110.63218           1.3112976         52634
      1.413     0.850       78.160088           1.0285701         45004
      1.778     0.850       53.555756          0.78344323         37736
      2.239     0.850       37.145816          0.60557468         31233
      2.818     0.850       24.806633          0.44907348         25753
      3.548     0.850       15.453813          0.31008396         20537
      4.467     0.850       10.379191          0.23052709         16556
      5.623     0.850       6.9608395          0.16675431         13231
      7.079     0.850       4.6087990          0.12505318         10346
      8.913     0.850       2.7646971          0.77021928E-01      8008
      0.112     0.950       1094.5838           6.2214680        118839
      0.141     0.950       980.49212           5.7600305        119485
      0.178     0.950       865.63842           5.2759211        118379
      0.224     0.950       734.37928           4.6923176        114394
      0.282     0.950       607.64907           4.1335337        108410
      0.355     0.950       495.29828           3.6096842        100285
      0.447     0.950       385.26970           3.0587879         91019
      0.562     0.950       288.00691           2.5161895         80912
      0.708     0.950       212.39018           2.0445265         71201
      0.891     0.950       152.52464           1.6356759         61043
      1.122     0.950       111.06516           1.3087676         52754
      1.413     0.950       76.898781           1.0231161         44390
      1.778     0.950       52.448256          0.77229989         36965
      2.239     0.950       35.266834          0.58351980         31039
      2.818     0.950       22.926199          0.42301656         24790
      3.548     0.950       15.148318          0.29682185         20343
      4.467     0.950       10.548118          0.23697498         16528
      5.623     0.950       6.4152783          0.15940572         12823
      7.079     0.950       4.0865656          0.10510034         10032
      8.913     0.950       2.6272664          0.75477726E-01      7813
