 # tables0/fmin10_0401z.sou_nbe   
      0.112    -0.950       450.39174           5.1599664         51407
      0.141    -0.950       417.98436           4.7785808         52116
      0.178    -0.950       369.55917           4.2744608         51576
      0.224    -0.950       304.21129           3.6450341         48460
      0.282    -0.950       254.16561           3.1325802         44954
      0.355    -0.950       199.23977           2.5894719         40223
      0.447    -0.950       154.27345           2.1858294         35244
      0.562    -0.950       115.89457           1.7856953         30128
      0.708    -0.950       84.097695           1.4468245         25203
      0.891    -0.950       59.827955           1.1564890         20519
      1.122    -0.950       39.705052          0.84216506         16637
      1.413    -0.950       27.127405          0.66564196         13129
      1.778    -0.950       16.487099          0.44686224         10272
      2.239    -0.950       11.546037          0.36636897          7969
      2.818    -0.950       6.8144995          0.24297613          5940
      3.548    -0.950       4.5484316          0.20306366          4336
      4.467    -0.950       2.4733810          0.11277531          3163
      5.623    -0.950       1.4087714          0.83346899E-01      2292
      7.079    -0.950      0.82349276          0.52900936E-01      1597
      8.913    -0.950      0.48383434          0.36155939E-01      1100
      0.112    -0.850       312.45805           3.7979213         47951
      0.141    -0.850       293.66815           3.5828198         49162
      0.178    -0.850       267.07140           3.2907071         48587
      0.224    -0.850       238.49187           2.9341448         47256
      0.282    -0.850       199.17920           2.5362151         44286
      0.355    -0.850       163.83075           2.1365744         40646
      0.447    -0.850       129.67018           1.8171170         36184
      0.562    -0.850       101.81897           1.5379381         31036
      0.708    -0.850       77.585638           1.2385208         26433
      0.891    -0.850       55.789432           1.0103061         21781
      1.122    -0.850       39.195729          0.77224956         18019
      1.413    -0.850       26.937828          0.60460919         14255
      1.778    -0.850       18.451614          0.45968130         11225
      2.239    -0.850       11.414060          0.34743245          8579
      2.818    -0.850       7.4473116          0.25371424          6506
      3.548    -0.850       4.6043306          0.18060990          4831
      4.467    -0.850       2.8695328          0.13619692          3608
      5.623    -0.850       1.6709032          0.92141461E-01      2562
      7.079    -0.850      0.95580243          0.55430430E-01      1908
      8.913    -0.850      0.55867316          0.45255266E-01      1271
      0.112    -0.750       210.14994           2.2647101         45095
      0.141    -0.750       209.13234           2.1947822         46951
      0.178    -0.750       205.29340           2.1954438         47333
      0.224    -0.750       189.40393           2.0580825         46057
      0.282    -0.750       169.25243           1.8980862         44041
      0.355    -0.750       143.11257           1.6774501         40785
      0.447    -0.750       120.52813           1.5148841         36857
      0.562    -0.750       97.338395           1.3126098         32265
      0.708    -0.750       75.156560           1.1294096         27500
      0.891    -0.750       56.426341          0.92702400         23053
      1.122    -0.750       40.176947          0.74366800         19093
      1.413    -0.750       29.073526          0.61139945         15403
      1.778    -0.750       19.215663          0.46088255         12083
      2.239    -0.750       12.227685          0.33900532          9347
      2.818    -0.750       7.9804336          0.25931267          6973
      3.548    -0.750       5.0609448          0.18271098          5416
      4.467    -0.750       3.4515390          0.15500706          4045
      5.623    -0.750       1.9341900          0.98766124E-01      2979
      7.079    -0.750       1.1228456          0.64985697E-01      2010
      8.913    -0.750      0.60838391          0.47256442E-01      1424
      0.112    -0.650       220.66606           2.6387686         43208
      0.141    -0.650       212.01946           2.4222236         45276
      0.178    -0.650       210.21719           2.4186536         45723
      0.224    -0.650       189.08416           2.1580227         45408
      0.282    -0.650       171.94111           2.0003480         43598
      0.355    -0.650       148.64718           1.7912572         41010
      0.447    -0.650       125.64544           1.5757756         37553
      0.562    -0.650       100.53656           1.3800413         33305
      0.708    -0.650       79.974300           1.1556914         29287
      0.891    -0.650       59.274620          0.95654725         24435
      1.122    -0.650       43.546262          0.77724899         20178
      1.413    -0.650       29.765799          0.59539223         16277
      1.778    -0.650       20.928070          0.48565980         13115
      2.239    -0.650       14.406053          0.37436258         10416
      2.818    -0.650       9.1791057          0.27627577          8034
      3.548    -0.650       5.5910893          0.18818275          5882
      4.467    -0.650       3.3397847          0.14873345          4352
      5.623    -0.650       2.1123372          0.99299696E-01      3256
      7.079    -0.650       1.2745340          0.72992970E-01      2326
      8.913    -0.650      0.70378229          0.42915390E-01      1615
      0.112    -0.550       295.61365           4.2452496         40990
      0.141    -0.550       279.65003           3.9173769         43168
      0.178    -0.550       257.57063           3.4680535         44535
      0.224    -0.550       234.07282           3.2158878         44304
      0.282    -0.550       198.59108           2.6145450         43171
      0.355    -0.550       167.38738           2.2357505         41054
      0.447    -0.550       136.03343           1.8926851         37749
      0.562    -0.550       112.21355           1.5956315         33908
      0.708    -0.550       87.676468           1.3324764         29843
      0.891    -0.550       64.252193           1.0714095         25543
      1.122    -0.550       45.988390          0.83275077         21277
      1.413    -0.550       33.196872          0.64781860         17583
      1.778    -0.550       23.353336          0.50977554         14431
      2.239    -0.550       15.763364          0.40411289         10946
      2.818    -0.550       9.3375512          0.27129321          8507
      3.548    -0.550       6.4754583          0.21357574          6487
      4.467    -0.550       3.8619183          0.14461683          4844
      5.623    -0.550       2.5572248          0.12194941          3712
      7.079    -0.550       1.4710395          0.76157559E-01      2630
      8.913    -0.550      0.90694956          0.53551819E-01      1911
      0.112    -0.450       373.60952           5.6801969         38621
      0.141    -0.450       359.63110           5.1700627         41495
      0.178    -0.450       318.40836           4.4563415         42230
      0.224    -0.450       274.13950           3.7873694         42481
      0.282    -0.450       226.85349           3.2135949         41404
      0.355    -0.450       192.50130           2.6908833         40251
      0.447    -0.450       149.92830           2.0966059         37198
      0.562    -0.450       122.85379           1.8124583         34088
      0.708    -0.450       94.443395           1.4962802         30360
      0.891    -0.450       70.909722           1.1678550         26426
      1.122    -0.450       52.374371          0.91516478         22706
      1.413    -0.450       38.188961          0.76105875         18659
      1.778    -0.450       25.239154          0.55725971         15324
      2.239    -0.450       17.758893          0.41740568         12352
      2.818    -0.450       11.275131          0.30506538          9607
      3.548    -0.450       7.1926659          0.23042394          7467
      4.467    -0.450       4.8655744          0.17894170          5609
      5.623    -0.450       2.7562108          0.11152428          4146
      7.079    -0.450       1.7648312          0.82134451E-01      3119
      8.913    -0.450      0.98668803          0.52554961E-01      2170
      0.112    -0.350       488.91886           7.2288570         36144
      0.141    -0.350       446.99225           6.4854391         38088
      0.178    -0.350       396.62597           5.9326967         39420
      0.224    -0.350       328.04749           4.8490033         39379
      0.282    -0.350       285.90723           4.0717065         39151
      0.355    -0.350       231.41360           3.4143417         38007
      0.447    -0.350       184.86720           2.7129099         36082
      0.562    -0.350       143.36740           2.1171416         32972
      0.708    -0.350       109.83737           1.7429732         30082
      0.891    -0.350       84.804907           1.4222195         26628
      1.122    -0.350       61.487379           1.1151593         23020
      1.413    -0.350       42.712321          0.85256718         19632
      1.778    -0.350       28.693204          0.65766070         15914
      2.239    -0.350       20.375943          0.51344036         13244
      2.818    -0.350       13.415002          0.36113078         10531
      3.548    -0.350       8.1312840          0.24544318          8328
      4.467    -0.350       5.8697863          0.19977270          6510
      5.623    -0.350       3.3122581          0.12595707          4707
      7.079    -0.350       2.0876084          0.98254119E-01      3553
      8.913    -0.350       1.2592784          0.69593261E-01      2601
      0.112    -0.250       695.63749           10.224007         32869
      0.141    -0.250       635.38818           9.4550028         34094
      0.178    -0.250       538.61032           8.1450807         35194
      0.224    -0.250       445.60327           6.6519621         35015
      0.282    -0.250       364.43197           5.4805807         35049
      0.355    -0.250       298.44647           4.7217300         33764
      0.447    -0.250       228.74982           3.6710856         32458
      0.562    -0.250       172.72333           2.9286660         30220
      0.708    -0.250       133.27568           2.3936269         27770
      0.891    -0.250       96.985100           1.7227366         24759
      1.122    -0.250       70.755636           1.3980008         21717
      1.413    -0.250       48.690413           1.0076239         18860
      1.778    -0.250       34.442440          0.78772276         16335
      2.239    -0.250       22.422144          0.53958380         13444
      2.818    -0.250       15.288660          0.42276824         11046
      3.548    -0.250       9.8509138          0.28646946          8836
      4.467    -0.250       6.2660745          0.19664042          6926
      5.623    -0.250       4.0813409          0.14744741          5402
      7.079    -0.250       2.7614028          0.11097368          4150
      8.913    -0.250       1.5501319          0.72263225E-01      3035
      0.112    -0.150       1132.6257           18.339768         26601
      0.141    -0.150       934.10745           15.680384         27393
      0.178    -0.150       826.01384           14.004414         27618
      0.224    -0.150       635.86787           10.903688         27514
      0.282    -0.150       505.95843           9.1580854         26755
      0.355    -0.150       400.66839           7.4048868         26297
      0.447    -0.150       291.51218           5.5899487         24825
      0.562    -0.150       215.57132           4.2484082         23211
      0.708    -0.150       156.31031           3.2064311         21395
      0.891    -0.150       119.56010           2.7584798         19753
      1.122    -0.150       76.350712           1.6961540         17429
      1.413    -0.150       57.371213           1.3586344         16057
      1.778    -0.150       38.946950          0.96809140         13809
      2.239    -0.150       25.984297          0.70393230         11648
      2.818    -0.150       16.642762          0.48260070          9744
      3.548    -0.150       12.171227          0.39460265          8268
      4.467    -0.150       7.8839066          0.27078069          6625
      5.623    -0.150       5.0838722          0.18448792          5269
      7.079    -0.150       3.0565949          0.12805438          3995
      8.913    -0.150       2.1776918          0.98609915E-01      3153
      0.112    -0.050       1826.0834           50.803020         13305
      0.141    -0.050       1615.6143           52.665137         13538
      0.178    -0.050       1227.0321           38.111324         12993
      0.224    -0.050       964.29552           33.082645         12590
      0.282    -0.050       747.61425           26.981994         12245
      0.355    -0.050       578.51236           20.497968         11606
      0.447    -0.050       381.87369           13.802117         10819
      0.562    -0.050       266.75709           9.8277447          9844
      0.708    -0.050       198.41715           7.3522398          9221
      0.891    -0.050       128.15788           4.9914866          8296
      1.122    -0.050       88.915726           3.8801758          7483
      1.413    -0.050       58.499501           2.4084367          6492
      1.778    -0.050       42.430632           1.7950271          5975
      2.239    -0.050       29.320645           1.4700777          4988
      2.818    -0.050       19.598855          0.99635217          4437
      3.548    -0.050       12.097763          0.56115049          3763
      4.467    -0.050       8.4928039          0.47021344          3194
      5.623    -0.050       5.7267314          0.35140337          2539
      7.079    -0.050       4.0338295          0.24674116          2077
      8.913    -0.050       2.6742377          0.21655580          1660
      0.112     0.050       1900.9869           55.967469         13045
      0.141     0.050       1599.0695           51.515774         13153
      0.178     0.050       1200.8905           38.151832         12826
      0.224     0.050       962.48872           32.676967         12448
      0.282     0.050       740.17509           27.373878         11897
      0.355     0.050       511.62822           19.134754         11451
      0.447     0.050       373.62750           15.349983         10643
      0.562     0.050       259.53844           9.3314662          9753
      0.708     0.050       185.35610           6.8852478          8955
      0.891     0.050       134.47457           5.8356277          8327
      1.122     0.050       88.253080           3.7588255          7438
      1.413     0.050       59.489336           2.5278580          6505
      1.778     0.050       38.040290           1.7084203          5662
      2.239     0.050       29.295524           1.5070809          4977
      2.818     0.050       17.604425          0.96060170          4309
      3.548     0.050       11.438187          0.50449420          3647
      4.467     0.050       8.8923717          0.51086721          3138
      5.623     0.050       5.3668403          0.29931754          2494
      7.079     0.050       3.4035533          0.19650498          2022
      8.913     0.050       2.4498208          0.17478806          1601
      0.112     0.150       1253.1392           20.548942         26971
      0.141     0.150       1124.0761           18.773232         27854
      0.178     0.150       874.56061           15.305421         27733
      0.224     0.150       703.42636           12.718603         27644
      0.282     0.150       530.80571           9.7449605         26795
      0.355     0.150       402.73101           7.7314703         25870
      0.447     0.150       294.84556           5.5458039         24568
      0.562     0.150       222.59040           4.5830945         23016
      0.708     0.150       160.33511           3.3719807         21209
      0.891     0.150       109.29459           2.3205918         19670
      1.122     0.150       79.007868           1.7754986         17659
      1.413     0.150       52.623168           1.3005888         15290
      1.778     0.150       38.616717          0.98095410         13567
      2.239     0.150       26.766252          0.74231383         11361
      2.818     0.150       18.251733          0.54107121          9979
      3.548     0.150       11.994525          0.38882158          7971
      4.467     0.150       7.8300604          0.26609939          6589
      5.623     0.150       5.1550766          0.18711034          5329
      7.079     0.150       3.3833876          0.13018760          4153
      8.913     0.150       2.1130211          0.10264459          3038
      0.112     0.250       988.05648           14.072795         34501
      0.141     0.250       883.47667           12.832507         35926
      0.178     0.250       728.65356           10.937382         36332
      0.224     0.250       577.33252           8.8263478         36178
      0.282     0.250       446.10752           6.8766887         35870
      0.355     0.250       351.80377           5.7877528         34007
      0.447     0.250       263.71408           4.3032970         32665
      0.562     0.250       189.05864           3.1616430         30087
      0.708     0.250       138.24825           2.4581151         27696
      0.891     0.250       101.83777           1.8928764         25013
      1.122     0.250       72.674732           1.4727601         21779
      1.413     0.250       49.671953           1.0505587         18769
      1.778     0.250       36.799049          0.83846411         16228
      2.239     0.250       23.272226          0.57544650         13272
      2.818     0.250       15.645894          0.42881575         11020
      3.548     0.250       9.3421706          0.27237884          8370
      4.467     0.250       6.5334741          0.22065914          6718
      5.623     0.250       4.0162140          0.14139269          5228
      7.079     0.250       2.6520660          0.10984939          3989
      8.913     0.250       1.5815194          0.77375762E-01      2884
      0.112     0.350       846.37082           11.161372         40461
      0.141     0.350       758.18839           9.9974279         42072
      0.178     0.350       633.61701           8.6739991         42562
      0.224     0.350       522.45586           7.1936832         42374
      0.282     0.350       404.38791           5.7387105         41588
      0.355     0.350       314.83383           4.5889251         39734
      0.447     0.350       239.73757           3.6344568         37032
      0.562     0.350       178.64667           2.7511861         33976
      0.708     0.350       131.24601           2.1259474         30530
      0.891     0.350       97.153963           1.6814256         27152
      1.122     0.350       66.646222           1.2412897         23256
      1.413     0.350       43.783198          0.89819305         19427
      1.778     0.350       31.703920          0.72350629         16439
      2.239     0.350       20.652965          0.52369993         13220
      2.818     0.350       13.273220          0.37005794         10622
      3.548     0.350       8.6982979          0.26770874          8355
      4.467     0.350       5.6621711          0.21025242          6366
      5.623     0.350       3.5029221          0.12676906          4847
      7.079     0.350       2.2108466          0.10300275          3502
      8.913     0.350       1.2521547          0.58610098E-01      2605
      0.112     0.450       789.64956           9.8469720         44675
      0.141     0.450       679.43507           8.5691357         46385
      0.178     0.450       586.82418           7.3506159         47405
      0.224     0.450       469.94200           6.1208938         46751
      0.282     0.450       384.57687           5.1292685         44992
      0.355     0.450       295.27479           4.1004505         42194
      0.447     0.450       224.93553           3.2227753         38997
      0.562     0.450       172.38283           2.6919265         35184
      0.708     0.450       125.26620           2.0219429         31249
      0.891     0.450       87.640240           1.4868062         27306
      1.122     0.450       64.230571           1.2456825         22820
      1.413     0.450       41.997770          0.89747241         18843
      1.778     0.450       27.957423          0.64043744         15437
      2.239     0.450       17.452716          0.45628381         12209
      2.818     0.450       11.754982          0.35102824          9569
      3.548     0.450       7.5454522          0.24902645          7452
      4.467     0.450       4.5964958          0.16465069          5549
      5.623     0.450       2.7335446          0.10792841          4122
      7.079     0.450       1.8495935          0.87379077E-01      3030
      8.913     0.450       1.0841445          0.56613346E-01      2153
      0.112     0.550       747.06143           8.6602024         48784
      0.141     0.550       674.91544           8.0097992         50641
      0.178     0.550       553.97781           6.7409475         50348
      0.224     0.550       461.81462           5.7259696         49461
      0.282     0.550       364.23933           4.6359913         47177
      0.355     0.550       277.65128           3.6591035         43718
      0.447     0.550       221.22720           3.0860314         40361
      0.562     0.550       165.26018           2.4602318         35522
      0.708     0.550       116.57152           1.8772283         30849
      0.891     0.550       84.467939           1.4765503         26160
      1.122     0.550       57.090195           1.1236730         21930
      1.413     0.550       39.609711          0.85945386         17902
      1.778     0.550       26.010202          0.62196375         14384
      2.239     0.550       16.574190          0.44484405         11312
      2.818     0.550       10.636711          0.32766032          8710
      3.548     0.550       6.5651158          0.23616755          6498
      4.467     0.550       4.2922650          0.17501218          4964
      5.623     0.550       2.5134121          0.12291950          3581
      7.079     0.550       1.3121654          0.66199828E-01      2524
      8.913     0.550      0.88801489          0.60619255E-01      1863
      0.112     0.650       703.06470           7.9307673         51189
      0.141     0.650       625.00902           7.1569781         52158
      0.178     0.650       529.90888           6.1903128         52492
      0.224     0.650       434.84842           5.1781398         50498
      0.282     0.650       357.71435           4.3691271         48005
      0.355     0.650       272.51782           3.5224451         44031
      0.447     0.650       212.24518           2.9617520         39541
      0.562     0.650       155.46903           2.3211805         34450
      0.708     0.650       111.28877           1.7910157         29841
      0.891     0.650       79.425807           1.4067972         25040
      1.122     0.650       53.504851           1.0716406         20516
      1.413     0.650       35.854086          0.77766241         16654
      1.778     0.650       24.106892          0.58809287         13419
      2.239     0.650       15.000384          0.41683715         10304
      2.818     0.650       9.6344843          0.32478186          7916
      3.548     0.650       5.7014157          0.20861637          6044
      4.467     0.650       3.5859884          0.14610858          4303
      5.623     0.650       2.0741067          0.99552996E-01      3202
      7.079     0.650       1.2587001          0.72704359E-01      2283
      8.913     0.650      0.72293507          0.45613030E-01      1590
      0.112     0.750       690.63005           7.6575126         53462
      0.141     0.750       630.00005           7.1002207         54050
      0.178     0.750       520.84446           5.9457371         53434
      0.224     0.750       419.06157           4.9169624         51062
      0.282     0.750       343.67758           4.1627931         47733
      0.355     0.750       265.21580           3.4968609         43250
      0.447     0.750       200.36181           2.8018472         38290
      0.562     0.750       145.02477           2.1688987         33664
      0.708     0.750       105.00580           1.7288417         28443
      0.891     0.750       72.779310           1.3231616         23676
      1.122     0.750       49.167682          0.98194058         19166
      1.413     0.750       33.419409          0.78458043         15290
      1.778     0.750       21.660674          0.58406308         12009
      2.239     0.750       13.920846          0.42265121          9384
      2.818     0.750       8.0948107          0.26258992          7071
      3.548     0.750       4.9787216          0.19993083          5303
      4.467     0.750       3.1663953          0.14012005          3860
      5.623     0.750       1.9961513          0.10481573          2782
      7.079     0.750       1.0977268          0.60437415E-01      1999
      8.913     0.750      0.58388418          0.39263616E-01      1454
      0.112     0.850       686.69086           7.3583887         55300
      0.141     0.850       605.73208           6.6750102         54884
      0.178     0.850       503.49134           5.6744850         53308
      0.224     0.850       410.49879           4.8125353         50894
      0.282     0.850       325.15153           3.9882385         47063
      0.355     0.850       256.12591           3.3035228         42807
      0.447     0.850       195.61190           2.7142456         37631
      0.562     0.850       143.50012           2.2248097         32212
      0.708     0.850       101.74285           1.7047593         27365
      0.891     0.850       68.354175           1.2831784         22461
      1.122     0.850       45.737557          0.94138144         18162
      1.413     0.850       30.514229          0.70863896         14379
      1.778     0.850       19.667941          0.53178005         11358
      2.239     0.850       11.949862          0.37670252          8616
      2.818     0.850       7.4738194          0.27553322          6403
      3.548     0.850       4.4386077          0.18196436          4802
      4.467     0.850       2.8643987          0.14395196          3451
      5.623     0.850       1.7799299          0.93932851E-01      2590
      7.079     0.850      0.99159950          0.61643904E-01      1857
      8.913     0.850      0.65531171          0.50980842E-01      1342
      0.112     0.950       660.70801           7.1110154         55175
      0.141     0.950       594.97312           6.4978023         54943
      0.178     0.950       493.35564           5.5548483         53129
      0.224     0.950       403.87408           4.6338074         50277
      0.282     0.950       315.35797           3.7973882         46184
      0.355     0.950       245.49776           3.1375208         41250
      0.447     0.950       185.10877           2.5856308         36139
      0.562     0.950       130.62031           2.0503143         30411
      0.708     0.950       95.916360           1.6433343         25737
      0.891     0.950       65.894265           1.2719450         20963
      1.122     0.950       43.642086          0.92360224         16619
      1.413     0.950       28.344989          0.69130583         13307
      1.778     0.950       18.130860          0.49235035         10370
      2.239     0.950       10.801422          0.34834461          7759
      2.818     0.950       6.5976929          0.23609071          5938
      3.548     0.950       4.4466217          0.18979302          4364
      4.467     0.950       2.4665259          0.11906090          3118
      5.623     0.950       1.4157565          0.80092993E-01      2258
      7.079     0.950      0.89104659          0.64804707E-01      1649
      8.913     0.950      0.62913327          0.49660241E-01      1202
