 # tables0/fmin10_0401z.sou_nbm   
      0.112    -0.950       1160.2881           9.1386355        111224
      0.141    -0.950       1019.9509           8.1375722        112608
      0.178    -0.950       876.01789           7.0178523        113105
      0.224    -0.950       756.46419           6.1824140        110360
      0.282    -0.950       617.77059           5.2661817        104591
      0.355    -0.950       492.11283           4.3799622         98349
      0.447    -0.950       375.62828           3.5034856         88869
      0.562    -0.950       289.37011           2.8970647         79089
      0.708    -0.950       218.79653           2.3316359         70286
      0.891    -0.950       153.61257           1.8101050         60513
      1.122    -0.950       109.73769           1.3781178         52146
      1.413    -0.950       77.028581           1.0782273         44264
      1.778    -0.950       55.305474          0.85552541         37310
      2.239    -0.950       34.182889          0.58265855         30569
      2.818    -0.950       23.633128          0.44366098         24906
      3.548    -0.950       15.599746          0.32519243         20298
      4.467    -0.950       10.453405          0.24018039         16255
      5.623    -0.950       6.6196262          0.16505032         13007
      7.079    -0.950       4.1220753          0.11109099         10027
      8.913    -0.950       2.7251321          0.81831431E-01      7610
      0.112    -0.850       726.22245           6.2468864         98648
      0.141    -0.850       670.49124           5.7743344        103071
      0.178    -0.850       609.04584           5.1466746        104571
      0.224    -0.850       537.19777           4.5416931        103918
      0.282    -0.850       462.49613           4.0044766        100122
      0.355    -0.850       388.43737           3.4883964         94527
      0.447    -0.850       316.71340           2.9336446         86809
      0.562    -0.850       246.39178           2.4020213         77875
      0.708    -0.850       187.62348           1.9529936         69891
      0.891    -0.850       141.28391           1.6006724         60866
      1.122    -0.850       105.16772           1.2980153         51912
      1.413    -0.850       72.696341          0.97553954         44565
      1.778    -0.850       51.421807          0.75439519         37384
      2.239    -0.850       37.115478          0.59841559         31441
      2.818    -0.850       23.958079          0.43805862         25412
      3.548    -0.850       15.882261          0.31712118         20648
      4.467    -0.850       10.543193          0.22984049         16550
      5.623    -0.850       6.5670874          0.16294511         12866
      7.079    -0.850       4.2920181          0.11231343         10136
      8.913    -0.850       2.9045484          0.81504574E-01      8110
      0.112    -0.750       453.36482           3.3667018         90922
      0.141    -0.750       450.30613           3.3058218         95312
      0.178    -0.750       441.05636           3.2488167         98902
      0.224    -0.750       410.72591           3.0472057         98913
      0.282    -0.750       379.51919           2.8948231         96747
      0.355    -0.750       332.02303           2.6315406         92286
      0.447    -0.750       279.82745           2.3494827         85602
      0.562    -0.750       229.91910           2.0487566         77415
      0.708    -0.750       180.51297           1.7590927         69356
      0.891    -0.750       139.67462           1.4762714         61144
      1.122    -0.750       102.27371           1.1829639         52982
      1.413    -0.750       75.685679          0.99997325         44948
      1.778    -0.750       54.302817          0.77927784         38091
      2.239    -0.750       36.965454          0.59285587         31465
      2.818    -0.750       25.254923          0.45805846         25742
      3.548    -0.750       16.468388          0.32111606         21137
      4.467    -0.750       11.141848          0.24144788         17014
      5.623    -0.750       7.2590695          0.16980281         13571
      7.079    -0.750       4.4619007          0.11682018         10483
      8.913    -0.750       2.7740363          0.75945092E-01      8201
      0.112    -0.650       484.16934           4.0444917         86924
      0.141    -0.650       464.52105           3.7824213         91372
      0.178    -0.650       446.91263           3.5856493         94370
      0.224    -0.650       418.61947           3.3393226         95621
      0.282    -0.650       378.38489           3.0568414         93990
      0.355    -0.650       324.36015           2.6756299         89716
      0.447    -0.650       280.33969           2.4114346         84462
      0.562    -0.650       224.59387           2.0204719         76661
      0.708    -0.650       180.15467           1.7337076         68717
      0.891    -0.650       142.54589           1.5173471         60755
      1.122    -0.650       105.61992           1.2308507         53020
      1.413    -0.650       75.875208          0.94743893         45330
      1.778    -0.650       55.915650          0.76903429         38417
      2.239    -0.650       39.864067          0.63387959         32016
      2.818    -0.650       26.359610          0.45231298         26058
      3.548    -0.650       17.668859          0.34121441         21549
      4.467    -0.650       10.904843          0.23765616         17019
      5.623    -0.650       7.3001042          0.16609040         13660
      7.079    -0.650       4.8389053          0.12977158         10757
      8.913    -0.650       3.0884405          0.89744091E-01      8317
      0.112    -0.550       676.21877           7.0169768         82363
      0.141    -0.550       618.51311           6.1027494         87700
      0.178    -0.550       577.64433           5.7194035         90547
      0.224    -0.550       510.05348           4.9027836         91515
      0.282    -0.550       446.46947           4.2564550         90109
      0.355    -0.550       374.19307           3.5289123         87155
      0.447    -0.550       311.33763           2.9610186         82180
      0.562    -0.550       251.15929           2.4723186         75445
      0.708    -0.550       195.32288           2.0119541         68067
      0.891    -0.550       149.02733           1.6199348         60483
      1.122    -0.550       111.90070           1.3170474         52604
      1.413    -0.550       81.921903           1.0543637         45246
      1.778    -0.550       57.838100          0.80888374         38697
      2.239    -0.550       40.666822          0.62103787         32105
      2.818    -0.550       28.167092          0.48392824         26806
      3.548    -0.550       19.192806          0.36548808         21727
      4.467    -0.550       12.373865          0.26482925         17642
      5.623    -0.550       7.7287899          0.18016640         13965
      7.079    -0.550       5.1719722          0.13491671         10947
      8.913    -0.550       3.1790608          0.87506585E-01      8615
      0.112    -0.450       883.70417           9.3691723         78563
      0.141    -0.450       790.67979           8.4555372         82394
      0.178    -0.450       708.32188           7.1324264         86226
      0.224    -0.450       604.16774           6.0051136         86874
      0.282    -0.450       527.21907           5.3314308         86821
      0.355    -0.450       435.68818           4.3784681         83684
      0.447    -0.450       350.86664           3.4571633         79178
      0.562    -0.450       275.37231           2.8021855         73435
      0.708    -0.450       215.84198           2.3101879         66329
      0.891    -0.450       159.82963           1.7815426         59545
      1.122    -0.450       124.39678           1.5050523         52493
      1.413    -0.450       87.777778           1.1345768         45235
      1.778    -0.450       61.851315          0.89048245         38366
      2.239    -0.450       44.070795          0.69194455         32361
      2.818    -0.450       30.281969          0.52261903         27073
      3.548    -0.450       19.734129          0.37897022         21959
      4.467    -0.450       13.121193          0.27202014         17886
      5.623    -0.450       8.4594446          0.19227008         14404
      7.079    -0.450       5.4212885          0.13705040         11300
      8.913    -0.450       3.4737079          0.93604586E-01      8887
      0.112    -0.350       1175.5271           12.381636         73393
      0.141    -0.350       1023.5482           10.806582         76802
      0.178    -0.350       880.82937           9.0387811         79173
      0.224    -0.350       763.61060           7.6341371         80960
      0.282    -0.350       644.52319           6.7207883         80141
      0.355    -0.350       522.61535           5.3996292         78230
      0.447    -0.350       412.43678           4.3015107         74141
      0.562    -0.350       319.89540           3.4715748         69441
      0.708    -0.350       247.25351           2.6985020         63620
      0.891    -0.350       182.93495           2.1185402         57276
      1.122    -0.350       137.16238           1.6616536         51011
      1.413    -0.350       94.945517           1.2804947         43762
      1.778    -0.350       68.279671          0.98621541         38037
      2.239    -0.350       48.626362          0.78362607         32160
      2.818    -0.350       33.763941          0.59285457         26961
      3.548    -0.350       21.585980          0.41295982         22323
      4.467    -0.350       14.304242          0.29245321         18329
      5.623    -0.350       8.9394883          0.20252054         14540
      7.079    -0.350       5.7361588          0.14002611         11606
      8.913    -0.350       3.7737262          0.10124491          9206
      0.112    -0.250       1681.9254           17.662232         66300
      0.141    -0.250       1421.0265           14.966710         69083
      0.178    -0.250       1199.9139           12.435208         70960
      0.224    -0.250       1012.4167           10.766895         71417
      0.282    -0.250       818.94582           8.7912657         70587
      0.355    -0.250       659.18804           7.2753449         69044
      0.447    -0.250       509.18483           5.9211245         65811
      0.562    -0.250       387.86051           4.6274048         61831
      0.708    -0.250       290.50453           3.5533586         56744
      0.891    -0.250       213.96710           2.7672446         51640
      1.122    -0.250       155.69863           2.1118443         46113
      1.413    -0.250       106.74064           1.5163846         40688
      1.778    -0.250       75.137773           1.1689920         35297
      2.239    -0.250       54.276152          0.92540374         30676
      2.818    -0.250       35.723304          0.62853764         25586
      3.548    -0.250       23.474510          0.46357627         21374
      4.467    -0.250       14.980219          0.30435121         17344
      5.623    -0.250       10.205452          0.23811695         14466
      7.079    -0.250       6.7758121          0.17176313         11564
      8.913    -0.250       4.3121529          0.11376035          9109
      0.112    -0.150       2626.8654           29.273153         54910
      0.141    -0.150       2159.2506           24.762401         55963
      0.178    -0.150       1774.0239           21.243555         56079
      0.224    -0.150       1457.6943           17.766875         55923
      0.282    -0.150       1151.0175           14.792879         54728
      0.355    -0.150       861.88486           11.457296         52616
      0.447    -0.150       649.10550           9.1513794         50034
      0.562    -0.150       458.46433           6.3527304         47049
      0.708    -0.150       336.97618           5.0329165         43538
      0.891    -0.150       235.13890           3.4806436         39751
      1.122    -0.150       172.53478           2.7516688         36190
      1.413    -0.150       118.40295           2.0050875         31910
      1.778    -0.150       80.980161           1.4281615         28390
      2.239    -0.150       55.764425           1.0526071         24644
      2.818    -0.150       38.294518          0.75387659         20985
      3.548    -0.150       26.205508          0.57260550         17914
      4.467    -0.150       17.077109          0.38135118         14958
      5.623    -0.150       11.486291          0.29405619         12209
      7.079    -0.150       7.6340285          0.20680572          9998
      8.913    -0.150       4.8538726          0.14336665          7840
      0.112    -0.050       4494.1527           88.625411         27478
      0.141    -0.050       3535.7498           72.806590         27022
      0.178    -0.050       2851.2038           65.687127         26560
      0.224    -0.050       2245.5483           52.698019         26000
      0.282    -0.050       1691.2409           40.906993         24603
      0.355    -0.050       1240.7400           32.872593         23258
      0.447    -0.050       840.28737           23.299249         21721
      0.562    -0.050       591.62033           16.884002         19783
      0.708    -0.050       400.97122           12.021890         18285
      0.891    -0.050       278.56351           10.492666         16295
      1.122    -0.050       188.56657           5.7297977         14978
      1.413    -0.050       131.99033           4.4554049         13323
      1.778    -0.050       93.953052           3.4327096         11880
      2.239    -0.050       62.594931           2.3590714         10288
      2.818    -0.050       43.582738           1.6395381          9056
      3.548    -0.050       25.931729           1.0380697          7637
      4.467    -0.050       17.754215          0.71090652          6576
      5.623    -0.050       11.516420          0.55952484          5440
      7.079    -0.050       8.4519099          0.41583025          4564
      8.913    -0.050       5.3826969          0.26760206          3650
      0.112     0.050       4662.0060           90.137087         27216
      0.141     0.050       3613.4926           73.037316         27084
      0.178     0.050       2902.8505           63.188984         26520
      0.224     0.050       2157.4408           49.482065         25512
      0.282     0.050       1664.2542           40.559142         24718
      0.355     0.050       1201.7118           30.505834         23174
      0.447     0.050       818.37588           24.784600         21203
      0.562     0.050       597.21930           18.167740         19670
      0.708     0.050       405.71677           11.948805         18155
      0.891     0.050       278.60456           8.7404939         16502
      1.122     0.050       184.55614           5.9495166         14796
      1.413     0.050       130.11594           4.5527641         13283
      1.778     0.050       86.208148           3.2023462         11563
      2.239     0.050       61.626500           2.3899798         10021
      2.818     0.050       44.327032           1.6914622          8985
      3.548     0.050       26.181626          0.99960081          7625
      4.467     0.050       18.299108          0.73489790          6312
      5.623     0.050       12.671102          0.62426876          5544
      7.079     0.050       8.1141126          0.40058549          4458
      8.913     0.050       5.1514954          0.24832653          3637
      0.112     0.150       3075.1502           33.978208         55993
      0.141     0.150       2557.3516           30.197034         56632
      0.178     0.150       2032.3711           24.206986         56869
      0.224     0.150       1593.5232           19.480085         56489
      0.282     0.150       1226.3309           15.990873         54814
      0.355     0.150       876.06685           12.042084         52444
      0.447     0.150       644.40489           9.1676204         49857
      0.562     0.150       474.96467           6.9283694         47121
      0.708     0.150       345.94862           5.1616555         43389
      0.891     0.150       230.59120           3.5969475         39083
      1.122     0.150       162.25589           2.5296632         35464
      1.413     0.150       116.93171           1.9950709         31505
      1.778     0.150       78.862645           1.3747319         27875
      2.239     0.150       56.431545           1.0720507         24485
      2.818     0.150       40.164040          0.81956908         20933
      3.548     0.150       25.994271          0.55349040         17454
      4.467     0.150       17.070399          0.37515708         14711
      5.623     0.150       11.319790          0.27809866         11965
      7.079     0.150       7.0676618          0.18769282          9641
      8.913     0.150       4.9903397          0.13795718          7971
      0.112     0.250       2445.1855           23.887354         71699
      0.141     0.250       1992.0073           20.092424         73069
      0.178     0.250       1610.8091           16.799528         73841
      0.224     0.250       1304.1897           13.967198         73714
      0.282     0.250       1034.5638           11.695062         72781
      0.355     0.250       775.59727           8.9129635         69954
      0.447     0.250       577.75904           6.7350736         66821
      0.562     0.250       418.51897           5.2520189         61989
      0.708     0.250       308.83824           3.9604780         57312
      0.891     0.250       221.25926           2.9012489         51342
      1.122     0.250       155.40248           2.1198669         45894
      1.413     0.250       112.69090           1.6421451         40418
      1.778     0.250       75.757034           1.1787434         35178
      2.239     0.250       52.967240          0.91819569         29815
      2.818     0.250       35.255431          0.64290936         24954
      3.548     0.250       23.343771          0.46751989         20602
      4.467     0.250       15.651420          0.32522370         17180
      5.623     0.250       10.653784          0.24671779         14018
      7.079     0.250       6.6532393          0.16049299         11069
      8.913     0.250       4.2426847          0.11818786          8725
      0.112     0.350       2142.1632           19.302356         82828
      0.141     0.350       1765.2448           16.347524         85443
      0.178     0.350       1475.4332           13.923753         87084
      0.224     0.350       1186.8465           11.517115         86985
      0.282     0.350       928.11573           9.0202010         85617
      0.355     0.350       715.80904           7.4435482         81658
      0.447     0.350       549.70716           5.8848502         77066
      0.562     0.350       407.35978           4.6122357         71214
      0.708     0.350       295.76975           3.3975127         65215
      0.891     0.350       214.81522           2.5909429         57971
      1.122     0.350       151.60609           1.9501562         51492
      1.413     0.350       107.19061           1.4781928         44916
      1.778     0.350       71.512453           1.0975443         37797
      2.239     0.350       49.895254          0.82487904         32165
      2.818     0.350       33.072055          0.58784290         27069
      3.548     0.350       22.153889          0.42223502         22370
      4.467     0.350       14.625849          0.30660286         18053
      5.623     0.350       9.3454100          0.20714759         14589
      7.079     0.350       5.8241176          0.14320064         11479
      8.913     0.350       4.1101111          0.11711097          9186
      0.112     0.450       1965.2153           16.633440         92652
      0.141     0.450       1674.2192           14.497125         95607
      0.178     0.450       1359.7361           12.073005         96829
      0.224     0.450       1124.6720           10.133705         96443
      0.282     0.450       893.70725           8.2662725         94168
      0.355     0.450       686.84394           6.7828011         89468
      0.447     0.450       523.87263           5.2155998         83348
      0.562     0.450       394.55864           4.1706920         77223
      0.708     0.450       283.00625           3.0821677         68949
      0.891     0.450       200.70259           2.2965483         60965
      1.122     0.450       144.77936           1.8038851         53235
      1.413     0.450       100.73581           1.3550343         46005
      1.778     0.450       68.045953           1.0169061         39027
      2.239     0.450       46.741396          0.75923923         32726
      2.818     0.450       31.555605          0.55667043         27025
      3.548     0.450       20.858239          0.40015027         22115
      4.467     0.450       12.917804          0.27145295         17954
      5.623     0.450       8.6827801          0.20014104         14580
      7.079     0.450       5.4081274          0.13906165         11275
      8.913     0.450       3.5288775          0.95627349E-01      8952
      0.112     0.550       1898.8961           15.289537        101215
      0.141     0.550       1596.4928           13.162994        103664
      0.178     0.550       1319.2445           11.073278        104217
      0.224     0.550       1085.7583           9.4021349        103914
      0.282     0.550       871.40264           7.6968406         99673
      0.355     0.550       665.86716           6.1599040         94279
      0.447     0.550       519.10671           5.0018927         87725
      0.562     0.550       382.91754           3.8435616         79079
      0.708     0.550       272.97232           2.9267260         70360
      0.891     0.550       193.92040           2.2426092         61976
      1.122     0.550       139.01550           1.7437718         53665
      1.413     0.550       94.557278           1.2816150         45914
      1.778     0.550       65.288499          0.98218753         39060
      2.239     0.550       42.921207          0.70204226         32236
      2.818     0.550       29.626329          0.54708444         26937
      3.548     0.550       18.563221          0.35964732         21547
      4.467     0.550       12.920971          0.28301956         17501
      5.623     0.550       8.0387435          0.18649271         14186
      7.079     0.550       5.1724104          0.13273069         11080
      8.913     0.550       3.2329094          0.92199193E-01      8620
      0.112     0.650       1842.9302           14.169796        107840
      0.141     0.650       1549.3106           12.293282        109517
      0.178     0.650       1294.1815           10.548575        109878
      0.224     0.650       1062.8842           8.8656725        107782
      0.282     0.650       850.14919           7.2907292        103369
      0.355     0.650       655.39913           5.9432428         97284
      0.447     0.650       493.48539           4.7361884         88688
      0.562     0.650       368.38608           3.7187959         80931
      0.708     0.650       265.03750           2.8132549         71451
      0.891     0.650       192.08774           2.1882793         62656
      1.122     0.650       135.23375           1.6752789         54070
      1.413     0.650       93.513739           1.2975062         45936
      1.778     0.650       61.301141          0.93721463         38586
      2.239     0.650       41.878855          0.71496057         32099
      2.818     0.650       27.233340          0.48953193         26522
      3.548     0.650       17.853298          0.36407821         21475
      4.467     0.650       12.121225          0.27570209         17279
      5.623     0.650       7.5156866          0.17349219         13623
      7.079     0.650       4.9760058          0.12783608         10820
      8.913     0.650       3.1922790          0.87518128E-01      8615
      0.112     0.750       1772.1261           13.345038        112369
      0.141     0.750       1501.9387           11.584914        113992
      0.178     0.750       1249.4191           9.9766035        112715
      0.224     0.750       1026.8975           8.4262345        110948
      0.282     0.750       837.00402           7.1292524        105701
      0.355     0.750       642.05325           5.7822754         98721
      0.447     0.750       481.69666           4.5479485         90689
      0.562     0.750       353.67550           3.5262814         80501
      0.708     0.750       253.08893           2.7598134         71118
      0.891     0.750       182.47192           2.1092808         61787
      1.122     0.750       128.61295           1.6350508         53091
      1.413     0.750       88.655978           1.2442451         44837
      1.778     0.750       60.772477          0.94312075         38124
      2.239     0.750       39.366761          0.66512255         31456
      2.818     0.750       26.547829          0.50513755         25590
      3.548     0.750       17.402622          0.34909347         20887
      4.467     0.750       10.711377          0.23545651         16651
      5.623     0.750       7.1515207          0.17575669         13415
      7.079     0.750       4.7032790          0.11968108         10582
      8.913     0.750       2.8412501          0.84547888E-01      7956
      0.112     0.850       1749.9065           12.848939        116111
      0.141     0.850       1493.8166           11.335959        116990
      0.178     0.850       1244.4089           9.7023149        116475
      0.224     0.850       1018.0235           8.2562088        113261
      0.282     0.850       804.60100           6.7128598        106761
      0.355     0.850       620.64136           5.4938050         99363
      0.447     0.850       466.55099           4.3795136         91027
      0.562     0.850       347.79650           3.4957401         81226
      0.708     0.850       252.37923           2.6954664         71446
      0.891     0.850       175.80771           2.0691239         62087
      1.122     0.850       123.22940           1.5979575         53240
      1.413     0.850       85.091389           1.2245661         45165
      1.778     0.850       56.899458          0.86599640         37770
      2.239     0.850       38.791615          0.67944192         31540
      2.818     0.850       25.128879          0.47496577         25908
      3.548     0.850       16.390299          0.33831040         21047
      4.467     0.850       10.799777          0.23695372         16636
      5.623     0.850       6.8014590          0.16693042         13204
      7.079     0.850       4.6271422          0.12516487         10454
      8.913     0.850       2.7890560          0.84490806E-01      7976
      0.112     0.950       1719.7519           12.423273        118796
      0.141     0.950       1472.8958           11.028930        119382
      0.178     0.950       1215.2131           9.3836047        117832
      0.224     0.950       996.83234           7.9443302        113621
      0.282     0.950       789.52823           6.6102393        107593
      0.355     0.950       613.45419           5.4062153         99632
      0.447     0.950       461.69874           4.3126170         90242
      0.562     0.950       347.25866           3.4891072         81067
      0.708     0.950       248.01397           2.6795611         70638
      0.891     0.950       171.90775           2.0429751         60789
      1.122     0.950       121.81383           1.5361463         52262
      1.413     0.950       82.142938           1.1578621         44386
      1.778     0.950       54.948663          0.85754307         36932
      2.239     0.950       35.587292          0.61461210         30377
      2.818     0.950       24.315080          0.46417697         24938
      3.548     0.950       16.004169          0.33959287         20057
      4.467     0.950       10.235905          0.23523860         15968
      5.623     0.950       6.5364997          0.15816975         12713
      7.079     0.950       4.2322333          0.11306446          9957
      8.913     0.950       2.7203738          0.80654765E-01      7660
