 # fmin10_0311z.kam_nue   
      0.112    -0.950       364.75173           4.4839957         50248
      0.141    -0.950       355.40167           4.3682644         51092
      0.178    -0.950       326.68624           4.0462963         50257
      0.224    -0.950       284.08825           3.4754741         48469
      0.282    -0.950       239.06371           2.9941302         45069
      0.355    -0.950       202.55216           2.6587450         40567
      0.447    -0.950       162.15321           2.1904160         36017
      0.562    -0.950       126.82722           1.8608548         31109
      0.708    -0.950       96.572340           1.5759417         26146
      0.891    -0.950       68.597997           1.2232694         21392
      1.122    -0.950       48.004923          0.95571945         17654
      1.413    -0.950       32.353892          0.73763861         13631
      1.778    -0.950       22.332814          0.59037583         10710
      2.239    -0.950       13.397355          0.40946261          8096
      2.818    -0.950       8.8578752          0.32081255          6268
      3.548    -0.950       5.8971215          0.24872092          4630
      4.467    -0.950       3.4494700          0.16782670          3417
      5.623    -0.950       1.7973869          0.10432829          2400
      7.079    -0.950       1.1821227          0.76035382E-01      1800
      8.913    -0.950      0.70632564          0.51090726E-01      1299
      0.112    -0.850       398.54941           5.3174808         48865
      0.141    -0.850       376.75521           4.9634256         50485
      0.178    -0.850       344.41967           4.5532423         50422
      0.224    -0.850       293.46285           3.8509392         48641
      0.282    -0.850       260.66969           3.4638415         45938
      0.355    -0.850       210.21621           2.8767190         42046
      0.447    -0.850       168.51253           2.3721843         37461
      0.562    -0.850       128.43203           1.9247385         32095
      0.708    -0.850       99.720020           1.5992082         27526
      0.891    -0.850       72.715851           1.2484276         23011
      1.122    -0.850       50.254050          0.97967381         18626
      1.413    -0.850       34.646911          0.76441388         14735
      1.778    -0.850       23.868695          0.59902387         11775
      2.239    -0.850       14.967659          0.44488752          8907
      2.818    -0.850       9.6266391          0.31779633          6813
      3.548    -0.850       6.0922208          0.23389557          4986
      4.467    -0.850       3.8243565          0.16997801          3774
      5.623    -0.850       2.0791283          0.10857291          2731
      7.079    -0.850       1.1945427          0.68130122E-01      1951
      8.913    -0.850      0.78966667          0.57797510E-01      1436
      0.112    -0.750       465.02767           6.1088661         48922
      0.141    -0.750       428.68141           5.5613692         50296
      0.178    -0.750       378.02615           4.8318521         50266
      0.224    -0.750       336.19365           4.2509676         49481
      0.282    -0.750       287.14387           3.8118044         46555
      0.355    -0.750       232.41423           3.1007833         42963
      0.447    -0.750       187.69950           2.6488572         38493
      0.562    -0.750       139.55088           2.0620100         33694
      0.708    -0.750       106.14944           1.6566275         29223
      0.891    -0.750       78.991501           1.3879901         24066
      1.122    -0.750       54.294128           1.0565550         19740
      1.413    -0.750       36.854553          0.79373719         15800
      1.778    -0.750       24.776101          0.60915536         12528
      2.239    -0.750       16.702477          0.46790320          9677
      2.818    -0.750       10.639727          0.35584422          7467
      3.548    -0.750       6.3009728          0.23569460          5457
      4.467    -0.750       4.2738836          0.18193426          4051
      5.623    -0.750       2.3363597          0.11479799          3045
      7.079    -0.750       1.5347974          0.86019382E-01      2260
      8.913    -0.750      0.83918997          0.58408433E-01      1515
      0.112    -0.650       473.70410           6.3250477         46727
      0.141    -0.650       459.18497           6.2105365         48693
      0.178    -0.650       383.61146           5.1383457         48783
      0.224    -0.650       339.67588           4.3959266         48326
      0.282    -0.650       296.36340           3.9992457         46646
      0.355    -0.650       237.94698           3.2830787         42796
      0.447    -0.650       188.44384           2.6840156         39161
      0.562    -0.650       152.74867           2.3223419         34718
      0.708    -0.650       112.76163           1.8074573         29941
      0.891    -0.650       83.495360           1.4096524         25338
      1.122    -0.650       58.402726           1.0853569         21088
      1.413    -0.650       41.935255          0.90668300         17366
      1.778    -0.650       27.967449          0.65275466         13761
      2.239    -0.650       17.087421          0.44504523         10475
      2.818    -0.650       11.057548          0.33968194          8067
      3.548    -0.650       7.1598631          0.25240947          6169
      4.467    -0.650       4.3964652          0.17237947          4554
      5.623    -0.650       2.8085829          0.12729372          3410
      7.079    -0.650       1.6449106          0.91725923E-01      2375
      8.913    -0.650      0.95865016          0.59919765E-01      1754
      0.112    -0.550       427.44620           6.3649937         42875
      0.141    -0.550       390.52958           5.6202966         44623
      0.178    -0.550       358.09557           5.2106135         45687
      0.224    -0.550       319.33299           4.4893363         46243
      0.282    -0.550       272.75794           3.9310055         44495
      0.355    -0.550       223.50946           3.1481827         41976
      0.447    -0.550       180.14822           2.6703441         38724
      0.562    -0.550       143.57367           2.1907977         35124
      0.708    -0.550       107.70852           1.6730725         30948
      0.891    -0.550       83.288467           1.4171329         26491
      1.122    -0.550       61.056120           1.1451790         22217
      1.413    -0.550       41.963838          0.86452912         18240
      1.778    -0.550       29.755890          0.66635397         14606
      2.239    -0.550       19.194244          0.49231330         11357
      2.818    -0.550       13.349479          0.38364921          9004
      3.548    -0.550       8.0952305          0.26248975          6925
      4.467    -0.550       5.2019217          0.19583852          5050
      5.623    -0.550       3.0694499          0.13655633          3776
      7.079    -0.550       1.6604649          0.79568223E-01      2631
      8.913    -0.550       1.0895888          0.61603192E-01      1914
      0.112    -0.450       401.12029           6.6154880         37818
      0.141    -0.450       390.86257           6.2537330         40877
      0.178    -0.450       344.47561           5.4825824         41818
      0.224    -0.450       295.26764           4.5977863         42302
      0.282    -0.450       250.71912           3.8652909         41734
      0.355    -0.450       214.26644           3.2843306         40513
      0.447    -0.450       175.81629           2.8452724         37428
      0.562    -0.450       139.80271           2.2490396         34425
      0.708    -0.450       106.08651           1.6980407         31153
      0.891    -0.450       82.416510           1.3797927         26884
      1.122    -0.450       57.751190           1.0530420         23076
      1.413    -0.450       45.513740          0.90239866         19218
      1.778    -0.450       30.752009          0.66879902         15634
      2.239    -0.450       21.587263          0.53194147         12650
      2.818    -0.450       14.432793          0.38919684          9892
      3.548    -0.450       8.6193398          0.27378007          7587
      4.467    -0.450       5.8288766          0.20711953          5749
      5.623    -0.450       3.4387602          0.13467875          4250
      7.079    -0.450       2.1491491          0.10052637          3076
      8.913    -0.450       1.4336253          0.76529888E-01      2284
      0.112    -0.350       442.26412           7.8753523         33923
      0.141    -0.350       404.27685           6.8196203         36301
      0.178    -0.350       355.39320           6.0353232         37429
      0.224    -0.350       310.25394           5.3608162         38107
      0.282    -0.350       256.86238           4.1383843         37798
      0.355    -0.350       211.10440           3.4333345         37002
      0.447    -0.350       171.44375           2.8042567         34759
      0.562    -0.350       140.70041           2.3620034         32765
      0.708    -0.350       105.91716           1.8099397         30054
      0.891    -0.350       80.913363           1.4038559         26714
      1.122    -0.350       62.891134           1.1810705         23294
      1.413    -0.350       46.295587          0.90644516         19821
      1.778    -0.350       32.240592          0.70023859         16410
      2.239    -0.350       21.631697          0.49692248         13469
      2.818    -0.350       15.419326          0.39652867         10853
      3.548    -0.350       9.9102794          0.29617700          8299
      4.467    -0.350       6.7837703          0.22333026          6676
      5.623    -0.350       4.2822558          0.15338819          5041
      7.079    -0.350       2.8993139          0.12658004          3778
      8.913    -0.350       1.5362874          0.77391118E-01      2648
      0.112    -0.250       460.04377           8.2778868         28763
      0.141    -0.250       415.81492           7.3291076         30339
      0.178    -0.250       359.47001           6.0881913         31655
      0.224    -0.250       320.33564           5.6815245         32244
      0.282    -0.250       266.34383           4.7709623         31827
      0.355    -0.250       222.90598           3.8415479         31352
      0.447    -0.250       174.32240           2.9958372         30344
      0.562    -0.250       142.36735           2.6038979         28727
      0.708    -0.250       110.82073           1.9789940         27011
      0.891    -0.250       87.090934           1.6746559         24784
      1.122    -0.250       63.405892           1.2602288         21878
      1.413    -0.250       47.858515           1.0106387         19323
      1.778    -0.250       34.649495          0.75814619         16585
      2.239    -0.250       25.789753          0.61210003         13954
      2.818    -0.250       17.716965          0.45981507         11352
      3.548    -0.250       11.726947          0.34438333          9314
      4.467    -0.250       7.4146340          0.23060846          7189
      5.623    -0.250       4.9463310          0.18211450          5487
      7.079    -0.250       3.1804401          0.12352605          4167
      8.913    -0.250       1.9375063          0.84309815E-01      3206
      0.112    -0.150       438.07241           8.0133268         21593
      0.141    -0.150       418.15981           7.7092804         22662
      0.178    -0.150       355.20555           6.5615779         23250
      0.224    -0.150       325.09157           6.0208390         24022
      0.282    -0.150       273.17942           5.2529000         23695
      0.355    -0.150       245.68737           5.0317019         23453
      0.447    -0.150       185.03977           3.7502783         22646
      0.562    -0.150       144.08316           3.0946218         21583
      0.708    -0.150       114.99580           2.4452528         20332
      0.891    -0.150       85.867014           1.9376248         18518
      1.122    -0.150       68.424040           1.5258492         17286
      1.413    -0.150       52.244899           1.3145214         15629
      1.778    -0.150       37.841409           1.0097239         13484
      2.239    -0.150       27.439611          0.76249112         11779
      2.818    -0.150       18.357133          0.53664833          9808
      3.548    -0.150       12.580669          0.35497121          8361
      4.467    -0.150       8.8291043          0.27756729          6887
      5.623    -0.150       5.9491054          0.21219709          5485
      7.079    -0.150       3.9007336          0.15032687          4337
      8.913    -0.150       2.5980372          0.11085423          3373
      0.112    -0.050       495.12889           14.123309         10234
      0.141    -0.050       475.48316           14.002152         10528
      0.178    -0.050       445.19761           13.886551         10682
      0.224    -0.050       376.44148           12.176235         10688
      0.282    -0.050       336.91652           10.875486         10533
      0.355    -0.050       274.15353           9.2954668          9992
      0.447    -0.050       220.09015           7.2054982          9733
      0.562    -0.050       178.99983           6.4158321          9253
      0.708    -0.050       139.57114           5.3075313          8518
      0.891    -0.050       107.03400           4.6669789          7822
      1.122    -0.050       74.429784           3.5815953          7061
      1.413    -0.050       54.427389           2.6803664          6415
      1.778    -0.050       42.588022           2.3672875          5764
      2.239    -0.050       28.063599           1.3384237          5125
      2.818    -0.050       21.978142           1.2647930          4558
      3.548    -0.050       15.352901           1.0407970          3766
      4.467    -0.050       10.252253          0.68210602          3097
      5.623    -0.050       7.0921596          0.46026054          2576
      7.079    -0.050       5.2605785          0.42909060          2121
      8.913    -0.050       3.2397915          0.21391530          1751
      0.112     0.050       463.89472           13.931134         10104
      0.141     0.050       451.14994           13.108606         10406
      0.178     0.050       418.10324           12.440289         10730
      0.224     0.050       360.41030           11.349410         10748
      0.282     0.050       317.76841           10.252275         10648
      0.355     0.050       263.59548           9.1853644          9902
      0.447     0.050       204.89684           6.4073646          9731
      0.562     0.050       179.99334           6.6544826          9242
      0.708     0.050       139.26488           5.3450977          8647
      0.891     0.050       105.03750           4.6498248          7878
      1.122     0.050       81.603853           3.8523642          7075
      1.413     0.050       58.543641           3.1179335          6435
      1.778     0.050       43.555559           2.5566227          5790
      2.239     0.050       30.674506           1.6610401          5066
      2.818     0.050       22.379728           1.3188704          4387
      3.548     0.050       15.835265           1.0201224          3841
      4.467     0.050       10.549341          0.66551922          3133
      5.623     0.050       6.6152978          0.43970486          2518
      7.079     0.050       5.0081607          0.40986545          2093
      8.913     0.050       2.7875873          0.18507549          1694
      0.112     0.150       316.60255           5.0597912         21046
      0.141     0.150       307.51507           4.9317156         22246
      0.178     0.150       298.87872           4.7855714         23329
      0.224     0.150       264.58707           4.2661146         23686
      0.282     0.150       232.54010           3.8584314         23527
      0.355     0.150       209.74915           3.5935881         23577
      0.447     0.150       177.69849           3.2494242         22574
      0.562     0.150       138.93371           2.6502654         21445
      0.708     0.150       113.64869           2.2471693         20243
      0.891     0.150       90.468509           1.9041169         18843
      1.122     0.150       71.458783           1.6044755         17348
      1.413     0.150       51.171328           1.2062162         15349
      1.778     0.150       37.970371           1.0152011         13531
      2.239     0.150       27.885187          0.77684584         11824
      2.818     0.150       19.839037          0.59991775         10019
      3.548     0.150       13.294379          0.41599039          8411
      4.467     0.150       9.0508381          0.31712385          6703
      5.623     0.150       6.0626084          0.21151346          5400
      7.079     0.150       4.0243369          0.17363099          4203
      8.913     0.150       2.5362762          0.11319006          3206
      0.112     0.250       247.80218           3.4600135         27113
      0.141     0.250       247.17999           3.3616554         29166
      0.178     0.250       242.56768           3.2882979         30705
      0.224     0.250       210.43625           2.9349183         31377
      0.282     0.250       202.99687           2.8562145         31598
      0.355     0.250       181.18567           2.6003414         31347
      0.447     0.250       150.32692           2.2605092         30158
      0.562     0.250       130.64823           2.0517660         28917
      0.708     0.250       105.39616           1.7641481         26880
      0.891     0.250       83.461666           1.4525502         24511
      1.122     0.250       64.094031           1.2141554         21840
      1.413     0.250       47.825951          0.98777555         19080
      1.778     0.250       36.723538          0.82619413         16446
      2.239     0.250       26.332916          0.66122047         13875
      2.818     0.250       16.936248          0.44081616         11316
      3.548     0.250       11.803604          0.34369626          9212
      4.467     0.250       7.4382745          0.23786445          7229
      5.623     0.250       4.9784709          0.17679065          5483
      7.079     0.250       3.1823355          0.13137797          4039
      8.913     0.250       1.8246196          0.81920874E-01      3142
      0.112     0.350       225.39361           2.8282073         32307
      0.141     0.350       219.37713           2.7024367         34251
      0.178     0.350       215.88036           2.6680425         36052
      0.224     0.350       199.90997           2.4647185         36866
      0.282     0.350       185.65216           2.3651250         36755
      0.355     0.350       166.13338           2.1691930         35962
      0.447     0.350       144.12882           1.9433604         34936
      0.562     0.350       119.16155           1.7167544         32765
      0.708     0.350       98.367695           1.5024313         29561
      0.891     0.350       79.156994           1.2719601         26560
      1.122     0.350       59.161748           1.0635266         23483
      1.413     0.350       44.809642          0.87002943         19887
      1.778     0.350       32.047082          0.65723170         16647
      2.239     0.350       22.925659          0.52621811         13837
      2.818     0.350       15.503150          0.41488592         10926
      3.548     0.350       10.522553          0.30836476          8637
      4.467     0.350       7.0362976          0.23906485          6606
      5.623     0.350       4.4732029          0.17066197          4992
      7.079     0.350       2.7503637          0.11583414          3807
      8.913     0.350       1.5845203          0.73727719E-01      2793
      0.112     0.450       208.76498           2.4387615         36304
      0.141     0.450       210.05702           2.3866925         38859
      0.178     0.450       202.73351           2.2886287         40488
      0.224     0.450       193.20177           2.2182251         41036
      0.282     0.450       176.00927           2.0662607         40601
      0.355     0.450       162.23846           1.9726024         39336
      0.447     0.450       138.41502           1.7615812         36863
      0.562     0.450       116.68146           1.5841406         33866
      0.708     0.450       94.638455           1.3804738         30449
      0.891     0.450       75.152647           1.1855754         26421
      1.122     0.450       58.360565           1.0303697         22747
      1.413     0.450       44.158035          0.83405931         19476
      1.778     0.450       29.926925          0.63670033         15644
      2.239     0.450       21.359404          0.49427742         12594
      2.818     0.450       14.808941          0.42131021          9983
      3.548     0.450       8.9915616          0.27559023          7578
      4.467     0.450       6.1011434          0.22357973          5723
      5.623     0.450       3.6253918          0.15090668          4288
      7.079     0.450       2.4790137          0.12512300          3260
      8.913     0.450       1.2677117          0.69939671E-01      2329
      0.112     0.550       201.11147           2.2045566         39788
      0.141     0.550       202.80192           2.1894049         42218
      0.178     0.550       194.87218           2.1133632         43440
      0.224     0.550       182.76772           1.9894934         43403
      0.282     0.550       175.35759           1.9451015         43331
      0.355     0.550       152.35118           1.7514126         40538
      0.447     0.550       134.52974           1.6411475         37454
      0.562     0.550       113.25970           1.4706228         34293
      0.708     0.550       92.053592           1.3039773         30079
      0.891     0.550       73.744708           1.1540610         26086
      1.122     0.550       53.394008          0.93382337         21906
      1.413     0.550       39.638229          0.77223148         17893
      1.778     0.550       28.534951          0.61367863         14495
      2.239     0.550       18.767798          0.46461590         11428
      2.818     0.550       13.540727          0.38475593          8763
      3.548     0.550       7.6613618          0.24726424          6763
      4.467     0.550       5.0433665          0.19943977          5086
      5.623     0.550       3.0322136          0.13577807          3771
      7.079     0.550       1.8102673          0.92415129E-01      2696
      8.913     0.550       1.0494539          0.59359273E-01      1984
      0.112     0.650       196.88186           2.0489632         42289
      0.141     0.650       200.65682           2.0722434         44383
      0.178     0.650       192.97064           1.9955554         45568
      0.224     0.650       184.01152           1.9214450         45391
      0.282     0.650       172.74654           1.8648228         43970
      0.355     0.650       150.82319           1.6866897         41646
      0.447     0.650       129.68282           1.5545730         37564
      0.562     0.650       107.96693           1.3924539         33583
      0.708     0.650       87.584759           1.2237175         29197
      0.891     0.650       67.809550           1.0584042         24798
      1.122     0.650       50.543353          0.87971111         20774
      1.413     0.650       36.375517          0.71186954         16833
      1.778     0.650       25.483057          0.57436774         13534
      2.239     0.650       17.700802          0.46054178         10432
      2.818     0.650       11.261379          0.32891445          8086
      3.548     0.650       7.1209342          0.25351733          6024
      4.467     0.650       4.7617979          0.19123167          4649
      5.623     0.650       2.5448254          0.11251469          3301
      7.079     0.650       1.6591545          0.88616313E-01      2469
      8.913     0.650      0.98452190          0.61566072E-01      1732
      0.112     0.750       189.87584           1.9115557         44682
      0.141     0.750       188.54990           1.8913763         46328
      0.178     0.750       193.15545           1.9374254         46815
      0.224     0.750       177.43562           1.8200724         46017
      0.282     0.750       164.80762           1.7501945         43955
      0.355     0.750       146.15029           1.6324605         40470
      0.447     0.750       128.45956           1.5171946         37373
      0.562     0.750       102.16178           1.3077512         32578
      0.708     0.750       82.926122           1.1741049         28379
      0.891     0.750       63.597504           1.0002960         23563
      1.122     0.750       48.182884          0.85257394         19297
      1.413     0.750       35.008712          0.71537094         15636
      1.778     0.750       23.672679          0.55037901         12327
      2.239     0.750       15.651827          0.41735814          9555
      2.818     0.750       9.9678831          0.31661080          7261
      3.548     0.750       6.5581864          0.24338515          5439
      4.467     0.750       3.7132517          0.16216996          3999
      5.623     0.750       2.3052532          0.11159967          2905
      7.079     0.750       1.5143474          0.90697192E-01      2099
      8.913     0.750      0.79616578          0.54979386E-01      1476
      0.112     0.850       189.24957           1.8387467         46003
      0.141     0.850       190.92880           1.8499527         47548
      0.178     0.850       185.80555           1.8128670         47582
      0.224     0.850       175.94358           1.7708192         46651
      0.282     0.850       159.68564           1.6618461         43923
      0.355     0.850       141.23811           1.5664909         40565
      0.447     0.850       122.88041           1.4601998         36181
      0.562     0.850       99.234737           1.2764159         31803
      0.708     0.850       79.412573           1.1240443         27204
      0.891     0.850       60.466590          0.96711396         22606
      1.122     0.850       46.089268          0.83710772         18460
      1.413     0.850       31.471952          0.66152896         14766
      1.778     0.850       21.615543          0.52410859         11576
      2.239     0.850       14.379423          0.40521791          8788
      2.818     0.850       9.5084655          0.31904159          6862
      3.548     0.850       5.9262973          0.22996177          5020
      4.467     0.850       3.5293438          0.15782370          3738
      5.623     0.850       1.9847435          0.10728494          2548
      7.079     0.850       1.2895156          0.75848386E-01      1947
      8.913     0.850      0.75756879          0.56468158E-01      1414
      0.112     0.950       185.41695           1.7798014         46950
      0.141     0.950       190.77702           1.7966473         48269
      0.178     0.950       184.04804           1.7628125         47995
      0.224     0.950       174.89915           1.7074030         46428
      0.282     0.950       159.15622           1.6329597         43764
      0.355     0.950       137.49534           1.5051602         39884
      0.447     0.950       116.46903           1.3818590         35106
      0.562     0.950       97.072121           1.2589177         30727
      0.708     0.950       76.742715           1.1098269         25870
      0.891     0.950       57.024036          0.94982185         21073
      1.122     0.950       42.808227          0.80748338         17343
      1.413     0.950       29.523100          0.64271607         13704
      1.778     0.950       20.997019          0.51998736         10952
      2.239     0.950       13.914598          0.41415322          8138
      2.818     0.950       8.4829284          0.28956363          6288
      3.548     0.950       5.1198792          0.20921318          4616
      4.467     0.950       3.0716395          0.14378069          3317
      5.623     0.950       1.9988966          0.10571368          2389
      7.079     0.950       1.1207315          0.74206542E-01      1736
      8.913     0.950      0.57397827          0.41946419E-01      1208
