 # fmin20_0311z.kam_nbe   
      0.106    -0.950       325.24114           5.2994118         24750
      0.119    -0.950       314.35924           5.0649307         25107
      0.133    -0.950       316.53209           5.2243312         25254
      0.150    -0.950       306.97219           4.8940023         25546
      0.168    -0.950       282.17515           4.5398706         25026
      0.188    -0.950       262.85190           4.4050274         24416
      0.211    -0.950       260.05753           4.3183021         24189
      0.237    -0.950       232.34340           3.8365962         23028
      0.266    -0.950       216.44324           3.6146544         22679
      0.299    -0.950       190.16803           3.2507289         21398
      0.335    -0.950       176.84844           3.1904989         20372
      0.376    -0.950       162.59615           2.9198340         19299
      0.422    -0.950       145.74439           2.6899880         17989
      0.473    -0.950       127.53147           2.4744700         16886
      0.531    -0.950       107.47765           2.1766437         15558
      0.596    -0.950       101.93195           2.2082754         14583
      0.668    -0.950       81.365468           1.8396721         13395
      0.750    -0.950       71.536133           1.7216308         12156
      0.841    -0.950       61.667557           1.5181952         11179
      0.944    -0.950       49.947735           1.3289385          9900
      1.059    -0.950       40.741444           1.1595710          8830
      1.189    -0.950       35.943759           1.0987502          7855
      1.334    -0.950       30.542845           1.0264117          7059
      1.496    -0.950       23.458126          0.81186723          6251
      1.679    -0.950       19.301507          0.69632552          5611
      1.884    -0.950       15.988503          0.61576946          4885
      2.113    -0.950       12.106774          0.53332185          4222
      2.371    -0.950       9.4750600          0.43557260          3680
      2.661    -0.950       8.0106545          0.40132065          3198
      2.985    -0.950       5.6994221          0.31375488          2749
      3.350    -0.950       4.4090259          0.24145632          2340
      3.758    -0.950       3.9876407          0.26688032          2049
      4.217    -0.950       2.9731528          0.19078066          1780
      4.732    -0.950       2.2912381          0.16174124          1482
      5.309    -0.950       1.6908340          0.12761604          1199
      5.957    -0.950       1.1729738          0.99694552E-01      1035
      6.683    -0.950      0.90077870          0.83504296E-01       804
      7.499    -0.950      0.76185750          0.79640940E-01       730
      8.414    -0.950      0.58339544          0.57324172E-01       622
      9.441    -0.950      0.44889861          0.50997591E-01       550
      0.106    -0.850       354.14305           6.2220911         24285
      0.119    -0.850       344.46853           6.1494756         24617
      0.133    -0.850       329.47638           5.6760902         24940
      0.150    -0.850       322.02240           5.5969522         25321
      0.168    -0.850       296.89268           5.0158317         24760
      0.188    -0.850       291.29769           4.9692771         24854
      0.211    -0.850       271.23206           4.7169406         24188
      0.237    -0.850       236.14019           3.9770807         23819
      0.266    -0.850       227.95308           3.9783748         22881
      0.299    -0.850       205.14113           3.6498305         21840
      0.335    -0.850       183.77318           3.2968389         21103
      0.376    -0.850       172.74191           3.2062551         19694
      0.422    -0.850       149.17468           2.7683261         18803
      0.473    -0.850       133.40824           2.6560500         17568
      0.531    -0.850       121.27915           2.4645590         16590
      0.596    -0.850       99.565327           2.1034053         15117
      0.668    -0.850       87.390758           1.9108671         13931
      0.750    -0.850       77.300900           1.7936471         12778
      0.841    -0.850       63.367809           1.6100228         11546
      0.944    -0.850       52.470994           1.3241625         10419
      1.059    -0.850       46.674080           1.2443200          9687
      1.189    -0.850       36.408470           1.0682384          8466
      1.334    -0.850       31.396963          0.98725720          7553
      1.496    -0.850       24.981415          0.82476407          6717
      1.679    -0.850       20.261306          0.73566873          5986
      1.884    -0.850       17.173346          0.63955006          5300
      2.113    -0.850       13.582288          0.56893510          4641
      2.371    -0.850       9.8349398          0.40404493          4068
      2.661    -0.850       8.1902209          0.37970702          3510
      2.985    -0.850       6.4780737          0.32228180          3080
      3.350    -0.850       4.9439372          0.28574626          2536
      3.758    -0.850       3.9509884          0.23428448          2250
      4.217    -0.850       3.0849528          0.18642227          1876
      4.732    -0.850       2.4729620          0.17999351          1636
      5.309    -0.850       1.7285299          0.12905927          1337
      5.957    -0.850       1.4071264          0.10404031          1146
      6.683    -0.850       1.1146278          0.83911646E-01      1048
      7.499    -0.850      0.76731234          0.58771822E-01       844
      8.414    -0.850      0.63341163          0.61387538E-01       705
      9.441    -0.850      0.51889731          0.59929489E-01       583
      0.106    -0.750       391.12721           6.9135149         23858
      0.119    -0.750       396.84705           7.0171285         24518
      0.133    -0.750       364.65327           6.2086147         24726
      0.150    -0.750       364.55994           6.0830109         24685
      0.168    -0.750       333.39774           5.6979190         24999
      0.188    -0.750       317.46456           5.6594103         24594
      0.211    -0.750       285.10661           4.8436301         24036
      0.237    -0.750       266.45874           4.5760368         23910
      0.266    -0.750       248.74175           4.3024341         23216
      0.299    -0.750       218.71819           3.9385481         22170
      0.335    -0.750       200.88356           3.7048650         21471
      0.376    -0.750       183.79245           3.4788816         20488
      0.422    -0.750       161.65927           3.1041724         19241
      0.473    -0.750       143.68135           2.8177628         18166
      0.531    -0.750       126.70296           2.5601642         16960
      0.596    -0.750       108.54871           2.2754743         15707
      0.668    -0.750       92.110818           2.0322944         14508
      0.750    -0.750       78.035414           1.8278046         13523
      0.841    -0.750       69.277352           1.6795940         12519
      0.944    -0.750       57.813611           1.4575926         11099
      1.059    -0.750       49.715914           1.3447997         10126
      1.189    -0.750       40.336628           1.1886008          9130
      1.334    -0.750       34.724361           1.0732544          8177
      1.496    -0.750       25.606800          0.83668836          7188
      1.679    -0.750       22.116780          0.78233523          6402
      1.884    -0.750       17.516969          0.64597852          5634
      2.113    -0.750       14.721739          0.59150125          5066
      2.371    -0.750       10.986525          0.47029917          4325
      2.661    -0.750       9.3196729          0.44772611          3766
      2.985    -0.750       7.6429505          0.37880418          3317
      3.350    -0.750       5.7890448          0.30258680          2845
      3.758    -0.750       4.3127754          0.24913553          2445
      4.217    -0.750       3.5972568          0.22370676          2093
      4.732    -0.750       2.8209578          0.16407880          1875
      5.309    -0.750       2.1782665          0.15773589          1524
      5.957    -0.750       1.4272573          0.10164475          1277
      6.683    -0.750       1.2164278          0.96308487E-01      1124
      7.499    -0.750      0.98249643          0.86888619E-01       951
      8.414    -0.750      0.79298061          0.85940125E-01       819
      9.441    -0.750      0.58225102          0.51164665E-01       693
      0.106    -0.650       397.52172           7.3362343         22581
      0.119    -0.650       399.10116           7.1992015         23072
      0.133    -0.650       372.55460           6.6857615         23620
      0.150    -0.650       365.53924           6.5807719         24127
      0.168    -0.650       349.00795           6.2882146         23903
      0.188    -0.650       318.27719           5.6755732         23808
      0.211    -0.650       301.60829           5.5753317         23891
      0.237    -0.650       281.42537           5.0917836         23508
      0.266    -0.650       256.88346           4.5517105         22919
      0.299    -0.650       225.52490           4.1412917         22223
      0.335    -0.650       200.02457           3.7275377         21157
      0.376    -0.650       182.86886           3.3835773         20599
      0.422    -0.650       169.31579           3.3319888         19564
      0.473    -0.650       150.45764           3.0343111         18543
      0.531    -0.650       128.32026           2.6161413         17480
      0.596    -0.650       109.72813           2.3373049         15999
      0.668    -0.650       96.962066           2.2035454         15034
      0.750    -0.650       82.419643           1.9209927         13644
      0.841    -0.650       76.481352           1.7858649         13086
      0.944    -0.650       62.553089           1.5092620         11897
      1.059    -0.650       51.768713           1.3615001         10776
      1.189    -0.650       41.375058           1.1078678          9590
      1.334    -0.650       36.754296           1.1119605          8627
      1.496    -0.650       30.520549          0.96754511          7772
      1.679    -0.650       24.292041          0.86889787          6852
      1.884    -0.650       19.007802          0.66551046          6179
      2.113    -0.650       16.440440          0.61229009          5555
      2.371    -0.650       11.949278          0.46763322          4818
      2.661    -0.650       11.054291          0.48420928          4176
      2.985    -0.650       6.9826280          0.31158517          3579
      3.350    -0.650       6.4167623          0.31809071          3096
      3.758    -0.650       4.8178490          0.23777414          2741
      4.217    -0.650       3.6375582          0.20599011          2311
      4.732    -0.650       3.2672297          0.19768092          2066
      5.309    -0.650       2.2067463          0.14441186          1659
      5.957    -0.650       1.8567986          0.13205996          1524
      6.683    -0.650       1.4911407          0.11737569          1303
      7.499    -0.650       1.0896813          0.83964639E-01      1043
      8.414    -0.650      0.90071486          0.79531612E-01       881
      9.441    -0.650      0.66529493          0.65157071E-01       744
      0.106    -0.550       374.40564           7.4737754         20914
      0.119    -0.550       363.87396           7.0671401         21392
      0.133    -0.550       339.29027           6.7064703         21948
      0.150    -0.550       334.58582           6.4315478         22465
      0.168    -0.550       323.01275           6.1330666         22718
      0.188    -0.550       301.95045           5.8284974         22919
      0.211    -0.550       267.27511           4.9171389         22433
      0.237    -0.550       259.91208           4.8135500         22457
      0.266    -0.550       226.84469           4.2346446         21797
      0.299    -0.550       214.25120           4.1240228         21325
      0.335    -0.550       188.20304           3.5689831         20774
      0.376    -0.550       179.42214           3.5148413         20287
      0.422    -0.550       159.35746           3.2048589         19386
      0.473    -0.550       142.98126           2.8880100         18562
      0.531    -0.550       127.90452           2.5483415         17618
      0.596    -0.550       113.01576           2.3392623         16545
      0.668    -0.550       98.403312           2.1556783         15525
      0.750    -0.550       84.735719           1.9341888         14367
      0.841    -0.550       72.939884           1.7474808         13303
      0.944    -0.550       63.587538           1.6046047         12241
      1.059    -0.550       52.892981           1.3196813         11178
      1.189    -0.550       44.380339           1.1486261         10165
      1.334    -0.550       36.303729           1.0406081          9202
      1.496    -0.550       30.672794          0.90896984          8270
      1.679    -0.550       24.240427          0.76557534          7379
      1.884    -0.550       21.760924          0.72007978          6799
      2.113    -0.550       16.362347          0.57099601          5826
      2.371    -0.550       14.004453          0.54415976          5138
      2.661    -0.550       11.257307          0.45613706          4691
      2.985    -0.550       9.3793105          0.40430881          4055
      3.350    -0.550       6.8774640          0.30347158          3481
      3.758    -0.550       5.7231138          0.28198688          2929
      4.217    -0.550       4.3749851          0.24082493          2676
      4.732    -0.550       3.3927942          0.18076513          2196
      5.309    -0.550       2.7780642          0.16892784          1913
      5.957    -0.550       1.9798765          0.13024263          1657
      6.683    -0.550       1.7621566          0.12746380          1358
      7.499    -0.550       1.3973752          0.10622895          1215
      8.414    -0.550      0.96053300          0.75672434E-01       983
      9.441    -0.550      0.79847952          0.63643274E-01       904
      0.106    -0.450       353.12996           7.7226562         18639
      0.119    -0.450       345.13492           7.6376070         19303
      0.133    -0.450       348.81661           7.6562547         20020
      0.150    -0.450       326.39815           7.0724499         20256
      0.168    -0.450       299.47880           6.3767640         20634
      0.188    -0.450       278.92012           5.6571625         20889
      0.211    -0.450       267.32652           5.6944340         20766
      0.237    -0.450       239.62030           4.8751112         20720
      0.266    -0.450       220.50766           4.4260822         20641
      0.299    -0.450       202.04505           4.1392621         20314
      0.335    -0.450       190.24618           4.0901056         19811
      0.376    -0.450       170.60242           3.3757458         19525
      0.422    -0.450       151.59895           3.1015428         18655
      0.473    -0.450       137.09190           2.9047352         17905
      0.531    -0.450       122.51381           2.6376024         16974
      0.596    -0.450       104.71497           2.2985897         16174
      0.668    -0.450       92.102542           1.9579272         15553
      0.750    -0.450       84.864793           1.9584074         14536
      0.841    -0.450       71.783261           1.7284705         13559
      0.944    -0.450       61.154361           1.4990167         12442
      1.059    -0.450       53.947909           1.3968625         11543
      1.189    -0.450       44.650872           1.1575264         10795
      1.334    -0.450       38.968380           1.0595472          9894
      1.496    -0.450       32.172056          0.91216452          8810
      1.679    -0.450       28.840647          0.84502607          8173
      1.884    -0.450       23.068979          0.73612482          7207
      2.113    -0.450       18.742041          0.62788097          6510
      2.371    -0.450       15.178139          0.53502567          5673
      2.661    -0.450       11.963554          0.44469988          5031
      2.985    -0.450       9.5598255          0.38278316          4366
      3.350    -0.450       8.1567090          0.37295292          3931
      3.758    -0.450       5.9129767          0.25977660          3368
      4.217    -0.450       5.1265217          0.25203708          3036
      4.732    -0.450       4.0015670          0.19419069          2639
      5.309    -0.450       2.9626310          0.16571675          2227
      5.957    -0.450       2.5419751          0.15239463          1911
      6.683    -0.450       1.8916335          0.12008078          1621
      7.499    -0.450       1.4894789          0.10544761          1351
      8.414    -0.450       1.0819688          0.72958244E-01      1131
      9.441    -0.450      0.83293172          0.64071464E-01       948
      0.106    -0.350       370.70944           8.6230883         16344
      0.119    -0.350       366.66434           8.6046697         17186
      0.133    -0.350       342.79977           7.9849279         17340
      0.150    -0.350       338.84522           7.8143964         18116
      0.168    -0.350       312.98240           7.1597865         18362
      0.188    -0.350       293.16691           6.6598800         18580
      0.211    -0.350       262.83132           5.9333097         18756
      0.237    -0.350       246.92693           5.7633447         18623
      0.266    -0.350       229.65096           5.1493735         18668
      0.299    -0.350       211.37966           4.9225894         18531
      0.335    -0.350       187.41261           4.1605998         18388
      0.376    -0.350       171.22900           3.7580913         18127
      0.422    -0.350       150.33987           3.4621733         17574
      0.473    -0.350       136.21232           3.0381615         16885
      0.531    -0.350       123.12028           2.7581409         16409
      0.596    -0.350       109.36692           2.5069555         15658
      0.668    -0.350       97.399898           2.1818610         15072
      0.750    -0.350       85.277403           2.0632723         14157
      0.841    -0.350       73.930784           1.7913042         13349
      0.944    -0.350       61.428052           1.5528047         12546
      1.059    -0.350       55.029683           1.3875591         11812
      1.189    -0.350       47.968792           1.3132583         11006
      1.334    -0.350       38.670870           1.0292510          9996
      1.496    -0.350       35.410558           1.0267223          9305
      1.679    -0.350       28.467095          0.86850707          8566
      1.884    -0.350       23.051580          0.69291270          7599
      2.113    -0.350       19.466679          0.66774460          6904
      2.371    -0.350       16.904314          0.52948230          6289
      2.661    -0.350       13.958001          0.51422606          5435
      2.985    -0.350       10.897709          0.41355082          4902
      3.350    -0.350       9.1522619          0.38362036          4377
      3.758    -0.350       7.3388570          0.33626529          3824
      4.217    -0.350       5.8279189          0.26169971          3407
      4.732    -0.350       4.5504507          0.22173812          2937
      5.309    -0.350       3.6713290          0.19107694          2511
      5.957    -0.350       3.0413743          0.16818338          2200
      6.683    -0.350       2.2826209          0.12595367          1955
      7.499    -0.350       1.7367862          0.99230069E-01      1664
      8.414    -0.350       1.2961327          0.90794616E-01      1355
      9.441    -0.350       1.0302080          0.64339434E-01      1245
      0.106    -0.250       424.34107           10.610409         14002
      0.119    -0.250       386.56918           9.6590258         14441
      0.133    -0.250       363.74819           9.0413377         14758
      0.150    -0.250       361.15450           8.7225810         15156
      0.168    -0.250       333.54625           8.3860061         15253
      0.188    -0.250       296.00242           7.0461147         15574
      0.211    -0.250       282.61609           6.8195396         15739
      0.237    -0.250       266.17888           6.6239694         15803
      0.266    -0.250       246.34608           6.0926340         15779
      0.299    -0.250       222.92471           5.9555699         15659
      0.335    -0.250       196.20319           4.7660258         15590
      0.376    -0.250       186.06689           4.5538265         15562
      0.422    -0.250       165.26907           3.9029168         15253
      0.473    -0.250       138.82024           3.4682535         14639
      0.531    -0.250       127.42438           3.3212208         14094
      0.596    -0.250       111.78856           2.8264045         13683
      0.668    -0.250       99.180766           2.3614178         13342
      0.750    -0.250       82.703700           2.0836368         12752
      0.841    -0.250       75.358547           2.0119907         12226
      0.944    -0.250       66.065822           1.7885554         11505
      1.059    -0.250       54.864724           1.4938034         10844
      1.189    -0.250       50.134646           1.3274110         10407
      1.334    -0.250       43.138751           1.2567823          9460
      1.496    -0.250       36.772020           1.0392002          8953
      1.679    -0.250       28.824958          0.80152178          8230
      1.884    -0.250       27.279911          0.86971726          7758
      2.113    -0.250       21.935037          0.73576366          7093
      2.371    -0.250       19.030727          0.70044870          6365
      2.661    -0.250       14.999441          0.56520088          5839
      2.985    -0.250       12.093913          0.44556352          5173
      3.350    -0.250       9.2092387          0.34106797          4591
      3.758    -0.250       8.8455056          0.34594534          4237
      4.217    -0.250       6.5855899          0.27467803          3786
      4.732    -0.250       5.4608269          0.24901114          3125
      5.309    -0.250       4.4969806          0.22532563          2859
      5.957    -0.250       3.4259117          0.19083268          2383
      6.683    -0.250       2.9756281          0.17183049          2170
      7.499    -0.250       2.0693002          0.12818030          1826
      8.414    -0.250       1.6401560          0.96513470E-01      1626
      9.441    -0.250       1.4492236          0.93346614E-01      1392
      0.106    -0.150       422.40323           11.113543         10607
      0.119    -0.150       401.94421           10.449043         10884
      0.133    -0.150       379.48134           10.020855         11051
      0.150    -0.150       365.61717           9.7625409         11311
      0.168    -0.150       346.28091           8.9348390         11501
      0.188    -0.150       313.45343           8.1577585         11728
      0.211    -0.150       296.30748           7.7550726         11722
      0.237    -0.150       274.64919           7.4528207         11671
      0.266    -0.150       257.77611           7.1566604         11567
      0.299    -0.150       242.40188           6.5476094         11779
      0.335    -0.150       206.53208           5.3850118         11643
      0.376    -0.150       186.16650           5.1131698         11279
      0.422    -0.150       173.66198           4.9759184         11239
      0.473    -0.150       152.00876           4.5140114         10974
      0.531    -0.150       128.53901           3.8441722         10772
      0.596    -0.150       115.43712           3.3237910         10337
      0.668    -0.150       95.444028           2.8340518          9943
      0.750    -0.150       88.722422           2.5836100          9707
      0.841    -0.150       75.845580           2.4965063          9388
      0.944    -0.150       68.132866           2.1562060          8970
      1.059    -0.150       59.790128           1.9130142          8555
      1.189    -0.150       53.395958           1.8293992          8190
      1.334    -0.150       44.362656           1.3815807          7722
      1.496    -0.150       39.305726           1.3265906          7203
      1.679    -0.150       32.870949           1.1331705          6884
      1.884    -0.150       27.460615          0.99858756          6290
      2.113    -0.150       23.743329          0.87900472          5878
      2.371    -0.150       19.995102          0.77105377          5433
      2.661    -0.150       17.059430          0.67485642          5170
      2.985    -0.150       14.841349          0.57329063          4669
      3.350    -0.150       11.467365          0.44744693          4270
      3.758    -0.150       9.2898443          0.38161708          3940
      4.217    -0.150       7.6231677          0.32066088          3471
      4.732    -0.150       6.6955704          0.29875330          3022
      5.309    -0.150       5.4552704          0.28245845          2803
      5.957    -0.150       4.1781184          0.20000512          2515
      6.683    -0.150       3.5895777          0.19518900          2146
      7.499    -0.150       2.7268557          0.16827888          1917
      8.414    -0.150       2.1787182          0.13968144          1641
      9.441    -0.150       1.6654200          0.10775876          1454
      0.106    -0.050       515.46817           21.888212          5074
      0.119    -0.050       482.49069           20.983352          5157
      0.133    -0.050       456.79835           21.837140          5148
      0.150    -0.050       436.76113           18.322792          5250
      0.168    -0.050       372.82100           15.085507          5242
      0.188    -0.050       378.62308           16.482835          5238
      0.211    -0.050       359.79171           17.574297          5171
      0.237    -0.050       364.51098           18.353520          5268
      0.266    -0.050       342.58426           18.037125          5157
      0.299    -0.050       278.94338           14.015053          5036
      0.335    -0.050       229.01946           10.401167          5153
      0.376    -0.050       228.44818           11.886236          5021
      0.422    -0.050       201.01267           9.4425026          4834
      0.473    -0.050       188.10855           10.834437          4718
      0.531    -0.050       148.44848           8.4058619          4521
      0.596    -0.050       129.51385           6.5190042          4376
      0.668    -0.050       111.72625           5.5804587          4180
      0.750    -0.050       99.759138           5.0985133          4211
      0.841    -0.050       95.142670           6.0159921          3955
      0.944    -0.050       77.396507           4.3499351          3808
      1.059    -0.050       64.440839           3.2827471          3473
      1.189    -0.050       60.689021           4.2620069          3325
      1.334    -0.050       50.389784           3.0092065          3177
      1.496    -0.050       40.437923           3.1446210          3109
      1.679    -0.050       38.683596           2.4964132          2949
      1.884    -0.050       27.966407           1.8126567          2632
      2.113    -0.050       30.130760           2.6284839          2589
      2.371    -0.050       21.387581           1.5365984          2386
      2.661    -0.050       18.901389           1.2884807          2108
      2.985    -0.050       14.753782           1.1039965          2016
      3.350    -0.050       12.920743          0.87367854          1930
      3.758    -0.050       11.159315          0.89903078          1668
      4.217    -0.050       9.5315266          0.63748072          1660
      4.732    -0.050       7.6415062          0.52051073          1545
      5.309    -0.050       6.1714635          0.45876464          1314
      5.957    -0.050       4.4426684          0.37965083          1208
      6.683    -0.050       4.0323207          0.34586325          1081
      7.499    -0.050       3.3185978          0.28950174           996
      8.414    -0.050       2.3275936          0.28924036           825
      9.441    -0.050       1.8639547          0.15165847           811
      0.106     0.050       471.62998           21.317892          5113
      0.119     0.050       460.92170           20.455230          5139
      0.133     0.050       435.99102           21.170756          5144
      0.150     0.050       412.65525           16.905186          5340
      0.168     0.050       380.35447           15.206068          5282
      0.188     0.050       360.34800           16.175798          5288
      0.211     0.050       371.47060           17.687612          5255
      0.237     0.050       356.84246           17.112944          5308
      0.266     0.050       308.87909           14.649283          5334
      0.299     0.050       274.74581           13.933376          5135
      0.335     0.050       230.50129           11.282740          5096
      0.376     0.050       223.24508           11.701045          4859
      0.422     0.050       196.27993           9.2113941          4920
      0.473     0.050       172.04995           9.2828535          4565
      0.531     0.050       157.92812           8.5345991          4450
      0.596     0.050       133.87580           6.5646541          4569
      0.668     0.050       120.22528           5.9542412          4293
      0.750     0.050       91.325650           4.6296507          4040
      0.841     0.050       84.243010           5.1958666          3994
      0.944     0.050       77.893504           3.8458615          3806
      1.059     0.050       63.375591           3.2537328          3581
      1.189     0.050       59.993518           3.7117253          3424
      1.334     0.050       51.719881           3.1699727          3365
      1.496     0.050       38.066199           2.1308710          2962
      1.679     0.050       39.242272           2.6486466          2867
      1.884     0.050       28.043165           1.6351076          2662
      2.113     0.050       27.035076           2.5423434          2456
      2.371     0.050       19.568624           1.4070053          2382
      2.661     0.050       16.870056           1.3147504          2115
      2.985     0.050       13.137649          0.96934577          1954
      3.350     0.050       13.524241           1.1387226          1889
      3.758     0.050       10.344237          0.68163973          1689
      4.217     0.050       9.3133654          0.72859016          1537
      4.732     0.050       7.2403886          0.54936137          1471
      5.309     0.050       6.2905285          0.50843843          1299
      5.957     0.050       4.9005424          0.38682168          1268
      6.683     0.050       3.6977339          0.32469372          1035
      7.499     0.050       3.1194727          0.29002263           941
      8.414     0.050       2.6565551          0.30556054           848
      9.441     0.050       1.9080708          0.17380644           760
      0.106     0.150       319.29586           7.2531689         10623
      0.119     0.150       306.62887           6.8678649         10935
      0.133     0.150       287.97664           6.4607812         10710
      0.150     0.150       281.95123           6.3943740         11175
      0.168     0.150       287.60254           6.5331915         11705
      0.188     0.150       266.97311           5.9961588         11732
      0.211     0.150       251.57467           5.7817009         11576
      0.237     0.150       229.85793           5.2757412         11662
      0.266     0.150       213.28913           4.9826111         11676
      0.299     0.150       200.80121           4.8361459         11517
      0.335     0.150       199.32760           4.8357833         11691
      0.376     0.150       167.77356           4.2754347         11230
      0.422     0.150       160.08390           4.1017866         11349
      0.473     0.150       138.02484           3.5472857         11032
      0.531     0.150       128.91995           3.2869428         10830
      0.596     0.150       111.24814           3.0379100         10176
      0.668     0.150       101.61586           2.7784760         10096
      0.750     0.150       91.767948           2.5221649          9840
      0.841     0.150       79.643436           2.2600087          9395
      0.944     0.150       69.965201           2.0449451          8981
      1.059     0.150       59.300246           1.7644076          8487
      1.189     0.150       53.554328           1.6909748          7971
      1.334     0.150       46.040825           1.4684406          7793
      1.496     0.150       39.276355           1.2412605          7218
      1.679     0.150       32.127591           1.1239921          6768
      1.884     0.150       29.789008           1.0248821          6378
      2.113     0.150       24.291635          0.94945001          5956
      2.371     0.150       20.118902          0.74336381          5381
      2.661     0.150       17.386774          0.66198320          5024
      2.985     0.150       13.872055          0.58681020          4586
      3.350     0.150       11.834522          0.51404044          4207
      3.758     0.150       10.053013          0.43568027          3863
      4.217     0.150       8.0947232          0.36846531          3522
      4.732     0.150       6.8548689          0.32189912          3152
      5.309     0.150       5.7064693          0.27986560          2734
      5.957     0.150       4.2246020          0.21209557          2459
      6.683     0.150       3.6854888          0.20482097          2193
      7.499     0.150       2.8389028          0.16798068          1887
      8.414     0.150       2.7412634          0.17635290          1699
      9.441     0.150       1.7594942          0.10878275          1417
      0.106     0.250       236.37991           4.6300555         13169
      0.119     0.250       248.89155           4.8470874         13963
      0.133     0.250       239.89797           4.6428623         14378
      0.150     0.250       226.02281           4.3872510         14621
      0.168     0.250       225.97107           4.3915982         14763
      0.188     0.250       222.81911           4.2738441         15415
      0.211     0.250       205.60663           4.0075658         15364
      0.237     0.250       194.60223           3.8262208         15317
      0.266     0.250       196.23094           3.8191725         15669
      0.299     0.250       172.44796           3.4533847         15371
      0.335     0.250       157.67225           3.1855569         15249
      0.376     0.250       151.63353           3.0455064         15298
      0.422     0.250       141.55910           2.9737105         15094
      0.473     0.250       126.83572           2.6662777         14562
      0.531     0.250       119.96949           2.6246784         14275
      0.596     0.250       104.17739           2.3230866         13804
      0.668     0.250       92.387117           2.1046420         13332
      0.750     0.250       85.289820           2.0631186         12695
      0.841     0.250       72.620916           1.7262577         12408
      0.944     0.250       65.049715           1.6560948         11637
      1.059     0.250       53.314757           1.3235970         11063
      1.189     0.250       49.537461           1.3368862         10382
      1.334     0.250       40.930013           1.1190944          9397
      1.496     0.250       36.899228           1.0931091          8861
      1.679     0.250       30.610737          0.90253806          8303
      1.884     0.250       27.542235          0.89573655          7778
      2.113     0.250       21.916360          0.71069775          7014
      2.371     0.250       18.831318          0.64051492          6414
      2.661     0.250       15.538857          0.57218729          5604
      2.985     0.250       13.277940          0.53790410          5130
      3.350     0.250       9.9232148          0.39974685          4664
      3.758     0.250       8.5563524          0.37938306          4281
      4.217     0.250       6.7733400          0.29577935          3651
      4.732     0.250       5.6968032          0.28225225          3259
      5.309     0.250       4.5059180          0.24786181          2814
      5.957     0.250       3.5539565          0.19010823          2465
      6.683     0.250       3.0513010          0.18445359          2127
      7.499     0.250       2.1501932          0.10798804          1840
      8.414     0.250       1.7209716          0.10167273          1663
      9.441     0.250       1.4063027          0.96340913E-01      1352
      0.106     0.350       223.44215           3.8633181         15985
      0.119     0.350       213.02718           3.6986972         16352
      0.133     0.350       213.81850           3.7713729         16737
      0.150     0.350       204.97565           3.5663602         17396
      0.168     0.350       200.17659           3.4511658         17877
      0.188     0.350       204.76516           3.5856954         17983
      0.211     0.350       192.05512           3.3544925         18156
      0.237     0.350       177.80016           3.1946861         18126
      0.266     0.350       169.12561           2.9997156         18227
      0.299     0.350       163.86146           2.9181716         18085
      0.335     0.350       156.35434           2.8538372         18046
      0.376     0.350       144.33837           2.6790732         17514
      0.422     0.350       134.40554           2.5585523         17211
      0.473     0.350       123.33527           2.4236722         16746
      0.531     0.350       117.27411           2.2758272         16335
      0.596     0.350       101.22769           2.0687336         15533
      0.668     0.350       90.135470           1.9231241         14677
      0.750     0.350       76.648387           1.6448854         13985
      0.841     0.350       69.813302           1.5423377         13299
      0.944     0.350       64.428768           1.4823457         12489
      1.059     0.350       55.890749           1.3386070         11967
      1.189     0.350       45.197141           1.1346705         10760
      1.334     0.350       40.749471           1.0593532          9988
      1.496     0.350       34.354790          0.94017175          9282
      1.679     0.350       30.119192          0.89412257          8420
      1.884     0.350       23.808485          0.74024429          7696
      2.113     0.350       19.987678          0.65865725          6956
      2.371     0.350       16.642446          0.56020432          6304
      2.661     0.350       13.599104          0.49236205          5417
      2.985     0.350       11.587815          0.43855546          5045
      3.350     0.350       9.4703400          0.38604377          4342
      3.758     0.350       7.3686963          0.32157330          3891
      4.217     0.350       6.4101104          0.31273492          3444
      4.732     0.350       4.3406395          0.20954654          2922
      5.309     0.350       3.7528300          0.20805018          2526
      5.957     0.350       3.0779505          0.16302854          2268
      6.683     0.350       2.2449292          0.12972482          1979
      7.499     0.350       1.9647855          0.13219451          1634
      8.414     0.350       1.2634851          0.82378979E-01      1330
      9.441     0.350       1.1083221          0.80038911E-01      1153
      0.106     0.450       204.19894           3.3454448         17892
      0.119     0.450       202.02436           3.2445443         18359
      0.133     0.450       200.91819           3.2241880         19202
      0.150     0.450       197.13532           3.1652680         19424
      0.168     0.450       195.09096           3.1038645         19885
      0.188     0.450       194.62723           3.1064744         20166
      0.211     0.450       181.86867           2.9297010         20353
      0.237     0.450       178.81227           2.8803486         20205
      0.266     0.450       165.46676           2.7392231         20003
      0.299     0.450       162.04734           2.6700279         19830
      0.335     0.450       151.47898           2.5780612         19528
      0.376     0.450       139.57636           2.4161368         19166
      0.422     0.450       130.55730           2.3240023         18480
      0.473     0.450       120.30032           2.2073784         17915
      0.531     0.450       107.10826           1.9866610         16980
      0.596     0.450       96.177629           1.8984556         16099
      0.668     0.450       86.675645           1.6869689         15396
      0.750     0.450       77.201787           1.6140624         14414
      0.841     0.450       68.269983           1.4863236         13452
      0.944     0.450       62.533206           1.4281941         12626
      1.059     0.450       49.993786           1.1878207         11612
      1.189     0.450       41.650356           1.0299610         10549
      1.334     0.450       38.107562           1.0219723          9646
      1.496     0.450       33.662985          0.95419209          8916
      1.679     0.450       28.053784          0.83562280          8038
      1.884     0.450       22.668819          0.71252797          7181
      2.113     0.450       18.310980          0.61559442          6358
      2.371     0.450       15.663246          0.57714032          5791
      2.661     0.450       12.282549          0.46303979          5055
      2.985     0.450       9.6204061          0.38297220          4485
      3.350     0.450       7.8186343          0.33477250          3912
      3.758     0.450       6.4458909          0.28912724          3437
      4.217     0.450       5.1756395          0.26177161          3099
      4.732     0.450       3.8907112          0.22620275          2509
      5.309     0.450       3.0740512          0.18150249          2180
      5.957     0.450       2.4453763          0.16055841          1859
      6.683     0.450       2.0880491          0.13761561          1669
      7.499     0.450       1.4448502          0.92110332E-01      1445
      8.414     0.450       1.0647029          0.73889077E-01      1161
      9.441     0.450      0.82688065          0.61880596E-01       983
      0.106     0.550       191.93918           3.0134655         19180
      0.119     0.550       189.08624           2.8934966         19801
      0.133     0.550       194.45381           2.9595467         20593
      0.150     0.550       198.04385           3.0210359         21122
      0.168     0.550       191.85504           2.9136088         21324
      0.188     0.550       189.63916           2.8665690         21747
      0.211     0.550       178.12535           2.7477491         21361
      0.237     0.550       176.56688           2.6636620         21684
      0.266     0.550       168.53065           2.6587151         21317
      0.299     0.550       155.23007           2.4732875         20815
      0.335     0.550       149.94770           2.3845038         20821
      0.376     0.550       136.90707           2.2908111         19741
      0.422     0.550       130.60481           2.2223681         18972
      0.473     0.550       115.97236           2.0448285         18331
      0.531     0.550       106.47679           1.9279879         17333
      0.596     0.550       95.991190           1.8166454         16417
      0.668     0.550       84.864186           1.6666567         15236
      0.750     0.550       77.644451           1.5684222         14266
      0.841     0.550       65.672354           1.4058824         13316
      0.944     0.550       56.924002           1.2988362         12166
      1.059     0.550       50.118398           1.2163231         11088
      1.189     0.550       41.745124           1.0467156         10223
      1.334     0.550       35.202706          0.93277652          9167
      1.496     0.550       28.762437          0.81130372          8377
      1.679     0.550       25.632345          0.75902592          7529
      1.884     0.550       21.065888          0.67823967          6668
      2.113     0.550       16.186537          0.53670995          5838
      2.371     0.550       13.661336          0.51435172          5057
      2.661     0.550       10.473066          0.45872804          4521
      2.985     0.550       8.4096386          0.35963024          3925
      3.350     0.550       6.9224018          0.30789793          3483
      3.758     0.550       5.9883181          0.28102058          3132
      4.217     0.550       4.9163972          0.26093820          2635
      4.732     0.550       3.1900188          0.19046091          2210
      5.309     0.550       2.9581202          0.18003008          1963
      5.957     0.550       2.0248594          0.12728363          1642
      6.683     0.550       1.4411672          0.10086973          1351
      7.499     0.550       1.2693375          0.88815451E-01      1263
      8.414     0.550       1.0234854          0.89857998E-01      1047
      9.441     0.550      0.82853382          0.80688765E-01       871
      0.106     0.650       189.46955           2.7901489         20822
      0.119     0.650       193.66754           2.8244947         21481
      0.133     0.650       193.96650           2.7880821         22155
      0.150     0.650       195.42075           2.7947145         22702
      0.168     0.650       190.90847           2.7417387         22842
      0.188     0.650       193.88219           2.7946634         22756
      0.211     0.650       175.47045           2.5942590         22227
      0.237     0.650       172.58596           2.5610880         22287
      0.266     0.650       162.53207           2.4650375         21972
      0.299     0.650       159.27655           2.4369191         21517
      0.335     0.650       144.82351           2.2920010         20694
      0.376     0.650       132.59774           2.1479610         19994
      0.422     0.650       124.89890           2.1031403         19041
      0.473     0.650       113.01137           1.9591718         18182
      0.531     0.650       105.02138           1.8962033         17102
      0.596     0.650       91.294757           1.7378496         15801
      0.668     0.650       84.007889           1.6366433         14951
      0.750     0.650       69.132885           1.4103573         13810
      0.841     0.650       62.120271           1.3377572         12855
      0.944     0.650       53.109950           1.2320308         11578
      1.059     0.650       46.270742           1.1080578         10677
      1.189     0.650       38.582141          0.98772053          9659
      1.334     0.650       32.964865          0.90166282          8616
      1.496     0.650       27.365679          0.78267091          7858
      1.679     0.650       24.288361          0.75669487          6955
      1.884     0.650       19.927631          0.65615586          6077
      2.113     0.650       14.523227          0.51210533          5406
      2.371     0.650       12.627769          0.49733665          4783
      2.661     0.650       9.7447696          0.42014178          4186
      2.985     0.650       7.4916541          0.31702853          3567
      3.350     0.650       5.8868595          0.28361007          3145
      3.758     0.650       5.3124927          0.28548411          2821
      4.217     0.650       4.2797026          0.24547818          2306
      4.732     0.650       3.2673666          0.19672516          2050
      5.309     0.650       2.3614958          0.14881363          1702
      5.957     0.650       1.9167346          0.13070573          1460
      6.683     0.650       1.4993555          0.13228683          1231
      7.499     0.650       1.0609188          0.74840755E-01      1066
      8.414     0.650      0.82989127          0.73178784E-01       835
      9.441     0.650      0.60622308          0.55687867E-01       739
      0.106     0.750       190.36932           2.6945895         21985
      0.119     0.750       191.02612           2.7073134         22479
      0.133     0.750       193.71650           2.6786283         23245
      0.150     0.750       187.48046           2.6011100         23281
      0.168     0.750       186.87105           2.6103889         23307
      0.188     0.750       181.66030           2.5498382         23316
      0.211     0.750       175.56658           2.5092696         23048
      0.237     0.750       170.06462           2.4499819         22838
      0.266     0.750       165.32715           2.4393794         22437
      0.299     0.750       153.04798           2.3033435         21527
      0.335     0.750       145.44174           2.2716438         20740
      0.376     0.750       129.00266           2.0719393         19580
      0.422     0.750       123.03540           2.0302926         18647
      0.473     0.750       106.46751           1.8383920         17733
      0.531     0.750       100.59700           1.8062372         16547
      0.596     0.750       89.852883           1.6941312         15532
      0.668     0.750       78.133478           1.5447810         14424
      0.750     0.750       69.543001           1.4499091         13180
      0.841     0.750       56.345489           1.2429515         12030
      0.944     0.750       52.682338           1.2184083         11092
      1.059     0.750       42.914008           1.0988090          9833
      1.189     0.750       38.191069           1.0186840          8904
      1.334     0.750       32.375063          0.92527678          8219
      1.496     0.750       25.084718          0.77550868          6989
      1.679     0.750       21.507543          0.68521085          6433
      1.884     0.750       16.683608          0.58606992          5545
      2.113     0.750       14.339391          0.52669436          4992
      2.371     0.750       11.215267          0.45371333          4312
      2.661     0.750       10.306720          0.46292390          3814
      2.985     0.750       6.4737499          0.30525377          3111
      3.350     0.750       5.8429917          0.33339947          2810
      3.758     0.750       4.1797745          0.22095122          2470
      4.217     0.750       3.2493763          0.19257654          2074
      4.732     0.750       2.4773247          0.15555765          1717
      5.309     0.750       2.1799145          0.14942723          1606
      5.957     0.750       1.6365433          0.12804805          1307
      6.683     0.750       1.1666730          0.95380299E-01      1049
      7.499     0.750       1.0391596          0.86538761E-01       909
      8.414     0.750      0.66874388          0.53829688E-01       823
      9.441     0.750      0.63695888          0.62573181E-01       686
      0.106     0.850       193.54761           2.6425509         22895
      0.119     0.850       183.48334           2.5323667         23166
      0.133     0.850       188.16782           2.5636932         23594
      0.150     0.850       187.89958           2.5657436         23801
      0.168     0.850       180.63499           2.4850306         23496
      0.188     0.850       179.96813           2.4949074         23862
      0.211     0.850       175.58774           2.4518055         23356
      0.237     0.850       170.18820           2.4102478         22872
      0.266     0.850       161.56920           2.3550188         22401
      0.299     0.850       149.49695           2.2456284         21369
      0.335     0.850       138.24437           2.1552443         20089
      0.376     0.850       129.40816           2.0454681         19515
      0.422     0.850       118.72200           1.9845195         18334
      0.473     0.850       107.55997           1.8609785         17234
      0.531     0.850       94.810356           1.7166151         16001
      0.596     0.850       83.471993           1.5894419         14727
      0.668     0.850       72.485181           1.4437610         13818
      0.750     0.850       63.538573           1.3485858         12677
      0.841     0.850       54.503928           1.2490247         11464
      0.944     0.850       48.257433           1.1532593         10492
      1.059     0.850       40.432367           1.0438763          9217
      1.189     0.850       34.012480          0.93775925          8416
      1.334     0.850       28.793485          0.83550490          7644
      1.496     0.850       24.863474          0.77077835          6880
      1.679     0.850       19.273475          0.67693404          5741
      1.884     0.850       16.745073          0.61341730          5174
      2.113     0.850       12.959555          0.51329430          4623
      2.371     0.850       10.923079          0.47383818          4023
      2.661     0.850       7.9757947          0.38924406          3438
      2.985     0.850       6.5737311          0.33159662          2946
      3.350     0.850       4.8495413          0.26339232          2542
      3.758     0.850       3.8508058          0.22198190          2253
      4.217     0.850       3.2261080          0.19042160          1951
      4.732     0.850       2.1641554          0.13901865          1628
      5.309     0.850       1.8128035          0.13283697          1412
      5.957     0.850       1.4240688          0.10640530          1193
      6.683     0.850       1.2006139          0.93586321E-01      1006
      7.499     0.850      0.79426331          0.65112610E-01       857
      8.414     0.850      0.62268508          0.58079735E-01       690
      9.441     0.850      0.43826516          0.40431615E-01       582
      0.106     0.950       185.32791           2.5093212         23144
      0.119     0.950       187.90634           2.5007002         23822
      0.133     0.950       186.12141           2.4877251         24100
      0.150     0.950       185.25999           2.4711862         24141
      0.168     0.950       183.21690           2.4580790         23950
      0.188     0.950       178.41059           2.4507723         23857
      0.211     0.950       172.41899           2.3826121         23448
      0.237     0.950       161.69454           2.2908737         22802
      0.266     0.950       156.86165           2.2683196         22087
      0.299     0.950       144.39950           2.1775447         20876
      0.335     0.950       137.11138           2.1296964         20044
      0.376     0.950       125.07585           1.9753800         19161
      0.422     0.950       115.69331           1.9208783         17722
      0.473     0.950       99.849472           1.7385889         16728
      0.531     0.950       93.371948           1.6892550         15664
      0.596     0.950       80.183435           1.5559061         14354
      0.668     0.950       72.552010           1.4868838         13073
      0.750     0.950       63.013579           1.3397064         12103
      0.841     0.950       51.383324           1.1876382         10717
      0.944     0.950       45.234103           1.1104126          9792
      1.059     0.950       39.780855           1.0377424          8815
      1.189     0.950       31.490994          0.89618832          7836
      1.334     0.950       27.276631          0.82460295          7008
      1.496     0.950       22.065154          0.72502768          6152
      1.679     0.950       17.641864          0.62230567          5596
      1.884     0.950       15.644517          0.59730596          4908
      2.113     0.950       11.638962          0.46475811          4256
      2.371     0.950       8.6927714          0.36087586          3706
      2.661     0.950       8.2209025          0.38588451          3309
      2.985     0.950       6.0639301          0.31855646          2822
      3.350     0.950       4.8117822          0.27627865          2432
      3.758     0.950       3.4907812          0.21797836          2021
      4.217     0.950       2.6879300          0.18506481          1728
      4.732     0.950       2.0872859          0.17778692          1455
      5.309     0.950       1.6251712          0.12794548          1234
      5.957     0.950       1.3289825          0.10571372          1095
      6.683     0.950      0.88932730          0.87263247E-01       854
      7.499     0.950      0.70134083          0.66089445E-01       729
      8.414     0.950      0.63577470          0.61430787E-01       652
      9.441     0.950      0.50886577          0.62039507E-01       538
