 # tables0/fmin10_0401z.sno_nbm   
      0.112    -0.950       1124.0116           8.8961249        109588
      0.141    -0.950       978.17683           7.8734261        111734
      0.178    -0.950       854.09940           6.8884533        111673
      0.224    -0.950       736.38151           6.0489285        109604
      0.282    -0.950       608.08010           5.1452776        104800
      0.355    -0.950       487.97866           4.3550683         97362
      0.447    -0.950       377.81560           3.5076026         89124
      0.562    -0.950       288.40937           2.8492753         79892
      0.708    -0.950       211.45479           2.2439554         70077
      0.891    -0.950       156.66110           1.7981566         60700
      1.122    -0.950       110.19999           1.4053581         52600
      1.413    -0.950       78.694097           1.1082031         44103
      1.778    -0.950       54.223872          0.83993937         36883
      2.239    -0.950       36.330666          0.62116607         30389
      2.818    -0.950       23.817962          0.45674720         24930
      3.548    -0.950       15.626614          0.32304163         20289
      4.467    -0.950       10.247798          0.23510485         16066
      5.623    -0.950       6.8153760          0.16980668         12916
      7.079    -0.950       4.2218998          0.11370322          9824
      8.913    -0.950       2.6009666          0.77856606E-01      7692
      0.112    -0.850       734.90217           6.3486121         98512
      0.141    -0.850       670.56752           5.7825786        102566
      0.178    -0.850       603.39325           5.0879741        104243
      0.224    -0.850       541.89961           4.6578831        103479
      0.282    -0.850       464.14878           4.0681993        100171
      0.355    -0.850       390.77276           3.5376129         94327
      0.447    -0.850       306.70805           2.8636398         86947
      0.562    -0.850       242.81849           2.3481453         78575
      0.708    -0.850       184.44401           1.9176253         70072
      0.891    -0.850       139.88024           1.5703152         60964
      1.122    -0.850       103.24818           1.2790476         52804
      1.413    -0.850       75.814415           1.0098692         45065
      1.778    -0.850       52.984511          0.78348366         37660
      2.239    -0.850       36.116001          0.60209810         31219
      2.818    -0.850       24.881391          0.44771386         25547
      3.548    -0.850       16.126084          0.32574662         20764
      4.467    -0.850       10.620878          0.23012879         16545
      5.623    -0.850       6.8755148          0.16395480         13334
      7.079    -0.850       4.3847405          0.12415838         10264
      8.913    -0.850       2.8226401          0.81967189E-01      7926
      0.112    -0.750       486.44365           3.6259682         91956
      0.141    -0.750       472.45720           3.4517667         96392
      0.178    -0.750       448.17144           3.3262811         98526
      0.224    -0.750       418.81867           3.1319068         99324
      0.282    -0.750       379.03563           2.9114098         96523
      0.355    -0.750       333.98872           2.6797133         92217
      0.447    -0.750       285.62165           2.3836848         85636
      0.562    -0.750       229.15435           2.0575771         77581
      0.708    -0.750       183.41263           1.7838913         69620
      0.891    -0.750       143.77132           1.5234484         61138
      1.122    -0.750       104.39829           1.2104674         53062
      1.413    -0.750       74.178117          0.97219313         44720
      1.778    -0.750       54.380487          0.79319756         38166
      2.239    -0.750       37.721754          0.60667461         31706
      2.818    -0.750       24.830981          0.42738549         25877
      3.548    -0.750       16.684979          0.32244806         21370
      4.467    -0.750       10.946815          0.23843893         17117
      5.623    -0.750       7.1669627          0.17229321         13535
      7.079    -0.750       4.6792049          0.12122175         10909
      8.913    -0.750       3.0505145          0.91425040E-01      8173
      0.112    -0.650       509.05289           4.2948234         86543
      0.141    -0.650       487.83952           4.0037708         91873
      0.178    -0.650       462.81319           3.7569079         94485
      0.224    -0.650       431.55186           3.4737673         96060
      0.282    -0.650       388.32955           3.1909038         93617
      0.355    -0.650       339.40474           2.8374000         89893
      0.447    -0.650       283.73144           2.4463813         84278
      0.562    -0.650       231.75414           2.0908077         77350
      0.708    -0.650       186.97079           1.8127069         69600
      0.891    -0.650       142.55573           1.5204924         61175
      1.122    -0.650       107.54705           1.2705089         52992
      1.413    -0.650       76.353030          0.97861225         45160
      1.778    -0.650       55.820427          0.78890452         38689
      2.239    -0.650       38.595810          0.60293850         32244
      2.818    -0.650       26.079671          0.45838665         26072
      3.548    -0.650       17.659356          0.35175320         21471
      4.467    -0.650       11.210526          0.23792784         17184
      5.623    -0.650       7.3182390          0.16990271         13620
      7.079    -0.650       5.0095454          0.13307007         10687
      8.913    -0.650       3.0802910          0.89502042E-01      8400
      0.112    -0.550       695.76268           7.2140453         82478
      0.141    -0.550       635.20891           6.2284307         87729
      0.178    -0.550       583.16145           5.5655976         91191
      0.224    -0.550       518.16196           4.8671216         91791
      0.282    -0.550       448.57620           4.2193682         90672
      0.355    -0.550       375.19552           3.5603377         87724
      0.447    -0.550       315.58718           3.0461385         82306
      0.562    -0.550       250.49517           2.5468951         75354
      0.708    -0.550       195.92626           2.0197462         68097
      0.891    -0.550       149.92893           1.6557078         60436
      1.122    -0.550       115.13369           1.3325147         53432
      1.413    -0.550       82.481680           1.0416891         45423
      1.778    -0.550       58.355656          0.84109833         38557
      2.239    -0.550       40.564969          0.64745409         32163
      2.818    -0.550       27.674231          0.47879769         26876
      3.548    -0.550       18.777764          0.37262273         21757
      4.467    -0.550       12.027105          0.25533363         17561
      5.623    -0.550       8.3001615          0.19094530         14233
      7.079    -0.550       4.9470742          0.12183856         11007
      8.913    -0.550       3.2676229          0.92234999E-01      8843
      0.112    -0.450       904.78630           9.5644914         78505
      0.141    -0.450       810.84780           8.5596461         82942
      0.178    -0.450       712.44645           7.2432893         86144
      0.224    -0.450       618.72954           6.3075844         87185
      0.282    -0.450       520.49719           5.0786841         86515
      0.355    -0.450       432.95849           4.3660850         83387
      0.447    -0.450       346.79000           3.4942165         78971
      0.562    -0.450       276.29509           2.8994805         73591
      0.708    -0.450       214.52105           2.2642882         67070
      0.891    -0.450       160.77194           1.8497369         59563
      1.122    -0.450       121.49453           1.4542450         52377
      1.413    -0.450       86.120513           1.1250966         44847
      1.778    -0.450       62.992513          0.90307979         38892
      2.239    -0.450       43.835718          0.68105004         32685
      2.818    -0.450       29.444433          0.50849235         26939
      3.548    -0.450       19.273220          0.36311893         22123
      4.467    -0.450       13.337951          0.27997930         17956
      5.623    -0.450       8.3368035          0.18775748         14369
      7.079    -0.450       5.3673047          0.12941609         11362
      8.913    -0.450       3.6361513          0.99158292E-01      8874
      0.112    -0.350       1130.4124           12.149933         72585
      0.141    -0.350       1015.4274           10.903889         76298
      0.178    -0.350       864.48061           9.0509246         79002
      0.224    -0.350       758.37484           7.9084415         80362
      0.282    -0.350       629.06758           6.4089962         80290
      0.355    -0.350       516.81167           5.4210589         77455
      0.447    -0.350       404.40942           4.4616988         73947
      0.562    -0.350       315.10460           3.3937778         69188
      0.708    -0.350       243.53453           2.6649331         63381
      0.891    -0.350       180.54625           2.0812938         56810
      1.122    -0.350       133.88681           1.6651425         50419
      1.413    -0.350       96.572945           1.2716992         44126
      1.778    -0.350       69.623074           1.0127367         37759
      2.239    -0.350       48.910963          0.78370599         31799
      2.818    -0.350       32.399717          0.55793312         26844
      3.548    -0.350       21.913132          0.41018467         22135
      4.467    -0.350       14.073755          0.29332422         17657
      5.623    -0.350       9.1164322          0.20699167         14175
      7.079    -0.350       5.9914464          0.15093756         11367
      8.913    -0.350       3.9937789          0.10501685          9106
      0.112    -0.250       1582.1598           16.694042         65626
      0.141    -0.250       1399.4298           14.847434         68871
      0.178    -0.250       1179.5876           12.422237         70899
      0.224    -0.250       1011.3309           10.701500         71603
      0.282    -0.250       789.39316           8.5017953         70177
      0.355    -0.250       652.52761           7.3445637         68659
      0.447    -0.250       495.22044           5.6318399         65460
      0.562    -0.250       386.65903           4.5449938         61711
      0.708    -0.250       282.87584           3.4620439         56383
      0.891    -0.250       215.11682           2.7540063         51858
      1.122    -0.250       150.98927           2.0238958         46048
      1.413    -0.250       107.33301           1.5178093         40911
      1.778    -0.250       75.796272           1.1800725         35243
      2.239    -0.250       51.639222          0.84426375         30185
      2.818    -0.250       35.847157          0.63719360         25648
      3.548    -0.250       23.859161          0.46576433         21248
      4.467    -0.250       15.712807          0.32666263         17400
      5.623    -0.250       10.531129          0.23824838         14156
      7.079    -0.250       7.0788730          0.18028616         11508
      8.913    -0.250       4.5181593          0.12426882          9111
      0.112    -0.150       2497.8757           28.101136         54516
      0.141    -0.150       2127.8564           24.376186         55480
      0.178    -0.150       1763.2692           20.885167         56289
      0.224    -0.150       1435.1812           17.268072         55647
      0.282    -0.150       1126.1946           14.047603         54729
      0.355    -0.150       874.12593           11.868778         52890
      0.447    -0.150       637.75052           8.6247862         49669
      0.562    -0.150       462.05770           6.4460750         46761
      0.708    -0.150       328.77733           4.7417746         43281
      0.891    -0.150       238.53598           3.7012083         39795
      1.122    -0.150       169.05725           2.7550920         35967
      1.413    -0.150       118.41623           1.9900515         32179
      1.778    -0.150       81.198347           1.4399954         28167
      2.239    -0.150       54.794431           1.0355120         24381
      2.818    -0.150       37.925530          0.73675713         20818
      3.548    -0.150       26.667350          0.58131072         17564
      4.467    -0.150       17.083547          0.39770668         14748
      5.623    -0.150       10.789399          0.26204530         11942
      7.079    -0.150       7.5280579          0.21588431          9777
      8.913    -0.150       5.0716231          0.14542302          7820
      0.112    -0.050       4277.6240           86.573898         26799
      0.141    -0.050       3491.6525           73.713691         26401
      0.178    -0.050       2771.3915           66.627517         25966
      0.224    -0.050       2150.1791           51.872416         25457
      0.282    -0.050       1598.8738           41.036142         23978
      0.355    -0.050       1210.7522           30.797681         23019
      0.447    -0.050       816.58458           23.167943         21326
      0.562    -0.050       562.08741           15.465609         19693
      0.708    -0.050       378.46841           10.628370         18098
      0.891    -0.050       268.55084           10.300617         16088
      1.122    -0.050       186.89902           6.3926871         14820
      1.413    -0.050       127.10285           3.9859591         13229
      1.778    -0.050       85.019875           3.1380111         11562
      2.239    -0.050       61.353999           2.3683275         10212
      2.818    -0.050       41.742352           1.7004505          8732
      3.548    -0.050       28.020111           1.1095332          7602
      4.467    -0.050       19.491477          0.88796645          6495
      5.623    -0.050       12.894585          0.66139671          5466
      7.079    -0.050       8.8408548          0.40172329          4611
      8.913    -0.050       5.2105303          0.26379523          3668
      0.112     0.050       4447.4273           89.418571         26638
      0.141     0.050       3505.4314           74.260366         26010
      0.178     0.050       2862.9975           65.901993         26090
      0.224     0.050       2150.0872           52.158170         25084
      0.282     0.050       1652.7757           42.533449         23947
      0.355     0.050       1141.1999           28.806978         22622
      0.447     0.050       820.21364           26.180894         21116
      0.562     0.050       549.38150           15.576118         19477
      0.708     0.050       371.27858           11.406848         17868
      0.891     0.050       270.25761           9.4656323         16190
      1.122     0.050       182.29320           6.0048483         14628
      1.413     0.050       120.61893           3.8652090         13169
      1.778     0.050       86.183976           3.1705818         11568
      2.239     0.050       60.671795           2.2459207         10140
      2.818     0.050       41.512767           1.5997552          8834
      3.548     0.050       27.087032           1.1486298          7625
      4.467     0.050       19.458089          0.91644952          6472
      5.623     0.050       12.283081          0.57721314          5326
      7.079     0.050       9.0685088          0.44123081          4514
      8.913     0.050       5.2459759          0.26991465          3612
      0.112     0.150       3074.5004           34.379217         55454
      0.141     0.150       2495.0893           29.322011         55898
      0.178     0.150       1990.0318           23.955353         56255
      0.224     0.150       1577.2733           19.766001         55724
      0.282     0.150       1190.6997           15.589931         54314
      0.355     0.150       875.51705           12.159263         52143
      0.447     0.150       621.65092           9.0238906         48869
      0.562     0.150       458.70323           6.7209670         46280
      0.708     0.150       328.36849           5.1347861         42920
      0.891     0.150       232.38995           3.6724921         38696
      1.122     0.150       162.26603           2.6243663         35521
      1.413     0.150       117.93411           2.0244708         31593
      1.778     0.150       81.312426           1.4696927         27745
      2.239     0.150       54.330783           1.0269867         24192
      2.818     0.150       39.943684          0.80331522         20764
      3.548     0.150       26.681334          0.56500582         17403
      4.467     0.150       17.128974          0.38643640         14442
      5.623     0.150       11.413383          0.29554051         11940
      7.079     0.150       7.3822886          0.19369258          9723
      8.913     0.150       4.7580509          0.14286694          7772
      0.112     0.250       2367.2238           23.126831         70621
      0.141     0.250       1958.2096           19.851416         72415
      0.178     0.250       1615.2630           16.799203         73460
      0.224     0.250       1290.1671           13.767977         73863
      0.282     0.250       1022.5240           11.272512         72407
      0.355     0.250       763.63699           8.7950945         69628
      0.447     0.250       574.15776           6.7466521         66848
      0.562     0.250       418.84741           5.2296110         61778
      0.708     0.250       303.72680           3.8765760         56977
      0.891     0.250       213.37214           2.7027929         51560
      1.122     0.250       154.18626           2.0948079         46087
      1.413     0.250       112.03573           1.6384618         40665
      1.778     0.250       75.665407           1.1523663         34864
      2.239     0.250       52.893575          0.89029721         30077
      2.818     0.250       36.116251          0.64551383         25461
      3.548     0.250       23.748617          0.46049733         21065
      4.467     0.250       15.508073          0.32334993         17305
      5.623     0.250       10.483524          0.24129692         14045
      7.079     0.250       6.4877045          0.15898572         11193
      8.913     0.250       4.0784523          0.10262700          9047
      0.112     0.350       2096.2631           18.903890         82672
      0.141     0.350       1763.4700           16.373038         85007
      0.178     0.350       1430.3785           13.611955         86430
      0.224     0.350       1162.1791           11.162318         86380
      0.282     0.350       936.34683           9.3051756         85086
      0.355     0.350       717.45311           7.3825841         81162
      0.447     0.350       547.12357           5.9138727         76560
      0.562     0.350       404.69718           4.4563160         71064
      0.708     0.350       294.34156           3.3020546         64561
      0.891     0.350       212.84233           2.5942990         57588
      1.122     0.350       150.54682           1.9452782         50582
      1.413     0.350       105.40415           1.4586619         43685
      1.778     0.350       72.996451           1.0965276         37387
      2.239     0.350       47.795748          0.77152032         31584
      2.818     0.350       33.576367          0.59557049         26818
      3.548     0.350       21.530872          0.41270787         21827
      4.467     0.350       14.053361          0.30338042         17687
      5.623     0.350       9.3482649          0.20836554         14441
      7.079     0.350       5.7281646          0.14014258         11329
      8.913     0.350       3.7063732          0.10286898          8882
      0.112     0.450       1940.7812           16.412945         92156
      0.141     0.450       1649.8248           14.233927         95539
      0.178     0.450       1360.1963           12.008029         96209
      0.224     0.450       1130.6174           10.157450         96120
      0.282     0.450       909.43748           8.5077614         93742
      0.355     0.450       690.58350           6.7859945         89119
      0.447     0.450       515.61255           5.1864759         83175
      0.562     0.450       394.31155           4.1432695         76611
      0.708     0.450       283.00786           3.0960275         68773
      0.891     0.450       201.12530           2.3249180         60615
      1.122     0.450       147.40283           1.8691431         53005
      1.413     0.450       98.960964           1.3461554         45442
      1.778     0.450       68.664991           1.0217246         38303
      2.239     0.450       45.931925          0.74971518         32363
      2.818     0.450       31.168962          0.56395504         26525
      3.548     0.450       20.996124          0.40115842         22114
      4.467     0.450       13.363106          0.28367947         17866
      5.623     0.450       8.4035429          0.19130727         14401
      7.079     0.450       5.5232161          0.14086702         11284
      8.913     0.450       3.6170753          0.10422017          8915
      0.112     0.550       1864.2075           14.977930        100857
      0.141     0.550       1585.2990           13.048018        102424
      0.178     0.550       1324.6769           11.122585        104249
      0.224     0.550       1082.3702           9.3087215        103544
      0.282     0.550       848.80049           7.4741464         99573
      0.355     0.550       677.58502           6.2989029         93594
      0.447     0.550       511.93067           4.9434308         87093
      0.562     0.550       378.88041           3.8267898         79204
      0.708     0.550       270.10408           2.8952382         70540
      0.891     0.550       196.81507           2.2635388         62327
      1.122     0.550       142.63875           1.7930878         54172
      1.413     0.550       96.426708           1.3217397         46003
      1.778     0.550       66.372946          0.98415126         39564
      2.239     0.550       43.034264          0.69497162         32622
      2.818     0.550       29.309684          0.52728520         26910
      3.548     0.550       18.435504          0.34766476         21970
      4.467     0.550       12.586680          0.26359068         17742
      5.623     0.550       8.4793518          0.20193884         14235
      7.079     0.550       5.2103304          0.13458560         11086
      8.913     0.550       3.4095485          0.95139765E-01      8848
      0.112     0.650       1790.2087           13.741445        106498
      0.141     0.650       1557.1288           12.405077        109026
      0.178     0.650       1280.1621           10.399886        109475
      0.224     0.650       1045.3916           8.6485520        107491
      0.282     0.650       840.13392           7.2756903        103299
      0.355     0.650       657.33499           5.9504715         97294
      0.447     0.650       496.38031           4.7298901         88540
      0.562     0.650       365.79519           3.6426288         80069
      0.708     0.650       265.86945           2.8432882         70871
      0.891     0.650       190.91345           2.2096155         62075
      1.122     0.650       134.57062           1.6707450         53864
      1.413     0.650       93.470407           1.2747429         45966
      1.778     0.650       61.347178          0.93325165         38520
      2.239     0.650       41.086525          0.69408610         31897
      2.818     0.650       27.066127          0.48498983         26232
      3.548     0.650       18.499821          0.37203166         21124
      4.467     0.650       11.431954          0.25080671         17028
      5.623     0.650       7.6321965          0.18496622         13526
      7.079     0.650       4.8994144          0.12854838         10745
      8.913     0.650       3.0446885          0.81767695E-01      8622
      0.112     0.750       1773.6868           13.262732        112434
      0.141     0.750       1505.1243           11.619222        114273
      0.178     0.750       1232.5954           9.7284456        112781
      0.224     0.750       1053.6805           8.5537486        111348
      0.282     0.750       824.84580           7.0050750        105770
      0.355     0.750       641.24193           5.7369785         98377
      0.447     0.750       485.76499           4.6023908         89866
      0.562     0.750       352.92514           3.5693637         80586
      0.708     0.750       257.91558           2.7822627         71269
      0.891     0.750       183.49457           2.0970387         62166
      1.122     0.750       128.95865           1.6435823         52768
      1.413     0.750       87.764946           1.2267233         44880
      1.778     0.750       59.351517          0.92922749         37612
      2.239     0.750       39.599702          0.66554322         31157
      2.818     0.750       26.624000          0.50091066         25286
      3.548     0.750       16.854541          0.33349180         20746
      4.467     0.750       10.838988          0.24824691         16600
      5.623     0.750       6.8838472          0.16090188         13144
      7.079     0.750       4.3157365          0.11236213         10371
      8.913     0.750       2.9106400          0.84638119E-01      8110
      0.112     0.850       1725.9810           12.693620        115224
      0.141     0.850       1504.6343           11.405538        117201
      0.178     0.850       1224.6341           9.5685536        115694
      0.224     0.850       1022.7507           8.2642816        113248
      0.282     0.850       827.00763           6.8825307        107450
      0.355     0.850       620.50410           5.4546144         99602
      0.447     0.850       477.50811           4.4835574         90870
      0.562     0.850       343.35478           3.4184137         81000
      0.708     0.850       251.13390           2.6934760         71471
      0.891     0.850       176.90476           2.0493584         61833
      1.122     0.850       120.75412           1.5710287         52634
      1.413     0.850       83.879364           1.1934051         45004
      1.778     0.850       56.529298          0.87857253         37736
      2.239     0.850       38.816516          0.66750890         31233
      2.818     0.850       25.662290          0.48579257         25753
      3.548     0.850       15.837008          0.33053495         20537
      4.467     0.850       10.580551          0.24324013         16556
      5.623     0.850       7.0583042          0.17255779         13231
      7.079     0.850       4.6617394          0.12899623         10346
      8.913     0.850       2.7833127          0.78276880E-01      8008
      0.112     0.950       1705.3988           12.324539        118839
      0.141     0.950       1458.6239           10.839276        119485
      0.178     0.950       1230.5177           9.4434504        118379
      0.224     0.950       996.50547           7.9272235        114394
      0.282     0.950       791.38935           6.5788033        108410
      0.355     0.950       622.16596           5.4289009        100285
      0.447     0.950       468.11594           4.4080166         91019
      0.562     0.950       336.95592           3.3759106         80912
      0.708     0.950       241.65071           2.6086449         71201
      0.891     0.950       169.54614           2.0058556         61043
      1.122     0.950       121.16047           1.5621420         52754
      1.413     0.950       82.550481           1.1826894         44390
      1.778     0.950       55.359433          0.86668983         36965
      2.239     0.950       36.818788          0.64276894         31039
      2.818     0.950       23.673836          0.45576945         24790
      3.548     0.950       15.494274          0.31427519         20343
      4.467     0.950       10.757815          0.24901233         16528
      5.623     0.950       6.5062121          0.16570584         12823
      7.079     0.950       4.1229847          0.10740180         10032
      8.913     0.950       2.6452511          0.76831343E-01      7813
