 # tables0/fmin20_0401z.sno_nue   
      0.106    -0.950       572.67636           9.7716273         26207
      0.119    -0.950       541.84306           9.1141774         26619
      0.133    -0.950       512.12814           8.8061379         26463
      0.150    -0.950       485.66995           8.3885969         26382
      0.168    -0.950       473.43625           8.1276916         26601
      0.188    -0.950       419.27407           7.2491697         25570
      0.211    -0.950       387.82892           6.8721394         25191
      0.237    -0.950       366.30974           6.3574739         24486
      0.266    -0.950       331.48005           5.9145016         23319
      0.299    -0.950       292.24057           5.4322670         22434
      0.335    -0.950       262.13609           4.9868046         21379
      0.376    -0.950       238.98761           4.6410369         20221
      0.422    -0.950       207.77026           4.0832593         18974
      0.473    -0.950       181.73935           3.6829184         17636
      0.531    -0.950       151.73581           3.2231284         16327
      0.596    -0.950       132.73647           2.9063720         15163
      0.668    -0.950       111.90475           2.5702953         13795
      0.750    -0.950       99.971488           2.3913921         12479
      0.841    -0.950       82.264581           2.0745618         11466
      0.944    -0.950       66.472885           1.7634466         10099
      1.059    -0.950       55.449652           1.6014944          8973
      1.189    -0.950       47.716244           1.3926479          8297
      1.334    -0.950       39.076219           1.2446360          7188
      1.496    -0.950       33.453128           1.1382297          6545
      1.679    -0.950       26.214395          0.97580841          5729
      1.884    -0.950       21.395672          0.79425050          5108
      2.113    -0.950       16.706306          0.72992752          4273
      2.371    -0.950       12.358746          0.55477538          3795
      2.661    -0.950       10.645289          0.51280712          3323
      2.985    -0.950       7.4729198          0.38413089          2856
      3.350    -0.950       6.5671267          0.35201102          2502
      3.758    -0.950       4.7483019          0.29486565          2096
      4.217    -0.950       3.7007837          0.24084714          1828
      4.732    -0.950       3.2241390          0.24278878          1563
      5.309    -0.950       2.2484977          0.17075082          1378
      5.957    -0.950       1.8576681          0.16710551          1134
      6.683    -0.950       1.3705449          0.12578908           919
      7.499    -0.950       1.0199563          0.91212180E-01       783
      8.414    -0.950      0.82490799          0.81860594E-01       676
      9.441    -0.950      0.50461163          0.50746312E-01       539
      0.106    -0.850       353.98200           6.4735100         23964
      0.119    -0.850       359.25540           6.5364230         24574
      0.133    -0.850       336.99750           6.1931147         24569
      0.150    -0.850       325.30559           5.8839651         24791
      0.168    -0.850       306.89987           5.5344760         24776
      0.188    -0.850       290.28924           5.2841145         24521
      0.211    -0.850       279.99727           5.1352787         24265
      0.237    -0.850       253.50110           4.5751184         23515
      0.266    -0.850       237.39535           4.3941501         23228
      0.299    -0.850       220.77518           4.1745325         21892
      0.335    -0.850       203.24702           3.9334978         21116
      0.376    -0.850       188.99547           3.7501095         20429
      0.422    -0.850       162.35740           3.2512557         19003
      0.473    -0.850       140.06864           2.7144500         17924
      0.531    -0.850       127.87100           2.7370789         16618
      0.596    -0.850       114.20664           2.4677694         15345
      0.668    -0.850       99.062914           2.2403525         14108
      0.750    -0.850       85.222922           1.9939195         13081
      0.841    -0.850       72.064069           1.7459966         11870
      0.944    -0.850       63.220452           1.5948660         10890
      1.059    -0.850       51.660299           1.4274778          9748
      1.189    -0.850       43.870589           1.2735674          8747
      1.334    -0.850       35.842238           1.0606805          7920
      1.496    -0.850       30.589890          0.98126942          7011
      1.679    -0.850       25.290049          0.88986812          6297
      1.884    -0.850       18.727486          0.68186722          5405
      2.113    -0.850       16.790759          0.64566031          4839
      2.371    -0.850       12.585441          0.53285128          4046
      2.661    -0.850       10.243375          0.47380436          3577
      2.985    -0.850       8.6779277          0.43752250          3101
      3.350    -0.850       6.4795186          0.34190122          2679
      3.758    -0.850       5.6523798          0.31917477          2387
      4.217    -0.850       4.1486195          0.24491752          2041
      4.732    -0.850       2.8691409          0.19072879          1727
      5.309    -0.850       2.3532474          0.17504776          1432
      5.957    -0.850       1.8468029          0.13903265          1222
      6.683    -0.850       1.3276733          0.10533788          1044
      7.499    -0.850      0.99431726          0.90670078E-01       862
      8.414    -0.850      0.71451119          0.68383014E-01       728
      9.441    -0.850      0.57488296          0.60462428E-01       598
      0.106    -0.750       223.79319           3.4558654         22285
      0.119    -0.750       220.86607           3.3713240         22828
      0.133    -0.750       232.72275           3.4864758         23333
      0.150    -0.750       231.58736           3.5012509         24014
      0.168    -0.750       224.67134           3.3985289         23885
      0.188    -0.750       217.77295           3.3264642         23866
      0.211    -0.750       210.69809           3.1540736         23770
      0.237    -0.750       198.31746           3.0905428         23175
      0.266    -0.750       190.42724           2.9902402         22916
      0.299    -0.750       182.36613           2.8900161         22002
      0.335    -0.750       168.39947           2.7743300         21270
      0.376    -0.750       157.80813           2.6048268         20479
      0.422    -0.750       141.50489           2.4711433         19046
      0.473    -0.750       136.15595           2.4279170         18174
      0.531    -0.750       120.03583           2.2431052         17215
      0.596    -0.750       105.37312           2.0339175         15961
      0.668    -0.750       93.577245           1.8886783         14762
      0.750    -0.750       83.013745           1.7658959         13794
      0.841    -0.750       71.581035           1.6321281         12480
      0.944    -0.750       61.113198           1.4807438         11379
      1.059    -0.750       52.144614           1.3206512         10284
      1.189    -0.750       42.689668           1.1380979          9185
      1.334    -0.750       38.066282           1.1073832          8218
      1.496    -0.750       31.069002          0.96550992          7436
      1.679    -0.750       25.798034          0.84672845          6584
      1.884    -0.750       21.772162          0.76788395          5977
      2.113    -0.750       17.618155          0.65229503          5211
      2.371    -0.750       14.812363          0.62134969          4480
      2.661    -0.750       10.906981          0.49600950          4044
      2.985    -0.750       9.8047191          0.44466648          3512
      3.350    -0.750       7.3170846          0.34263481          3082
      3.758    -0.750       5.9740401          0.30127393          2616
      4.217    -0.750       4.7473034          0.27017593          2231
      4.732    -0.750       3.2680715          0.20736631          1848
      5.309    -0.750       2.7346259          0.18338297          1609
      5.957    -0.750       2.2798854          0.17779331          1396
      6.683    -0.750       1.8452716          0.13993643          1158
      7.499    -0.750       1.3440164          0.11239427          1014
      8.414    -0.750      0.93557532          0.78054508E-01       846
      9.441    -0.750      0.77560900          0.70339846E-01       736
      0.106    -0.650       234.70180           4.1137684         21371
      0.119    -0.650       241.37112           4.1410899         22097
      0.133    -0.650       247.25335           4.2494269         22427
      0.150    -0.650       238.97683           3.9883020         23029
      0.168    -0.650       228.56124           3.8015245         22952
      0.188    -0.650       220.10476           3.6368085         23264
      0.211    -0.650       210.87040           3.5059788         22867
      0.237    -0.650       209.31315           3.4962403         23091
      0.266    -0.650       200.41995           3.3825235         22834
      0.299    -0.650       192.46954           3.2693418         21925
      0.335    -0.650       167.49597           2.8438980         21221
      0.376    -0.650       161.10399           2.7870331         20588
      0.422    -0.650       145.88099           2.6170375         19549
      0.473    -0.650       133.82506           2.4561875         18693
      0.531    -0.650       121.25171           2.2743970         17745
      0.596    -0.650       107.94075           2.0607587         16476
      0.668    -0.650       101.79072           2.0625627         15425
      0.750    -0.650       86.488444           1.8436100         14116
      0.841    -0.650       74.549720           1.6531209         13238
      0.944    -0.650       62.992233           1.4394176         11926
      1.059    -0.650       55.350838           1.3566534         10905
      1.189    -0.650       48.595486           1.2460693         10079
      1.334    -0.650       43.093442           1.1852258          8938
      1.496    -0.650       36.157524           1.0187859          8149
      1.679    -0.650       28.425189          0.88300632          7131
      1.884    -0.650       22.685090          0.76147027          6339
      2.113    -0.650       18.816460          0.68031805          5526
      2.371    -0.650       15.875856          0.60431346          4901
      2.661    -0.650       11.959344          0.48185420          4293
      2.985    -0.650       10.519711          0.45586836          3786
      3.350    -0.650       8.1126527          0.37828762          3227
      3.758    -0.650       5.8678570          0.29729534          2876
      4.217    -0.650       4.7919286          0.24786681          2445
      4.732    -0.650       3.8624125          0.22960747          2096
      5.309    -0.650       3.2063707          0.21447819          1798
      5.957    -0.650       2.2768726          0.15055747          1466
      6.683    -0.650       1.7568597          0.13567943          1365
      7.499    -0.650       1.3926570          0.10498117          1070
      8.414    -0.650       1.2715216          0.11453336           943
      9.441    -0.650      0.98111124          0.84407627E-01       842
      0.106    -0.550       352.20112           7.4270261         20528
      0.119    -0.550       330.76211           6.8955311         20956
      0.133    -0.550       333.51768           7.0770220         21699
      0.150    -0.550       317.35052           6.5945208         22128
      0.168    -0.550       305.11432           6.3394854         22384
      0.188    -0.550       282.10491           5.8593427         22614
      0.211    -0.550       272.37111           5.4125967         22589
      0.237    -0.550       247.66130           4.9995680         22363
      0.266    -0.550       242.11183           4.8539555         22063
      0.299    -0.550       223.67486           4.5508627         21608
      0.335    -0.550       209.17667           4.0199343         21258
      0.376    -0.550       183.02631           3.6142749         20614
      0.422    -0.550       171.88002           3.4907162         19714
      0.473    -0.550       154.73495           3.1273122         18813
      0.531    -0.550       139.68455           2.8347030         17703
      0.596    -0.550       126.04177           2.6986769         16987
      0.668    -0.550       111.02774           2.3939556         15615
      0.750    -0.550       95.472831           2.1041891         14666
      0.841    -0.550       84.336116           1.9431034         13783
      0.944    -0.550       73.343577           1.7031009         12723
      1.059    -0.550       64.066570           1.5217534         11816
      1.189    -0.550       53.466099           1.4340728         10518
      1.334    -0.550       45.693754           1.2078789          9626
      1.496    -0.550       38.125677           1.0946908          8597
      1.679    -0.550       30.607539          0.91736642          7827
      1.884    -0.550       26.282774          0.82849667          6983
      2.113    -0.550       20.969430          0.70292333          6023
      2.371    -0.550       17.553935          0.63377528          5393
      2.661    -0.550       14.214751          0.56084482          4807
      2.985    -0.550       11.632156          0.50422811          4224
      3.350    -0.550       8.9199726          0.42262120          3605
      3.758    -0.550       7.1416433          0.34243893          3224
      4.217    -0.550       5.6461489          0.28516931          2723
      4.732    -0.550       4.4210813          0.23726694          2419
      5.309    -0.550       3.6050004          0.21333677          2100
      5.957    -0.550       2.5909316          0.15676744          1754
      6.683    -0.550       2.0469180          0.13602047          1530
      7.499    -0.550       1.6763950          0.13483581          1241
      8.414    -0.550       1.1788645          0.92801109E-01      1099
      9.441    -0.550       1.0817783          0.94931925E-01       978
      0.106    -0.450       457.84143           10.220291         19433
      0.119    -0.450       431.66066           9.3902879         20089
      0.133    -0.450       425.43537           9.3255609         20860
      0.150    -0.450       409.10029           8.8696371         21028
      0.168    -0.450       395.09324           8.5378845         21353
      0.188    -0.450       351.82221           7.4640034         21519
      0.211    -0.450       338.61538           7.0835882         21652
      0.237    -0.450       308.55456           6.5929579         21673
      0.266    -0.450       285.56039           5.7181049         21597
      0.299    -0.450       257.67248           5.3560800         20967
      0.335    -0.450       235.70903           5.0123969         20466
      0.376    -0.450       221.66846           4.7007636         20494
      0.422    -0.450       198.97562           4.2274119         19471
      0.473    -0.450       178.54423           3.8483531         18800
      0.531    -0.450       160.82196           3.3874799         18073
      0.596    -0.450       142.73845           3.1879594         17259
      0.668    -0.450       123.16698           2.6518540         16248
      0.750    -0.450       105.50282           2.2490409         15214
      0.841    -0.450       90.866097           2.1007557         13958
      0.944    -0.450       83.213400           1.9541761         13209
      1.059    -0.450       68.833213           1.7188931         12036
      1.189    -0.450       61.969790           1.6087432         11028
      1.334    -0.450       49.368922           1.2994808         10105
      1.496    -0.450       40.299129           1.1653920          9176
      1.679    -0.450       37.295769           1.0919974          8407
      1.884    -0.450       29.643972          0.91777187          7552
      2.113    -0.450       23.446688          0.76355210          6579
      2.371    -0.450       20.138553          0.70553018          5951
      2.661    -0.450       16.521545          0.59779872          5462
      2.985    -0.450       13.810362          0.54918748          4754
      3.350    -0.450       11.451463          0.48307574          4145
      3.758    -0.450       8.2343089          0.37411100          3608
      4.217    -0.450       5.9253936          0.26504349          3163
      4.732    -0.450       5.6193388          0.28621035          2797
      5.309    -0.450       4.0519458          0.23405166          2348
      5.957    -0.450       3.0435301          0.17727784          1980
      6.683    -0.450       2.7399187          0.17314349          1773
      7.499    -0.450       1.9257135          0.13804690          1399
      8.414    -0.450       1.3069207          0.89469074E-01      1219
      9.441    -0.450       1.0912239          0.80085766E-01      1047
      0.106    -0.350       613.93951           13.482365         18213
      0.119    -0.350       578.28916           12.482404         18532
      0.133    -0.350       559.20041           12.108354         19255
      0.150    -0.350       496.35388           11.026930         19583
      0.168    -0.350       476.35863           10.582158         19972
      0.188    -0.350       455.89998           9.9467860         19950
      0.211    -0.350       413.18170           8.8105614         20276
      0.237    -0.350       383.87198           8.4381849         20531
      0.266    -0.350       350.75363           7.4553652         20096
      0.299    -0.350       320.03639           6.6844253         20028
      0.335    -0.350       289.35424           6.1121233         19832
      0.376    -0.350       257.52008           5.5307976         19097
      0.422    -0.350       238.30296           5.2955685         18528
      0.473    -0.350       205.98916           4.3834038         18015
      0.531    -0.350       181.66404           4.0896047         17347
      0.596    -0.350       164.47605           3.6361162         16644
      0.668    -0.350       141.58087           3.2297080         15872
      0.750    -0.350       127.23122           3.1574359         14953
      0.841    -0.350       109.05006           2.5862200         14238
      0.944    -0.350       90.069128           2.1333978         13085
      1.059    -0.350       77.453493           1.8734291         12325
      1.189    -0.350       68.567853           1.7420248         11405
      1.334    -0.350       59.070321           1.6775050         10221
      1.496    -0.350       50.086353           1.3644444          9679
      1.679    -0.350       41.560705           1.2698154          8684
      1.884    -0.350       35.023645           1.0468988          8030
      2.113    -0.350       28.808214          0.93253764          7328
      2.371    -0.350       23.670521          0.80919783          6526
      2.661    -0.350       18.752856          0.69874035          5685
      2.985    -0.350       15.424482          0.60847316          5203
      3.350    -0.350       12.633878          0.52285134          4492
      3.758    -0.350       9.9336366          0.41340299          4023
      4.217    -0.350       8.0950771          0.37527940          3600
      4.732    -0.350       6.3692975          0.31697115          3034
      5.309    -0.350       4.8874714          0.28095678          2609
      5.957    -0.350       3.5524740          0.19752085          2262
      6.683    -0.350       3.5671685          0.21115860          2079
      7.499    -0.350       2.2376641          0.13660968          1714
      8.414    -0.350       1.7757305          0.11134749          1417
      9.441    -0.350       1.4525789          0.11719301          1236
      0.106    -0.250       799.71504           17.219524         16189
      0.119    -0.250       806.03886           17.612464         16809
      0.133    -0.250       749.10205           16.533322         17233
      0.150    -0.250       719.80901           15.596214         17679
      0.168    -0.250       653.43354           14.281321         17705
      0.188    -0.250       631.99378           13.861184         18166
      0.211    -0.250       557.05156           12.148780         17946
      0.237    -0.250       496.99919           10.927908         17867
      0.266    -0.250       471.92204           10.735079         17828
      0.299    -0.250       396.97814           8.7840506         17426
      0.335    -0.250       397.44722           8.7791246         17538
      0.376    -0.250       332.44967           7.7295178         17099
      0.422    -0.250       299.79490           6.9503634         16841
      0.473    -0.250       258.93002           5.9345791         16088
      0.531    -0.250       237.35806           5.4943120         15859
      0.596    -0.250       200.40799           4.9000584         15210
      0.668    -0.250       178.98858           4.3521238         14754
      0.750    -0.250       150.56472           3.5574382         14156
      0.841    -0.250       130.46168           3.1482717         13311
      0.944    -0.250       113.81022           2.8678510         12646
      1.059    -0.250       95.964189           2.4943007         11979
      1.189    -0.250       83.403242           2.2528262         11338
      1.334    -0.250       69.114764           1.8771100         10411
      1.496    -0.250       56.815878           1.7478468          9493
      1.679    -0.250       50.490740           1.5865475          8692
      1.884    -0.250       39.595964           1.2504963          7990
      2.113    -0.250       33.315127           1.1013379          7408
      2.371    -0.250       25.332273          0.89473235          6686
      2.661    -0.250       22.792150          0.84165595          6039
      2.985    -0.250       18.008241          0.67825091          5417
      3.350    -0.250       14.028798          0.54781002          4737
      3.758    -0.250       11.544817          0.47907468          4304
      4.217    -0.250       9.3926702          0.43073237          3848
      4.732    -0.250       7.4667965          0.35262000          3390
      5.309    -0.250       5.6013853          0.26154812          2949
      5.957    -0.250       4.1726513          0.22719607          2545
      6.683    -0.250       4.1420717          0.24009250          2272
      7.499    -0.250       2.9251061          0.16193929          1963
      8.414    -0.250       2.4117586          0.14298976          1705
      9.441    -0.250       1.7164453          0.12097228          1424
      0.106    -0.150       1244.5178           28.875131         13189
      0.119    -0.150       1332.3245           31.172189         13745
      0.133    -0.150       1144.0747           26.424383         13857
      0.150    -0.150       1098.9894           26.835673         14013
      0.168    -0.150       999.78020           24.251770         14066
      0.188    -0.150       852.97209           20.201159         13943
      0.211    -0.150       798.99921           19.744146         13973
      0.237    -0.150       721.99341           17.675487         13978
      0.266    -0.150       674.74938           17.513245         13832
      0.299    -0.150       561.32572           13.958297         13655
      0.335    -0.150       512.90531           13.456727         13515
      0.376    -0.150       474.71312           13.240402         13215
      0.422    -0.150       407.11885           11.610998         12971
      0.473    -0.150       337.70552           8.9617864         12475
      0.531    -0.150       289.27426           8.3646181         12216
      0.596    -0.150       248.92639           7.1073632         11850
      0.668    -0.150       208.59470           5.7431492         11473
      0.750    -0.150       181.22730           5.3883241         10944
      0.841    -0.150       160.40492           4.8728765         10500
      0.944    -0.150       128.31438           3.9753142          9851
      1.059    -0.150       109.53616           3.6154254          9472
      1.189    -0.150       91.586445           2.8298884          8895
      1.334    -0.150       78.652032           2.4910032          8416
      1.496    -0.150       64.840831           2.1634891          7833
      1.679    -0.150       56.415415           1.9539072          7340
      1.884    -0.150       42.267452           1.5211681          6946
      2.113    -0.150       36.773611           1.3033368          6334
      2.371    -0.150       29.022850           1.2039488          5601
      2.661    -0.150       24.820583          0.98172830          5360
      2.985    -0.150       19.687622          0.80405670          4851
      3.350    -0.150       16.549098          0.72773964          4446
      3.758    -0.150       13.267878          0.63533192          3916
      4.217    -0.150       10.137720          0.45309803          3648
      4.732    -0.150       10.032066          0.54698211          3250
      5.309    -0.150       7.9891087          0.42711242          3002
      5.957    -0.150       5.3625540          0.26511417          2614
      6.683    -0.150       4.5414247          0.27336589          2241
      7.499    -0.150       3.5992069          0.22040841          1963
      8.414    -0.150       2.9322269          0.19214299          1683
      9.441    -0.150       2.5552159          0.17480748          1507
      0.106    -0.050       2419.7531           109.58530          6484
      0.119    -0.050       2214.9719           95.297116          6714
      0.133    -0.050       1826.3769           75.755892          6608
      0.150    -0.050       1736.2841           81.334236          6419
      0.168    -0.050       1519.0639           68.425028          6614
      0.188    -0.050       1376.4228           60.935929          6260
      0.211    -0.050       1282.0168           61.620930          6305
      0.237    -0.050       1116.2378           66.305948          6222
      0.266    -0.050       959.01244           42.658917          6208
      0.299    -0.050       810.26040           37.998176          6116
      0.335    -0.050       738.68471           41.095698          5813
      0.376    -0.050       653.52607           36.698787          5712
      0.422    -0.050       543.61779           38.863492          5643
      0.473    -0.050       416.65412           21.796240          5315
      0.531    -0.050       403.47845           26.798470          5214
      0.596    -0.050       305.66543           18.031719          4897
      0.668    -0.050       256.09167           15.097201          4718
      0.750    -0.050       220.69761           12.085082          4522
      0.841    -0.050       198.84838           15.326709          4249
      0.944    -0.050       152.21415           8.4467831          4162
      1.059    -0.050       121.50627           8.0999479          3951
      1.189    -0.050       104.00949           5.9564735          3732
      1.334    -0.050       88.010226           7.0237130          3594
      1.496    -0.050       78.216383           4.9660927          3346
      1.679    -0.050       53.516439           3.5136892          3068
      1.884    -0.050       47.978967           3.9382901          2884
      2.113    -0.050       39.933564           2.6645806          2726
      2.371    -0.050       33.117782           2.1941923          2587
      2.661    -0.050       32.565645           2.0854752          2453
      2.985    -0.050       22.753811           2.0271983          2155
      3.350    -0.050       19.149924           1.3619925          1991
      3.758    -0.050       13.705213           1.0404888          1900
      4.217    -0.050       11.580131          0.83353927          1779
      4.732    -0.050       9.1514602          0.67617976          1529
      5.309    -0.050       7.8614472          0.64956213          1371
      5.957    -0.050       7.0664257          0.59446998          1252
      6.683    -0.050       4.8507118          0.45429218          1090
      7.499    -0.050       5.2610147          0.72785301          1038
      8.414    -0.050       3.6417985          0.35987679           895
      9.441    -0.050       2.6054494          0.25671393           788
      0.106     0.050       2287.9743           104.31411          6562
      0.119     0.050       2183.8415           96.299029          6526
      0.133     0.050       1978.4390           84.188318          6478
      0.150     0.050       1771.0408           81.223555          6436
      0.168     0.050       1529.0593           67.849219          6506
      0.188     0.050       1383.2071           60.382817          6402
      0.211     0.050       1366.8657           63.381300          6457
      0.237     0.050       1052.3968           54.689011          6197
      0.266     0.050       965.74720           42.618783          6137
      0.299     0.050       840.41656           47.808840          5833
      0.335     0.050       744.36763           37.930153          5827
      0.376     0.050       605.53149           32.522759          5574
      0.422     0.050       541.84537           37.627374          5428
      0.473     0.050       408.61239           19.917046          5200
      0.531     0.050       396.35196           25.051300          5228
      0.596     0.050       291.81318           16.786002          4964
      0.668     0.050       246.57517           14.838195          4756
      0.750     0.050       224.21209           13.650426          4515
      0.841     0.050       198.06971           15.203828          4321
      0.944     0.050       128.99632           6.5900105          4079
      1.059     0.050       124.17273           7.2933805          3874
      1.189     0.050       93.847510           5.5274405          3545
      1.334     0.050       82.290824           5.5485909          3542
      1.496     0.050       68.505548           4.0982976          3386
      1.679     0.050       60.683787           3.8300339          3171
      1.884     0.050       53.805621           7.1597723          3016
      2.113     0.050       38.948076           2.4964820          2738
      2.371     0.050       31.348501           2.1958764          2466
      2.661     0.050       28.836457           1.8788693          2249
      2.985     0.050       23.331844           2.0456698          2093
      3.350     0.050       18.238145           1.2480020          2032
      3.758     0.050       14.238816           1.0848066          1748
      4.217     0.050       11.687770          0.82451184          1677
      4.732     0.050       9.2295082          0.78401927          1570
      5.309     0.050       8.1882839          0.69557956          1342
      5.957     0.050       6.4521836          0.54275845          1273
      6.683     0.050       5.2908963          0.48226133          1069
      7.499     0.050       5.2659610          0.48069236          1003
      8.414     0.050       3.5446344          0.38062705           894
      9.441     0.050       2.6799048          0.30417320           779
      0.106     0.150       1618.5996           37.745847         13624
      0.119     0.150       1486.2441           34.146566         13911
      0.133     0.150       1403.5648           32.762920         14120
      0.150     0.150       1281.3812           31.782299         14139
      0.168     0.150       1174.9995           28.511957         14133
      0.188     0.150       1058.1532           26.301568         14343
      0.211     0.150       942.56858           24.270552         14224
      0.237     0.150       829.40020           22.205678         14031
      0.266     0.150       732.63967           19.252118         13895
      0.299     0.150       611.04385           16.789442         13448
      0.335     0.150       590.47751           16.607326         13363
      0.376     0.150       489.66574           13.207583         13318
      0.422     0.150       408.86874           11.560070         12852
      0.473     0.150       338.23958           9.8550119         12416
      0.531     0.150       298.18846           9.0294241         11961
      0.596     0.150       243.52695           7.4602139         11616
      0.668     0.150       219.86011           6.6452856         11276
      0.750     0.150       168.11778           5.0796059         10598
      0.841     0.150       154.62161           4.7585888         10358
      0.944     0.150       125.93409           3.8927397          9758
      1.059     0.150       106.87360           3.2556875          9184
      1.189     0.150       87.766219           2.7798973          8813
      1.334     0.150       75.631759           2.6155663          8307
      1.496     0.150       65.971343           2.3453340          7866
      1.679     0.150       53.805114           1.8864621          7374
      1.884     0.150       43.256467           1.5091285          6860
      2.113     0.150       37.673103           1.4089107          6190
      2.371     0.150       29.421136           1.0859722          5692
      2.661     0.150       25.723615           1.0032777          5351
      2.985     0.150       20.214016          0.85586101          4741
      3.350     0.150       17.702113          0.74520172          4438
      3.758     0.150       12.924827          0.58142313          3994
      4.217     0.150       11.246512          0.52130815          3559
      4.732     0.150       9.6281841          0.50240572          3308
      5.309     0.150       7.0443552          0.35386955          2841
      5.957     0.150       5.7981723          0.31629512          2565
      6.683     0.150       4.0453495          0.20212556          2211
      7.499     0.150       3.2670650          0.20755062          1946
      8.414     0.150       2.9882935          0.18233456          1687
      9.441     0.150       2.0971458          0.13402701          1447
      0.106     0.250       1261.3746           25.411148         17502
      0.119     0.250       1179.2273           23.763846         17776
      0.133     0.250       1100.2399           22.107448         18328
      0.150     0.250       1038.1123           21.419124         18472
      0.168     0.250       906.73770           18.748457         18652
      0.188     0.250       831.56576           17.351195         18640
      0.211     0.250       758.25750           16.289945         18686
      0.237     0.250       680.96392           15.103300         18524
      0.266     0.250       594.91501           13.329578         18146
      0.299     0.250       543.41812           12.010489         18372
      0.335     0.250       459.49397           10.574376         17822
      0.376     0.250       401.79168           9.3144444         17370
      0.422     0.250       358.31087           8.5674596         16951
      0.473     0.250       309.84422           7.6588138         16293
      0.531     0.250       259.21443           6.2119054         16068
      0.596     0.250       220.67011           5.6183195         15217
      0.668     0.250       199.86647           5.0339948         14692
      0.750     0.250       164.66661           4.0228497         14174
      0.841     0.250       140.68589           3.6415058         13102
      0.944     0.250       107.53868           2.7276997         12498
      1.059     0.250       104.03797           2.8256640         11870
      1.189     0.250       85.878966           2.3745591         10949
      1.334     0.250       72.630715           2.0624715         10173
      1.496     0.250       59.515889           1.8221146          9618
      1.679     0.250       46.763654           1.4505240          8791
      1.884     0.250       39.204091           1.2487889          7988
      2.113     0.250       32.734789           1.0774936          7300
      2.371     0.250       27.708747          0.92077233          6822
      2.661     0.250       21.621707          0.79409764          5910
      2.985     0.250       17.649594          0.62797231          5430
      3.350     0.250       14.128564          0.55281116          4791
      3.758     0.250       11.274856          0.48097685          4279
      4.217     0.250       9.7089517          0.45502305          3806
      4.732     0.250       7.2708160          0.32330336          3391
      5.309     0.250       5.8728932          0.27814307          2974
      5.957     0.250       4.4110900          0.23376205          2505
      6.683     0.250       3.4838090          0.18804803          2256
      7.499     0.250       2.7117834          0.15749855          1872
      8.414     0.250       2.4164728          0.15051586          1697
      9.441     0.250       1.7815185          0.12063741          1431
      0.106     0.350       1127.1170           21.019868         20279
      0.119     0.350       1028.2699           19.544048         20680
      0.133     0.350       1017.5610           19.228682         21398
      0.150     0.350       917.71807           17.607409         21554
      0.168     0.350       871.66323           16.251363         22087
      0.188     0.350       768.48145           15.027773         21944
      0.211     0.350       698.54721           13.513570         21992
      0.237     0.350       618.17728           12.178785         21864
      0.266     0.350       554.62023           11.184352         21518
      0.299     0.350       476.31631           9.8193716         21199
      0.335     0.350       442.11331           9.3588196         20671
      0.376     0.350       393.88832           8.3685715         20249
      0.422     0.350       343.45777           7.4696795         19620
      0.473     0.350       289.29866           6.2530991         18816
      0.531     0.350       250.70764           5.3899582         18265
      0.596     0.350       215.02573           5.0248912         17032
      0.668     0.350       188.37579           4.2689058         16373
      0.750     0.350       157.28815           3.6670457         15288
      0.841     0.350       130.09162           3.0572409         14489
      0.944     0.350       116.89075           2.8298564         13450
      1.059     0.350       94.139307           2.4018848         12203
      1.189     0.350       78.622281           2.0912639         11569
      1.334     0.350       66.237665           1.8115115         10775
      1.496     0.350       52.918584           1.5285592          9466
      1.679     0.350       43.908265           1.3148587          8862
      1.884     0.350       34.442726           1.0819336          7926
      2.113     0.350       32.966253           1.1494838          7231
      2.371     0.350       24.785444          0.85812316          6533
      2.661     0.350       17.952740          0.65127326          5785
      2.985     0.350       15.327268          0.59844901          5028
      3.350     0.350       11.898237          0.49379777          4341
      3.758     0.350       10.167113          0.46483746          4067
      4.217     0.350       8.3347918          0.37715007          3575
      4.732     0.350       6.3708823          0.30201245          3085
      5.309     0.350       5.1211668          0.26855315          2637
      5.957     0.350       3.5941373          0.20531376          2306
      6.683     0.350       2.7524649          0.16970267          1871
      7.499     0.350       2.3712471          0.16355708          1663
      8.414     0.350       1.7428905          0.11524880          1345
      9.441     0.350       1.1559707          0.76602443E-01      1235
      0.106     0.450       1055.8179           18.322924         22868
      0.119     0.450       956.72436           16.628280         23510
      0.133     0.450       942.53193           16.279781         24159
      0.150     0.450       844.56497           15.060131         23983
      0.168     0.450       827.35268           14.595312         24617
      0.188     0.450       738.27754           13.206281         24624
      0.211     0.450       649.81590           11.782566         24467
      0.237     0.450       582.17473           10.757058         23934
      0.266     0.450       536.25218           10.075084         23775
      0.299     0.450       454.41439           8.6901501         23189
      0.335     0.450       422.07301           8.2112357         22653
      0.376     0.450       374.72155           7.6724560         21861
      0.422     0.450       302.43590           6.0096513         20733
      0.473     0.450       277.66006           5.6453368         20071
      0.531     0.450       238.38476           5.0020556         18999
      0.596     0.450       207.79666           4.4505566         17989
      0.668     0.450       171.56359           3.6901912         16695
      0.750     0.450       152.05920           3.3955709         15843
      0.841     0.450       122.08947           2.8778920         14503
      0.944     0.450       110.49724           2.6836931         13330
      1.059     0.450       87.738956           2.2204216         12448
      1.189     0.450       72.431099           1.9547622         11303
      1.334     0.450       63.349515           1.7699833         10214
      1.496     0.450       51.754787           1.4897900          9320
      1.679     0.450       40.395916           1.2386106          8440
      1.884     0.450       33.662302           1.0795240          7542
      2.113     0.450       26.452969          0.89225594          6716
      2.371     0.450       21.949942          0.82205933          5946
      2.661     0.450       18.098093          0.70572833          5330
      2.985     0.450       13.378559          0.52481336          4702
      3.350     0.450       10.094440          0.44531463          3998
      3.758     0.450       9.2626175          0.44945432          3593
      4.217     0.450       7.2585573          0.37306832          3161
      4.732     0.450       5.5841548          0.30629256          2716
      5.309     0.450       4.1149146          0.23389324          2375
      5.957     0.450       3.4758260          0.22660160          2005
      6.683     0.450       2.7996993          0.18066433          1736
      7.499     0.450       1.8849073          0.12840168          1481
      8.414     0.450       1.5905379          0.12044709          1276
      9.441     0.450       1.1521015          0.97049450E-01       957
      0.106     0.550       1003.5618           16.482288         25015
      0.119     0.550       937.95359           15.811025         25328
      0.133     0.550       865.29899           14.466348         25890
      0.150     0.550       852.37793           14.628358         26069
      0.168     0.550       758.86074           12.764648         26300
      0.188     0.550       710.56663           12.645683         25732
      0.211     0.550       633.21687           11.204595         25746
      0.237     0.550       576.00760           10.217864         25269
      0.266     0.550       500.57368           9.0466085         24763
      0.299     0.550       446.71976           8.3211243         23816
      0.335     0.550       400.20932           7.7121790         23460
      0.376     0.550       361.40173           7.0441407         22301
      0.422     0.550       310.42963           6.1559076         21259
      0.473     0.550       260.74787           5.1704321         20064
      0.531     0.550       223.30286           4.5978453         18945
      0.596     0.550       191.26967           3.9450650         18117
      0.668     0.550       168.57261           3.7489357         16539
      0.750     0.550       142.04003           3.1476404         15579
      0.841     0.550       117.22529           2.7224986         14346
      0.944     0.550       96.018015           2.3654428         12894
      1.059     0.550       85.786544           2.2221437         11975
      1.189     0.550       66.874124           1.8445137         10701
      1.334     0.550       53.974057           1.5303828          9690
      1.496     0.550       46.474087           1.4168004          8763
      1.679     0.550       36.998459           1.1814052          7977
      1.884     0.550       31.033249           1.0549757          6998
      2.113     0.550       22.686383          0.80849793          6168
      2.371     0.550       19.590678          0.73858743          5543
      2.661     0.550       14.381808          0.54915363          4891
      2.985     0.550       13.017581          0.53039266          4441
      3.350     0.550       9.9181625          0.42615411          3702
      3.758     0.550       7.0178189          0.32247056          3216
      4.217     0.550       6.2285503          0.35159279          2834
      4.732     0.550       4.6825013          0.27153589          2338
      5.309     0.550       3.7572473          0.21590509          2171
      5.957     0.550       3.0925733          0.19117451          1798
      6.683     0.550       2.0688323          0.15714391          1423
      7.499     0.550       1.6469391          0.11719472          1306
      8.414     0.550       1.2696020          0.10530494          1122
      9.441     0.550      0.87934607          0.81471687E-01       854
      0.106     0.650       925.85837           14.994948         26212
      0.119     0.650       906.35736           14.506501         26788
      0.133     0.650       856.82743           13.831848         27154
      0.150     0.650       798.65878           12.929230         27408
      0.168     0.650       729.58868           12.088724         27257
      0.188     0.650       663.64631           11.085326         26884
      0.211     0.650       606.16246           10.373831         26534
      0.237     0.650       538.08888           9.4579002         25830
      0.266     0.650       477.30565           8.3813260         25109
      0.299     0.650       440.36239           7.9428258         24542
      0.335     0.650       380.85567           7.0615300         23223
      0.376     0.650       339.54946           6.3752235         22452
      0.422     0.650       292.31731           5.6016034         21219
      0.473     0.650       258.55535           5.1585766         20030
      0.531     0.650       225.66935           4.7041667         18604
      0.596     0.650       185.20430           3.8245339         17436
      0.668     0.650       156.63959           3.3886753         16020
      0.750     0.650       133.62342           2.9679450         14980
      0.841     0.650       110.78270           2.6513201         13523
      0.944     0.650       91.137702           2.2279074         12506
      1.059     0.650       74.267519           1.9864571         11155
      1.189     0.650       65.539464           1.8154546         10252
      1.334     0.650       52.446976           1.5397213          8999
      1.496     0.650       44.375421           1.3667443          8275
      1.679     0.650       33.281072           1.0936912          7080
      1.884     0.650       28.592694           1.0195745          6469
      2.113     0.650       22.574787          0.85332608          5772
      2.371     0.650       18.564380          0.71518808          5104
      2.661     0.650       13.311355          0.58755781          4327
      2.985     0.650       11.209475          0.53519675          3828
      3.350     0.650       8.4644153          0.42638897          3279
      3.758     0.650       5.9938843          0.32434057          2934
      4.217     0.650       5.3097462          0.29956989          2448
      4.732     0.650       3.7891727          0.23125525          2110
      5.309     0.650       3.2455097          0.19638047          1746
      5.957     0.650       2.3163942          0.15833956          1603
      6.683     0.650       1.8558980          0.13172413          1270
      7.499     0.650       1.4856094          0.11428865          1099
      8.414     0.650       1.1185790          0.10674747           936
      9.441     0.650       1.0440681          0.99043542E-01       865
      0.106     0.750       904.83241           14.071381         27211
      0.119     0.750       874.84393           13.578060         27765
      0.133     0.750       836.54121           13.223992         28141
      0.150     0.750       809.85981           13.122590         28118
      0.168     0.750       708.68166           11.590965         28028
      0.188     0.750       646.38567           10.625853         27642
      0.211     0.750       593.26487           9.9601228         26725
      0.237     0.750       525.53761           8.9909174         25906
      0.266     0.750       483.16039           8.3591184         25248
      0.299     0.750       417.17529           7.2496684         24363
      0.335     0.750       375.22334           6.7782718         22965
      0.376     0.750       329.62605           6.1639028         22121
      0.422     0.750       290.19631           5.5589707         20758
      0.473     0.750       236.01205           4.7066990         19286
      0.531     0.750       207.64684           4.3302871         17877
      0.596     0.750       175.23212           3.7286105         16693
      0.668     0.750       150.49358           3.3888299         15561
      0.750     0.750       124.09109           2.8059600         14117
      0.841     0.750       103.62028           2.5481936         12786
      0.944     0.750       87.419840           2.3004772         11682
      1.059     0.750       68.400375           1.8363339         10442
      1.189     0.750       59.289855           1.7278083          9493
      1.334     0.750       46.261987           1.4024969          8324
      1.496     0.750       39.231045           1.3322460          7419
      1.679     0.750       30.510343           1.0830152          6609
      1.884     0.750       23.977590          0.90511120          5833
      2.113     0.750       20.086866          0.77943280          5168
      2.371     0.750       15.875954          0.69642566          4517
      2.661     0.750       12.358061          0.58391549          3849
      2.985     0.750       9.4716577          0.44833934          3369
      3.350     0.750       7.2859180          0.37733477          2873
      3.758     0.750       6.2016545          0.32758112          2493
      4.217     0.750       4.8620406          0.28859550          2295
      4.732     0.750       3.8607907          0.26287609          1837
      5.309     0.750       3.0177621          0.20284309          1612
      5.957     0.750       1.9662126          0.14835777          1331
      6.683     0.750       1.7688483          0.13585223          1206
      7.499     0.750       1.1901770          0.95294113E-01      1007
      8.414     0.750       1.0101964          0.93269346E-01       828
      9.441     0.750      0.63998223          0.65710548E-01       673
      0.106     0.850       901.07238           13.762148         28249
      0.119     0.850       856.35926           13.045902         28330
      0.133     0.850       814.03211           12.671283         28409
      0.150     0.850       789.06192           12.465585         28432
      0.168     0.850       701.80869           11.339889         27844
      0.188     0.850       652.21599           10.807935         27626
      0.211     0.850       557.00867           9.2878992         26815
      0.237     0.850       505.87405           8.5012871         25843
      0.266     0.850       464.88243           7.9782210         25196
      0.299     0.850       408.29198           7.2570245         23906
      0.335     0.850       362.01110           6.5723476         23012
      0.376     0.850       304.27740           5.7479323         21317
      0.422     0.850       274.79786           5.3268894         20180
      0.473     0.850       230.65748           4.6183372         18726
      0.531     0.850       199.93068           4.1033989         17240
      0.596     0.850       168.78966           3.7085743         16108
      0.668     0.850       139.95087           3.1549354         14703
      0.750     0.850       119.12159           2.8472957         13337
      0.841     0.850       100.64921           2.4673682         12201
      0.944     0.850       82.322449           2.1928719         10936
      1.059     0.850       66.404435           1.8531719          9857
      1.189     0.850       54.986797           1.6387786          8737
      1.334     0.850       44.830230           1.3917565          7873
      1.496     0.850       36.835734           1.2176608          6983
      1.679     0.850       29.142354           1.0157854          6197
      1.884     0.850       22.456474          0.87377087          5565
      2.113     0.850       17.284820          0.74319825          4771
      2.371     0.850       13.999657          0.64941730          4032
      2.661     0.850       11.523499          0.53160916          3655
      2.985     0.850       8.2232119          0.39696149          3108
      3.350     0.850       6.9039203          0.37216647          2712
      3.758     0.850       5.4691969          0.32819083          2248
      4.217     0.850       4.1159880          0.24582849          1984
      4.732     0.850       3.1440498          0.22611799          1714
      5.309     0.850       2.5221427          0.18610668          1518
      5.957     0.850       2.0113621          0.17185610          1213
      6.683     0.850       1.3577284          0.11145738          1026
      7.499     0.850       1.1609376          0.10544047           921
      8.414     0.850      0.82043521          0.88387274E-01       756
      9.441     0.850      0.65896181          0.78701211E-01       601
      0.106     0.950       893.10619           13.303862         28483
      0.119     0.950       851.61114           12.898893         28889
      0.133     0.950       783.96544           12.220277         28365
      0.150     0.950       753.80606           11.638997         28747
      0.168     0.950       680.32523           10.879270         28000
      0.188     0.950       625.39129           10.196023         27446
      0.211     0.950       560.67351           9.3369458         26491
      0.237     0.950       500.61711           8.5473623         25396
      0.266     0.950       453.59614           7.8514708         24632
      0.299     0.950       401.74753           7.3045500         23356
      0.335     0.950       349.92494           6.4498167         22107
      0.376     0.950       298.19754           5.6654480         20833
      0.422     0.950       261.40025           5.1527283         19445
      0.473     0.950       222.23541           4.4876089         18051
      0.531     0.950       193.96607           4.1706848         16748
      0.596     0.950       161.04177           3.4489245         15365
      0.668     0.950       135.66384           3.1822813         13839
      0.750     0.950       112.41382           2.6943651         12682
      0.841     0.950       95.836342           2.4631814         11663
      0.944     0.950       79.084376           2.1421333         10276
      1.059     0.950       63.406012           1.8280618          9356
      1.189     0.950       51.696340           1.5712966          8380
      1.334     0.950       40.640392           1.3117982          7224
      1.496     0.950       33.258768           1.1833837          6468
      1.679     0.950       25.953505          0.99736113          5691
      1.884     0.950       20.051279          0.79841595          4998
      2.113     0.950       16.792604          0.68989742          4489
      2.371     0.950       12.962698          0.64669361          3825
      2.661     0.950       9.5855875          0.45185124          3303
      2.985     0.950       8.5765230          0.47061347          2888
      3.350     0.950       6.0938200          0.36688202          2406
      3.758     0.950       5.2550096          0.34877538          2106
      4.217     0.950       3.6272170          0.22507047          1816
      4.732     0.950       2.7170657          0.18556646          1545
      5.309     0.950       1.9943222          0.15677413          1305
      5.957     0.950       1.6940720          0.13470907          1098
      6.683     0.950       1.4217715          0.13222039           932
      7.499     0.950      0.83131925          0.75748401E-01       746
      8.414     0.950      0.82554986          0.97957729E-01       634
      9.441     0.950      0.57070062          0.59859918E-01       547
