 # tables0/fmin10_0401z.sou_num   
      0.112    -0.950       1137.0658           9.0768860        109163
      0.141    -0.950       996.10371           7.9933029        111597
      0.178    -0.950       868.89056           7.0020450        111764
      0.224    -0.950       740.12912           6.0366221        110096
      0.282    -0.950       611.99145           5.1256676        104437
      0.355    -0.950       488.51153           4.2156511         97812
      0.447    -0.950       387.02110           3.4816553         88927
      0.562    -0.950       292.74785           2.8410647         79973
      0.708    -0.950       224.86887           2.3192025         70798
      0.891    -0.950       162.04902           1.8449904         61671
      1.122    -0.950       116.19434           1.4448454         53286
      1.413    -0.950       81.753622           1.1216231         44973
      1.778    -0.950       57.594063          0.85771511         37756
      2.239    -0.950       38.885776          0.64686599         30844
      2.818    -0.950       26.572043          0.49837392         25261
      3.548    -0.950       18.292201          0.36275812         20786
      4.467    -0.950       11.777863          0.26397302         16556
      5.623    -0.950       7.8268080          0.19128904         13189
      7.079    -0.950       5.1979733          0.13835994         10451
      8.913    -0.950       3.5744501          0.10516542          8073
      0.112    -0.850       733.06581           6.3987202         98716
      0.141    -0.850       679.63308           5.8111778        102452
      0.178    -0.850       608.64953           5.1884470        104169
      0.224    -0.850       545.48631           4.6438452        103850
      0.282    -0.850       469.68492           4.0539476         99731
      0.355    -0.850       389.03881           3.4203741         94700
      0.447    -0.850       311.48883           2.8515965         86910
      0.562    -0.850       248.56062           2.3921336         78359
      0.708    -0.850       194.15284           1.9991212         69646
      0.891    -0.850       147.82024           1.6319277         62100
      1.122    -0.850       107.37275           1.2966920         52667
      1.413    -0.850       78.919263           1.0272223         45069
      1.778    -0.850       55.301653          0.79621984         37922
      2.239    -0.850       39.248473          0.63222573         31792
      2.818    -0.850       26.720231          0.47258916         25879
      3.548    -0.850       18.130973          0.35429822         20902
      4.467    -0.850       12.227598          0.26714288         16972
      5.623    -0.850       8.2306071          0.20297707         13446
      7.079    -0.850       5.2922008          0.14135913         10824
      8.913    -0.850       3.4531880          0.10176712          8279
      0.112    -0.750       460.08766           3.4037060         90951
      0.141    -0.750       462.39978           3.3850746         95932
      0.178    -0.750       438.93985           3.2318594         98378
      0.224    -0.750       418.33981           3.1153084         98570
      0.282    -0.750       374.98333           2.8372546         96406
      0.355    -0.750       334.90019           2.6578442         91899
      0.447    -0.750       284.51455           2.3573065         85874
      0.562    -0.750       233.41781           2.0726918         78121
      0.708    -0.750       187.42683           1.7995327         69766
      0.891    -0.750       147.51525           1.5381086         61440
      1.122    -0.750       107.60132           1.2244300         53237
      1.413    -0.750       78.899458          0.99412175         45409
      1.778    -0.750       57.309890          0.81350824         38456
      2.239    -0.750       40.146665          0.62394013         32160
      2.818    -0.750       27.960286          0.48974876         26381
      3.548    -0.750       18.292773          0.35213877         21560
      4.467    -0.750       12.777503          0.27740239         17044
      5.623    -0.750       8.6893553          0.20243990         13953
      7.079    -0.750       5.6209526          0.14830477         10948
      8.913    -0.750       3.8596931          0.11583633          8531
      0.112    -0.650       479.39739           4.0119017         85972
      0.141    -0.650       469.28392           3.8571154         90897
      0.178    -0.650       443.63120           3.5391608         94203
      0.224    -0.650       423.39610           3.3476827         95616
      0.282    -0.650       375.53410           3.0479476         93471
      0.355    -0.650       332.26012           2.7261878         90008
      0.447    -0.650       278.75737           2.3699243         83903
      0.562    -0.650       233.70595           2.1146522         77382
      0.708    -0.650       186.70639           1.8188212         68842
      0.891    -0.650       144.34315           1.4923404         61529
      1.122    -0.650       109.47423           1.2365142         53326
      1.413    -0.650       81.301022           1.0195296         45665
      1.778    -0.650       58.976754          0.81011941         38869
      2.239    -0.650       40.432554          0.60885684         32181
      2.818    -0.650       29.818977          0.51743397         26766
      3.548    -0.650       19.445484          0.36259354         21908
      4.467    -0.650       13.382287          0.28166900         17838
      5.623    -0.650       8.7000000          0.20601208         14122
      7.079    -0.650       6.0035802          0.15680776         10959
      8.913    -0.650       3.7060142          0.10383051          8781
      0.112    -0.550       679.64245           6.9178081         82237
      0.141    -0.550       618.39861           6.1360520         86667
      0.178    -0.550       571.49571           5.4446606         90285
      0.224    -0.550       503.38837           4.7852652         91432
      0.282    -0.550       441.41350           4.1637678         90159
      0.355    -0.550       374.78669           3.4907960         86401
      0.447    -0.550       308.26869           2.8928533         82003
      0.562    -0.550       247.92392           2.3463214         75456
      0.708    -0.550       198.63034           1.9971936         68553
      0.891    -0.550       154.60692           1.6732926         60855
      1.122    -0.550       116.58092           1.3445896         53215
      1.413    -0.550       86.358784           1.0855283         46028
      1.778    -0.550       60.247983          0.83195570         38780
      2.239    -0.550       42.529512          0.65526338         32529
      2.818    -0.550       29.330833          0.49706223         27114
      3.548    -0.550       20.792954          0.39744599         21907
      4.467    -0.550       13.885178          0.28299316         17938
      5.623    -0.550       9.5115514          0.21339244         14364
      7.079    -0.550       5.9895221          0.15063689         11166
      8.913    -0.550       3.9806145          0.11013821          9052
      0.112    -0.450       874.63957           9.1485796         77879
      0.141    -0.450       793.51701           8.1931420         82773
      0.178    -0.450       689.72396           6.8913312         85276
      0.224    -0.450       610.65422           6.1027326         86526
      0.282    -0.450       514.30215           4.9899910         85721
      0.355    -0.450       427.64709           4.1934450         83818
      0.447    -0.450       347.41203           3.4168609         79034
      0.562    -0.450       281.07248           2.8020306         73662
      0.708    -0.450       220.59033           2.2898342         66888
      0.891    -0.450       163.28558           1.7983425         59564
      1.122    -0.450       121.61235           1.4365136         52476
      1.413    -0.450       88.674754           1.1295867         45614
      1.778    -0.450       65.776423          0.92253578         38959
      2.239    -0.450       45.171170          0.69519431         32938
      2.818    -0.450       31.254862          0.51354076         27440
      3.548    -0.450       22.127526          0.41592471         22518
      4.467    -0.450       14.375263          0.29993312         18373
      5.623    -0.450       9.5213145          0.20843850         14792
      7.079    -0.450       6.2531065          0.15509611         11686
      8.913    -0.450       4.2054675          0.11400556          9214
      0.112    -0.350       1167.8146           12.126569         72710
      0.141    -0.350       995.73147           10.277531         76641
      0.178    -0.350       869.90393           8.9765974         79012
      0.224    -0.350       753.95971           7.6266430         80964
      0.282    -0.350       628.91232           6.3715013         80368
      0.355    -0.350       513.69561           5.1907216         78191
      0.447    -0.350       413.21129           4.1787858         74508
      0.562    -0.350       325.62753           3.4501813         69192
      0.708    -0.350       244.93445           2.6461521         63661
      0.891    -0.350       185.46650           2.1587955         57111
      1.122    -0.350       135.53373           1.6352938         50821
      1.413    -0.350       99.016712           1.3080656         44263
      1.778    -0.350       69.858553          0.99961517         38226
      2.239    -0.350       48.354236          0.74923086         32046
      2.818    -0.350       33.690308          0.58368201         27326
      3.548    -0.350       23.368838          0.43990282         22656
      4.467    -0.350       15.703215          0.32972413         18566
      5.623    -0.350       10.595606          0.24667628         14955
      7.079    -0.350       6.8624751          0.16669395         11967
      8.913    -0.350       4.7759649          0.13624486          9585
      0.112    -0.250       1653.3514           17.052140         66115
      0.141    -0.250       1403.6092           14.722887         68442
      0.178    -0.250       1202.3771           12.588589         71000
      0.224    -0.250       993.39542           10.355963         71263
      0.282    -0.250       830.21399           8.7887873         70390
      0.355    -0.250       643.61376           7.0011285         68767
      0.447    -0.250       492.30685           5.3482440         65602
      0.562    -0.250       376.70392           4.3042069         61621
      0.708    -0.250       291.42826           3.4125419         56954
      0.891    -0.250       210.46022           2.5629081         51796
      1.122    -0.250       153.89553           2.0315072         46613
      1.413    -0.250       108.68115           1.5506135         40779
      1.778    -0.250       73.768513           1.1171193         35395
      2.239    -0.250       53.242586          0.88672241         30614
      2.818    -0.250       35.858052          0.62092725         26140
      3.548    -0.250       24.494088          0.47386248         21386
      4.467    -0.250       16.678855          0.33617928         17737
      5.623    -0.250       10.909047          0.24833298         14661
      7.079    -0.250       7.3674664          0.18707553         11585
      8.913    -0.250       4.8248524          0.13568685          9308
      0.112    -0.150       2591.7864           28.789374         54610
      0.141    -0.150       2178.0598           24.444355         56164
      0.178    -0.150       1799.2762           20.616949         56371
      0.224    -0.150       1456.8233           17.500876         55968
      0.282    -0.150       1138.3316           14.113359         55002
      0.355    -0.150       865.98410           11.067848         52753
      0.447    -0.150       624.07259           8.4170458         49986
      0.562    -0.150       466.60178           6.3817884         46501
      0.708    -0.150       330.08399           4.5945714         43449
      0.891    -0.150       239.44849           3.5694255         40011
      1.122    -0.150       167.05319           2.5621777         35945
      1.413    -0.150       116.52886           1.8567684         32248
      1.778    -0.150       82.541910           1.3909065         28456
      2.239    -0.150       55.764630           1.0032440         24663
      2.818    -0.150       40.891495          0.79026510         21214
      3.548    -0.150       26.359291          0.55891973         17832
      4.467    -0.150       17.831263          0.41078981         15103
      5.623    -0.150       11.972420          0.28677977         12492
      7.079    -0.150       8.7252364          0.24537144         10162
      8.913    -0.150       5.2132136          0.14956268          8146
      0.112    -0.050       4320.7791           84.937591         27468
      0.141    -0.050       3568.0974           77.774127         26805
      0.178    -0.050       2808.8899           63.266609         26622
      0.224    -0.050       2213.8776           54.731790         26066
      0.282    -0.050       1587.2096           36.282535         24423
      0.355    -0.050       1147.4022           27.740345         23300
      0.447    -0.050       851.79597           24.233280         21694
      0.562    -0.050       542.85216           14.130236         19995
      0.708    -0.050       400.18948           11.645853         18183
      0.891    -0.050       268.75264           7.3848479         16634
      1.122    -0.050       182.92190           5.2271243         14912
      1.413    -0.050       129.86755           4.4370785         13449
      1.778    -0.050       84.175050           2.5920768         11736
      2.239    -0.050       60.445128           2.0856737         10429
      2.818    -0.050       41.485704           1.9071888          8899
      3.548    -0.050       27.528816           1.0293341          7760
      4.467    -0.050       17.389495          0.64700242          6603
      5.623    -0.050       12.274113          0.56423463          5416
      7.079    -0.050       8.6913539          0.45625775          4608
      8.913    -0.050       6.3456653          0.34078083          3733
      0.112     0.050       4507.5921           91.639056         27390
      0.141     0.050       3682.8271           77.635454         27062
      0.178     0.050       2762.9502           62.617740         26215
      0.224     0.050       2225.7836           55.605981         25778
      0.282     0.050       1647.5388           36.771626         24403
      0.355     0.050       1111.3546           27.110830         22984
      0.447     0.050       801.38968           22.506536         21404
      0.562     0.050       555.85453           14.815251         19842
      0.708     0.050       373.34996           10.343456         18032
      0.891     0.050       268.66175           7.4546497         16312
      1.122     0.050       179.38541           5.4204156         14862
      1.413     0.050       132.12464           4.5757954         13276
      1.778     0.050       82.274368           2.5898212         11576
      2.239     0.050       57.293482           2.0135574         10256
      2.818     0.050       41.200806           1.7859876          8876
      3.548     0.050       27.151670           1.0169152          7651
      4.467     0.050       18.204422           1.0811725          6277
      5.623     0.050       13.149002          0.60524612          5466
      7.079     0.050       8.9825409          0.47007641          4577
      8.913     0.050       5.8207295          0.31478064          3627
      0.112     0.150       3099.0361           34.077038         56277
      0.141     0.150       2466.4278           27.983394         56742
      0.178     0.150       1960.7300           23.349606         57004
      0.224     0.150       1574.2736           19.300706         56400
      0.282     0.150       1197.8550           15.310124         54840
      0.355     0.150       891.45317           11.668718         52546
      0.447     0.150       639.29500           8.5973079         50140
      0.562     0.150       463.83677           6.4838822         46790
      0.708     0.150       329.01683           4.7654126         43050
      0.891     0.150       230.25951           3.4384747         39642
      1.122     0.150       163.27826           2.5743853         35489
      1.413     0.150       118.45395           1.9930106         31662
      1.778     0.150       81.217211           1.3805231         28150
      2.239     0.150       58.065037           1.1181070         23945
      2.818     0.150       37.956028          0.75691506         20810
      3.548     0.150       25.801912          0.53510870         17645
      4.467     0.150       17.989234          0.41177033         14813
      5.623     0.150       12.246719          0.29909277         12276
      7.079     0.150       8.2678607          0.22092355         10030
      8.913     0.150       5.1765701          0.14363050          7966
      0.112     0.250       2399.7354           23.263063         71093
      0.141     0.250       1954.5301           19.656487         72331
      0.178     0.250       1596.7977           16.267327         73655
      0.224     0.250       1290.4098           13.462620         73943
      0.282     0.250       1002.2995           10.658945         72871
      0.355     0.250       760.55553           8.4348512         70019
      0.447     0.250       558.31322           6.2929324         66366
      0.562     0.250       415.26953           4.8396086         62079
      0.708     0.250       301.80577           3.6584996         56915
      0.891     0.250       220.02321           2.7867865         51390
      1.122     0.250       154.52169           2.0821981         45402
      1.413     0.250       110.18251           1.6144646         40430
      1.778     0.250       76.130368           1.1455816         35312
      2.239     0.250       53.394301          0.88390509         29804
      2.818     0.250       37.849238          0.66207590         25453
      3.548     0.250       24.453234          0.45796161         21020
      4.467     0.250       16.165300          0.33385304         16932
      5.623     0.250       10.755218          0.24349055         14020
      7.079     0.250       7.4336558          0.19108931         11520
      8.913     0.250       4.7856036          0.13185639          8791
      0.112     0.350       2109.2223           18.705001         82511
      0.141     0.350       1731.2446           15.884783         84567
      0.178     0.350       1433.6411           13.284696         86796
      0.224     0.350       1183.8377           11.154579         86997
      0.282     0.350       931.67005           9.0297632         85052
      0.355     0.350       709.60374           7.0281014         81760
      0.447     0.350       536.66511           5.5628733         77162
      0.562     0.350       400.01186           4.2069754         71358
      0.708     0.350       292.87540           3.2393831         64941
      0.891     0.350       209.80463           2.5044409         57875
      1.122     0.350       151.51922           1.9226857         51446
      1.413     0.350       107.43493           1.4871808         44517
      1.778     0.350       73.021748           1.0784941         38580
      2.239     0.350       50.041755          0.78191778         32566
      2.818     0.350       33.968896          0.59297222         27168
      3.548     0.350       22.989087          0.42512197         22410
      4.467     0.350       15.250958          0.31078506         18316
      5.623     0.350       10.147239          0.22418637         14794
      7.079     0.350       6.7849798          0.17795162         11870
      8.913     0.350       4.7383209          0.12791561          9582
      0.112     0.450       1994.2756           16.815196         92118
      0.141     0.450       1613.7851           13.950697         94569
      0.178     0.450       1348.2502           11.793294         96451
      0.224     0.450       1121.1465           10.013664         96200
      0.282     0.450       863.87940           7.8509301         93418
      0.355     0.450       687.52887           6.5249129         89829
      0.447     0.450       508.26777           4.9160206         83336
      0.562     0.450       378.56195           3.8186954         76131
      0.708     0.450       281.79384           2.9692470         69312
      0.891     0.450       205.69044           2.3148520         61158
      1.122     0.450       144.43571           1.7657688         53655
      1.413     0.450       104.74569           1.3963304         46170
      1.778     0.450       71.127194           1.0371152         39226
      2.239     0.450       47.938246          0.79240707         32891
      2.818     0.450       32.023111          0.54880677         27215
      3.548     0.450       21.577493          0.41050495         22798
      4.467     0.450       14.983876          0.32021173         18095
      5.623     0.450       9.5581364          0.21677996         14854
      7.079     0.450       6.5261833          0.16685350         11683
      8.913     0.450       4.1572541          0.10904520          9307
      0.112     0.550       1860.9503           14.897559         99950
      0.141     0.550       1566.5355           12.861319        102430
      0.178     0.550       1304.8302           10.879945        103438
      0.224     0.550       1072.1748           9.1388624        102879
      0.282     0.550       857.41686           7.4949116         99317
      0.355     0.550       661.08475           5.9276990         94650
      0.447     0.550       503.22850           4.6840359         86728
      0.562     0.550       375.29407           3.7306095         78906
      0.708     0.550       275.47234           2.8943701         70530
      0.891     0.550       197.08123           2.2033490         62424
      1.122     0.550       142.21144           1.7498042         54100
      1.413     0.550       96.771551           1.2955231         46032
      1.778     0.550       66.973724          0.96883508         39041
      2.239     0.550       44.214409          0.71776450         32517
      2.818     0.550       30.896588          0.53487025         27229
      3.548     0.550       20.430075          0.39859438         22005
      4.467     0.550       14.586272          0.31891774         17865
      5.623     0.550       8.9185806          0.22607752         14185
      7.079     0.550       6.0224453          0.15326526         11444
      8.913     0.550       3.8793411          0.10515059          9030
      0.112     0.650       1849.1896           14.313351        106301
      0.141     0.650       1479.4511           11.755073        108265
      0.178     0.650       1252.5280           10.125756        109069
      0.224     0.650       1045.8655           8.6201720        107093
      0.282     0.650       823.77903           7.0492977        103132
      0.355     0.650       639.12897           5.5817881         96671
      0.447     0.650       487.00967           4.4344686         89358
      0.562     0.650       367.01301           3.5345317         80347
      0.708     0.650       270.80902           2.7692106         71800
      0.891     0.650       195.59808           2.1929164         62799
      1.122     0.650       134.89950           1.6513530         54594
      1.413     0.650       93.565918           1.2383663         46183
      1.778     0.650       65.206082          0.97883309         38773
      2.239     0.650       44.322873          0.71276778         32428
      2.818     0.650       30.356602          0.54022214         26977
      3.548     0.650       21.147862          0.41354048         22121
      4.467     0.650       13.144704          0.27813134         17597
      5.623     0.650       8.7543406          0.20720716         14260
      7.079     0.650       5.8520200          0.14761319         11165
      8.913     0.650       3.7388934          0.10994235          8709
      0.112     0.750       1772.2605           13.457397        111753
      0.141     0.750       1488.2679           11.501513        112525
      0.178     0.750       1231.3323           9.6838005        112860
      0.224     0.750       1031.2113           8.4142105        110721
      0.282     0.750       823.19401           6.9292566        104889
      0.355     0.750       628.76468           5.4584479         98543
      0.447     0.750       479.44336           4.3498311         90609
      0.562     0.750       354.44447           3.4217719         80675
      0.708     0.750       264.80291           2.7793273         71561
      0.891     0.750       183.73706           2.0948304         62442
      1.122     0.750       132.83456           1.6560393         53492
      1.413     0.750       93.962826           1.2941432         45176
      1.778     0.750       64.599746          0.97277545         38632
      2.239     0.750       41.992910          0.68948317         31849
      2.818     0.750       28.791811          0.51863478         26309
      3.548     0.750       18.794018          0.36922073         21225
      4.467     0.750       12.767552          0.28308449         16943
      5.623     0.750       8.3687130          0.20711177         13595
      7.079     0.750       5.8147228          0.15760125         10860
      8.913     0.750       3.4364946          0.98037360E-01      8381
      0.112     0.850       1734.7559           12.861817        115028
      0.141     0.850       1472.8229           11.308124        115965
      0.178     0.850       1210.9319           9.3866206        115022
      0.224     0.850       996.93581           7.9181506        112368
      0.282     0.850       816.72446           6.6949095        106922
      0.355     0.850       614.62563           5.2484591         99859
      0.447     0.850       471.85472           4.2654590         90676
      0.562     0.850       348.98644           3.3880998         81277
      0.708     0.850       255.84095           2.6610174         71477
      0.891     0.850       178.78991           2.0622521         62600
      1.122     0.850       127.14887           1.5847638         53441
      1.413     0.850       90.120000           1.2317468         45826
      1.778     0.850       61.890645          0.93061003         38456
      2.239     0.850       40.728133          0.69028199         31620
      2.818     0.850       27.992313          0.51653430         26024
      3.548     0.850       19.328280          0.38666290         21445
      4.467     0.850       12.199793          0.27666089         17081
      5.623     0.850       8.4092169          0.21070167         13626
      7.079     0.850       5.6231317          0.14684816         11050
      8.913     0.850       3.4877965          0.10139827          8340
      0.112     0.950       1725.3537           12.630268        117977
      0.141     0.950       1458.3685           10.991222        118448
      0.178     0.950       1191.9582           9.1504737        117183
      0.224     0.950       1012.3096           7.9854857        114311
      0.282     0.950       795.21589           6.5379869        107653
      0.355     0.950       610.68455           5.2260258         98970
      0.447     0.950       461.73521           4.1839278         90310
      0.562     0.950       337.66080           3.3041364         80211
      0.708     0.950       244.97686           2.5610432         70846
      0.891     0.950       181.37195           2.0692290         61462
      1.122     0.950       127.55463           1.6072956         52844
      1.413     0.950       87.666555           1.2030127         44282
      1.778     0.950       60.801689          0.93062625         37297
      2.239     0.950       39.164773          0.65907768         30544
      2.818     0.950       26.460036          0.48103911         25564
      3.548     0.950       17.680082          0.35356027         20333
      4.467     0.950       11.893443          0.26126143         16640
      5.623     0.950       8.1332583          0.20412148         13103
      7.079     0.950       5.2703552          0.14367070         10239
      8.913     0.950       3.7484969          0.11301305          8044
