 # tables0/fmin20_0401z.sou_nbe   
      0.106    -0.950       449.36759           7.3109878         25485
      0.119    -0.950       451.41589           7.2835753         25922
      0.133    -0.950       424.79326           6.8580035         26129
      0.150    -0.950       411.17546           6.6563598         25987
      0.168    -0.950       380.75804           6.1455053         25863
      0.188    -0.950       358.36030           5.9427961         25713
      0.211    -0.950       314.96871           5.2716644         24676
      0.237    -0.950       293.45387           5.0353400         23784
      0.266    -0.950       270.13528           4.6416795         22970
      0.299    -0.950       238.19593           4.2079741         21984
      0.335    -0.950       212.04157           3.8616699         20882
      0.376    -0.950       186.43798           3.4509366         19341
      0.422    -0.950       164.35381           3.2648865         18365
      0.473    -0.950       144.19309           2.9072180         16879
      0.531    -0.950       122.73323           2.5716865         15602
      0.596    -0.950       109.05592           2.4781566         14526
      0.668    -0.950       91.227723           2.1717567         13211
      0.750    -0.950       76.967668           1.9122441         11992
      0.841    -0.950       65.007768           1.7593206         10782
      0.944    -0.950       54.648142           1.5015520          9737
      1.059    -0.950       43.199309           1.2772373          8834
      1.189    -0.950       36.210796           1.0980131          7803
      1.334    -0.950       29.887713           1.0088795          7023
      1.496    -0.950       24.367097          0.86860747          6106
      1.679    -0.950       18.199251          0.68734901          5491
      1.884    -0.950       14.774947          0.57122219          4781
      2.113    -0.950       13.291942          0.58404139          4242
      2.371    -0.950       9.8001319          0.44249357          3727
      2.661    -0.950       7.6112935          0.36005290          3228
      2.985    -0.950       6.0177055          0.32636100          2712
      3.350    -0.950       5.1192196          0.30398945          2352
      3.758    -0.950       3.9776435          0.26931360          1984
      4.217    -0.950       2.7692896          0.17980174          1711
      4.732    -0.950       2.1774723          0.13617788          1452
      5.309    -0.950       1.5214654          0.11930908          1241
      5.957    -0.950       1.2960774          0.11641377          1051
      6.683    -0.950      0.92978992          0.75182121E-01       868
      7.499    -0.950      0.71719559          0.74442493E-01       729
      8.414    -0.950      0.58435185          0.62212667E-01       606
      9.441    -0.950      0.38331683          0.36859081E-01       494
      0.106    -0.850       318.72731           5.4977256         23839
      0.119    -0.850       306.18880           5.2413584         24112
      0.133    -0.850       302.11521           5.1824212         24558
      0.150    -0.850       285.22109           4.9486263         24604
      0.168    -0.850       274.48999           4.7509625         24413
      0.188    -0.850       259.65280           4.5544889         24174
      0.211    -0.850       244.74838           4.1429161         24090
      0.237    -0.850       232.23537           4.1560883         23166
      0.266    -0.850       208.27737           3.7392078         22623
      0.299    -0.850       190.08102           3.4275170         21663
      0.335    -0.850       175.69754           3.1822906         20814
      0.376    -0.850       151.96395           2.8518112         19832
      0.422    -0.850       142.66428           2.7836575         18802
      0.473    -0.850       116.67608           2.3364304         17382
      0.531    -0.850       108.85913           2.2771987         16186
      0.596    -0.850       94.778804           2.0676991         14850
      0.668    -0.850       81.408881           1.8358207         13772
      0.750    -0.850       73.762395           1.6629786         12661
      0.841    -0.850       60.153543           1.5190125         11377
      0.944    -0.850       51.425322           1.3324696         10404
      1.059    -0.850       44.197976           1.1816870          9490
      1.189    -0.850       34.193482          0.99453174          8529
      1.334    -0.850       29.425892          0.88294118          7597
      1.496    -0.850       24.449764          0.82621061          6658
      1.679    -0.850       20.621877          0.68404950          6021
      1.884    -0.850       16.281352          0.61425068          5204
      2.113    -0.850       12.400963          0.51356007          4540
      2.371    -0.850       10.427158          0.46807402          4039
      2.661    -0.850       7.9453465          0.37619386          3420
      2.985    -0.850       6.9492767          0.34053170          3086
      3.350    -0.850       5.1683115          0.27534139          2590
      3.758    -0.850       4.0403496          0.23380946          2241
      4.217    -0.850       3.2194865          0.21471832          1926
      4.732    -0.850       2.5195792          0.16761398          1682
      5.309    -0.850       1.8399312          0.14269070          1365
      5.957    -0.850       1.5018752          0.11661715          1197
      6.683    -0.850       1.0533585          0.85974425E-01      1024
      7.499    -0.850      0.85824637          0.69989489E-01       884
      8.414    -0.850      0.68758258          0.81159221E-01       685
      9.441    -0.850      0.42976373          0.40066658E-01       586
      0.106    -0.750       207.13616           3.1661317         22299
      0.119    -0.750       213.16372           3.2390211         22796
      0.133    -0.750       209.65381           3.1106269         23415
      0.150    -0.750       208.61087           3.0971400         23536
      0.168    -0.750       209.43132           3.1529720         23732
      0.188    -0.750       201.15548           3.0559224         23601
      0.211    -0.750       195.50927           2.9714958         23153
      0.237    -0.750       183.29859           2.8483376         22904
      0.266    -0.750       177.25276           2.8005750         22291
      0.299    -0.750       161.25210           2.5627532         21750
      0.335    -0.750       147.85589           2.4091200         20872
      0.376    -0.750       138.36924           2.3348438         19913
      0.422    -0.750       128.73464           2.2398349         19033
      0.473    -0.750       112.32162           2.0402536         17824
      0.531    -0.750       101.96620           1.9254029         16601
      0.596    -0.750       92.710592           1.7845453         15664
      0.668    -0.750       78.834820           1.6454109         14159
      0.750    -0.750       71.478300           1.5475423         13341
      0.841    -0.750       61.267569           1.3796978         12071
      0.944    -0.750       51.585112           1.2385185         10982
      1.059    -0.750       43.479165           1.0890698          9948
      1.189    -0.750       36.874730           1.0129636          9145
      1.334    -0.750       32.248146          0.90516466          8229
      1.496    -0.750       25.898905          0.82213995          7174
      1.679    -0.750       21.835961          0.71789047          6326
      1.884    -0.750       16.595366          0.57817312          5757
      2.113    -0.750       13.599519          0.51389882          4925
      2.371    -0.750       10.855851          0.44227414          4422
      2.661    -0.750       9.2234154          0.39658026          3789
      2.985    -0.750       6.7374518          0.33421003          3184
      3.350    -0.750       5.6561941          0.27642395          2880
      3.758    -0.750       4.4656956          0.23900421          2536
      4.217    -0.750       4.1642088          0.25867120          2143
      4.732    -0.750       2.7388692          0.17087413          1902
      5.309    -0.750       2.3357491          0.16456638          1650
      5.957    -0.750       1.5326309          0.10925611          1329
      6.683    -0.750       1.3336467          0.10472470          1110
      7.499    -0.750      0.91204453          0.76975977E-01       900
      8.414    -0.750      0.67168447          0.74435142E-01       766
      9.441    -0.750      0.54508335          0.58241695E-01       658
      0.106    -0.650       220.73281           3.7214721         21208
      0.119    -0.650       220.59930           3.7420642         22000
      0.133    -0.650       216.00726           3.4736923         22564
      0.150    -0.650       208.03166           3.3767040         22712
      0.168    -0.650       212.80779           3.4957891         22758
      0.188    -0.650       207.62660           3.3435011         22965
      0.211    -0.650       193.88266           3.1123146         22879
      0.237    -0.650       184.28567           2.9902753         22529
      0.266    -0.650       180.30502           2.8938158         22325
      0.299    -0.650       163.57721           2.7624987         21273
      0.335    -0.650       154.80663           2.6166378         20810
      0.376    -0.650       142.48773           2.4469605         20200
      0.422    -0.650       131.62788           2.3020296         19296
      0.473    -0.650       119.66300           2.1524254         18257
      0.531    -0.650       105.38980           1.9712078         17085
      0.596    -0.650       95.683322           1.9319409         16220
      0.668    -0.650       85.678524           1.7107564         15128
      0.750    -0.650       74.270076           1.5542855         14159
      0.841    -0.650       63.305446           1.4058993         12704
      0.944    -0.650       55.243795           1.2974505         11731
      1.059    -0.650       46.683745           1.1305063         10547
      1.189    -0.650       40.408779           1.0669674          9631
      1.334    -0.650       32.169562          0.89343056          8470
      1.496    -0.650       27.362036          0.78724167          7807
      1.679    -0.650       22.406413          0.71040402          6978
      1.884    -0.650       19.449728          0.66241068          6137
      2.113    -0.650       15.506801          0.53747768          5520
      2.371    -0.650       13.305304          0.52125531          4896
      2.661    -0.650       9.5769077          0.38989447          4304
      2.985    -0.650       8.7813038          0.39152972          3730
      3.350    -0.650       6.5427457          0.30074444          3220
      3.758    -0.650       4.6394329          0.22628249          2662
      4.217    -0.650       3.8930696          0.24112235          2333
      4.732    -0.650       2.7864998          0.17420267          2019
      5.309    -0.650       2.4688124          0.15986683          1728
      5.957    -0.650       1.7558620          0.11783173          1528
      6.683    -0.650       1.5466527          0.12390819          1286
      7.499    -0.650       1.0024154          0.77192321E-01      1040
      8.414    -0.650      0.76443546          0.65433658E-01       846
      9.441    -0.650      0.64312912          0.55546010E-01       769
      0.106    -0.550       296.30292           5.9728538         20301
      0.119    -0.550       294.92437           6.0343677         20689
      0.133    -0.550       283.98029           5.6354404         21292
      0.150    -0.550       275.31978           5.4429018         21876
      0.168    -0.550       256.07882           4.9060767         22024
      0.188    -0.550       259.06244           4.9030594         22511
      0.211    -0.550       239.50493           4.5856597         22436
      0.237    -0.550       228.64070           4.5099294         21868
      0.266    -0.550       206.07483           3.8006120         21744
      0.299    -0.550       191.10733           3.5914803         21427
      0.335    -0.550       176.57208           3.3229387         20971
      0.376    -0.550       158.20269           2.9920562         20083
      0.422    -0.550       143.66455           2.7432999         19462
      0.473    -0.550       128.40230           2.6083199         18287
      0.531    -0.550       117.78194           2.3693995         17333
      0.596    -0.550       106.64517           2.1377806         16575
      0.668    -0.550       93.481281           1.9808590         15444
      0.750    -0.550       81.871655           1.7827425         14399
      0.841    -0.550       70.538999           1.6257326         13218
      0.944    -0.550       57.965387           1.3959467         12325
      1.059    -0.550       48.963762           1.2432942         10949
      1.189    -0.550       43.013018           1.1082035         10328
      1.334    -0.550       36.297021          0.98355685          9284
      1.496    -0.550       30.096724          0.84338109          8299
      1.679    -0.550       25.466125          0.76303050          7561
      1.884    -0.550       21.240547          0.67621657          6870
      2.113    -0.550       17.492976          0.63076217          5708
      2.371    -0.550       14.033752          0.50533948          5238
      2.661    -0.550       10.458455          0.39780431          4557
      2.985    -0.550       8.2166474          0.36898747          3950
      3.350    -0.550       7.4061286          0.33929996          3467
      3.758    -0.550       5.5447880          0.25948780          3020
      4.217    -0.550       4.1824532          0.20727107          2631
      4.732    -0.550       3.5413834          0.20172956          2213
      5.309    -0.550       3.0719432          0.20294014          2034
      5.957    -0.550       2.0425064          0.13528465          1678
      6.683    -0.550       1.7076296          0.12106599          1414
      7.499    -0.550       1.2344494          0.92427921E-01      1216
      8.414    -0.550       1.0242329          0.80395969E-01      1034
      9.441    -0.550      0.78966625          0.70764944E-01       877
      0.106    -0.450       381.36093           8.3105797         19071
      0.119    -0.450       365.85811           7.7455027         19550
      0.133    -0.450       370.25391           7.5408954         20600
      0.150    -0.450       349.00829           7.0748207         20895
      0.168    -0.450       326.74262           6.4930202         21053
      0.188    -0.450       310.07411           6.1054573         21177
      0.211    -0.450       280.82706           5.4741205         21123
      0.237    -0.450       267.45194           5.2355202         21358
      0.266    -0.450       235.11484           4.7143590         20902
      0.299    -0.450       218.59214           4.3684765         20502
      0.335    -0.450       204.11804           4.0285307         20395
      0.376    -0.450       180.88455           3.5685226         19856
      0.422    -0.450       156.35662           2.9896859         18951
      0.473    -0.450       143.49998           2.9402047         18247
      0.531    -0.450       130.10059           2.6209827         17637
      0.596    -0.450       115.60699           2.5040906         16451
      0.668    -0.450       100.85840           2.2729668         15769
      0.750    -0.450       88.028387           1.9465455         14591
      0.841    -0.450       76.112616           1.7356299         13706
      0.944    -0.450       65.706827           1.5630515         12720
      1.059    -0.450       55.114864           1.3248609         11704
      1.189    -0.450       49.633877           1.2628736         11002
      1.334    -0.450       40.027729           1.1218687          9721
      1.496    -0.450       36.350194           1.0287139          8938
      1.679    -0.450       26.894897          0.80513518          8111
      1.884    -0.450       23.583411          0.77065615          7213
      2.113    -0.450       18.747342          0.61742605          6500
      2.371    -0.450       16.770444          0.56186749          5852
      2.661    -0.450       12.736222          0.46646831          5171
      2.985    -0.450       9.8140401          0.39327709          4436
      3.350    -0.450       7.8390675          0.32953705          4028
      3.758    -0.450       6.5462642          0.32215852          3439
      4.217    -0.450       5.3248597          0.27329367          2990
      4.732    -0.450       4.4062891          0.23106515          2619
      5.309    -0.450       3.0101862          0.16606415          2200
      5.957    -0.450       2.5022355          0.14890720          1946
      6.683    -0.450       2.0736527          0.12634685          1721
      7.499    -0.450       1.4560097          0.10497973          1398
      8.414    -0.450       1.1547160          0.86806801E-01      1172
      9.441    -0.450      0.81866005          0.59267826E-01       998
      0.106    -0.350       509.28197           10.674067         17852
      0.119    -0.350       468.55575           9.7513996         18292
      0.133    -0.350       461.77807           9.5501007         18817
      0.150    -0.350       432.20643           8.7772009         19271
      0.168    -0.350       420.52905           8.6063826         19562
      0.188    -0.350       372.72289           8.1680928         19858
      0.211    -0.350       336.97301           6.9929341         19609
      0.237    -0.350       319.12198           6.7193903         19770
      0.266    -0.350       305.23519           6.0178895         19697
      0.299    -0.350       266.57927           5.4863631         19454
      0.335    -0.350       247.69131           5.1657238         19297
      0.376    -0.350       215.13588           4.4661186         18710
      0.422    -0.350       193.11257           3.9412379         18518
      0.473    -0.350       176.62183           3.7290969         17564
      0.531    -0.350       150.10636           3.0802627         16827
      0.596    -0.350       136.62844           2.9053633         16145
      0.668    -0.350       117.20714           2.6020177         15318
      0.750    -0.350       102.46760           2.3197685         14764
      0.841    -0.350       91.737088           2.2003324         13753
      0.944    -0.350       77.872727           1.8026010         12875
      1.059    -0.350       68.450493           1.7097288         11991
      1.189    -0.350       54.524266           1.4321832         11029
      1.334    -0.350       48.711543           1.3394037         10280
      1.496    -0.350       36.713100           1.0552161          9352
      1.679    -0.350       30.459931          0.95485987          8333
      1.884    -0.350       26.926478          0.90460656          7581
      2.113    -0.350       22.644803          0.79670552          6943
      2.371    -0.350       18.107083          0.64787677          6301
      2.661    -0.350       14.701897          0.54644892          5528
      2.985    -0.350       12.128107          0.47228736          5003
      3.350    -0.350       8.9928510          0.39327709          4372
      3.758    -0.350       7.2697169          0.29377295          3956
      4.217    -0.350       6.5303890          0.30268264          3518
      4.732    -0.350       5.2091837          0.26080596          2992
      5.309    -0.350       3.7313091          0.19887588          2495
      5.957    -0.350       2.8932072          0.15462574          2212
      6.683    -0.350       2.5042151          0.16311247          1909
      7.499    -0.350       1.6710018          0.10958928          1644
      8.414    -0.350       1.3673181          0.11229033          1371
      9.441    -0.350       1.1512387          0.82242142E-01      1230
      0.106    -0.250       701.81292           14.823933         16180
      0.119    -0.250       689.46207           14.084471         16689
      0.133    -0.250       666.57217           14.262639         17014
      0.150    -0.250       604.20419           12.416338         17080
      0.168    -0.250       544.05357           11.635498         17494
      0.188    -0.250       533.16707           11.401077         17700
      0.211    -0.250       455.46428           9.4504158         17489
      0.237    -0.250       435.74225           9.3639756         17526
      0.266    -0.250       388.04040           8.0812700         17753
      0.299    -0.250       340.82354           7.4054125         17296
      0.335    -0.250       311.77498           6.9177007         17112
      0.376    -0.250       285.11795           6.4284020         16652
      0.422    -0.250       254.05559           5.6860895         16617
      0.473    -0.250       203.44405           4.6449827         15841
      0.531    -0.250       183.95264           4.4859895         15352
      0.596    -0.250       161.49402           3.7661965         14868
      0.668    -0.250       142.96846           3.5979101         14215
      0.750    -0.250       123.58290           3.1579808         13555
      0.841    -0.250       105.11404           2.6048416         12623
      0.944    -0.250       88.856160           2.2552353         12136
      1.059    -0.250       77.881523           2.1469114         11217
      1.189    -0.250       63.629750           1.7911997         10500
      1.334    -0.250       52.493513           1.5078322          9777
      1.496    -0.250       44.887314           1.3370363          9083
      1.679    -0.250       38.861616           1.2564550          8544
      1.884    -0.250       30.023265          0.95044698          7791
      2.113    -0.250       25.656512          0.84900177          7132
      2.371    -0.250       19.187775          0.66618218          6312
      2.661    -0.250       16.887975          0.65444755          5780
      2.985    -0.250       13.689346          0.53537869          5266
      3.350    -0.250       10.877892          0.42559715          4663
      3.758    -0.250       8.8239360          0.38357017          4173
      4.217    -0.250       6.7087587          0.29782361          3604
      4.732    -0.250       5.8233903          0.25684803          3322
      5.309    -0.250       4.4323474          0.21993017          2917
      5.957    -0.250       3.7303344          0.19645272          2485
      6.683    -0.250       3.1161306          0.17167592          2258
      7.499    -0.250       2.4066751          0.14066985          1892
      8.414    -0.250       1.6978924          0.11106125          1654
      9.441    -0.250       1.4023715          0.92484021E-01      1381
      0.106    -0.150       1177.7559           26.479763         13207
      0.119    -0.150       1087.4956           25.381303         13394
      0.133    -0.150       952.69599           22.848353         13523
      0.150    -0.150       915.51892           21.481398         13870
      0.168    -0.150       880.55968           21.161496         13849
      0.188    -0.150       771.46801           18.348993         13769
      0.211    -0.150       679.02073           16.308079         13854
      0.237    -0.150       592.71500           14.477852         13660
      0.266    -0.150       542.25747           13.744397         13522
      0.299    -0.150       469.65939           12.106761         13233
      0.335    -0.150       414.70079           10.713249         13282
      0.376    -0.150       386.63599           10.225247         13015
      0.422    -0.150       312.19111           8.2563977         12569
      0.473    -0.150       270.83325           7.5380372         12256
      0.531    -0.150       234.13966           6.2684348         11788
      0.596    -0.150       197.00297           5.7360800         11423
      0.668    -0.150       172.74555           5.0141282         10966
      0.750    -0.150       139.87508           3.9979145         10429
      0.841    -0.150       129.82413           4.3519209         10052
      0.944    -0.150       109.29607           3.3908152          9701
      1.059    -0.150       82.291240           2.5557251          8974
      1.189    -0.150       70.410184           2.2307002          8455
      1.334    -0.150       62.219668           2.0421475          8245
      1.496    -0.150       52.522757           1.7925355          7812
      1.679    -0.150       41.992580           1.4196508          7211
      1.884    -0.150       35.901319           1.3165848          6598
      2.113    -0.150       27.282615          0.96093213          5949
      2.371    -0.150       24.685979           1.0289277          5699
      2.661    -0.150       18.162517          0.71413193          5034
      2.985    -0.150       15.123008          0.64932991          4710
      3.350    -0.150       14.019686          0.67489921          4337
      3.758    -0.150       10.322769          0.40909175          3931
      4.217    -0.150       8.6861015          0.41453560          3459
      4.732    -0.150       7.0817117          0.34849528          3166
      5.309    -0.150       5.5041043          0.28740302          2784
      5.957    -0.150       4.6636401          0.23139291          2485
      6.683    -0.150       3.2254834          0.18204330          2106
      7.499    -0.150       2.8877063          0.18014421          1889
      8.414    -0.150       2.5382182          0.16191571          1685
      9.441    -0.150       1.8171654          0.11260091          1468
      0.106    -0.050       1899.0567           73.981650          6697
      0.119    -0.050       1753.1101           69.645551          6608
      0.133    -0.050       1754.9166           85.493558          6808
      0.150    -0.050       1476.3120           61.524940          6730
      0.168    -0.050       1257.4682           55.038130          6578
      0.188    -0.050       1196.5960           52.732308          6415
      0.211    -0.050       991.75765           47.523949          6291
      0.237    -0.050       936.83340           46.036070          6299
      0.266    -0.050       776.20771           42.650048          6111
      0.299    -0.050       719.02079           33.061841          6134
      0.335    -0.050       648.25988           33.558751          5806
      0.376    -0.050       508.76483           23.547335          5800
      0.422    -0.050       420.06057           21.656502          5427
      0.473    -0.050       343.68680           17.116940          5392
      0.531    -0.050       299.13690           16.383706          4990
      0.596    -0.050       234.37729           10.858750          4854
      0.668    -0.050       212.72001           11.243791          4642
      0.750    -0.050       184.11430           9.4762274          4579
      0.841    -0.050       137.52921           7.3358765          4239
      0.944    -0.050       118.78656           6.7708692          4057
      1.059    -0.050       97.544980           6.0824813          3835
      1.189    -0.050       80.286472           4.8193855          3648
      1.334    -0.050       62.079859           3.3023225          3235
      1.496    -0.050       54.919144           3.5066986          3257
      1.679    -0.050       49.212016           3.0465605          3125
      1.884    -0.050       35.649248           1.8991992          2850
      2.113    -0.050       33.270208           2.2340245          2618
      2.371    -0.050       25.371081           1.9114518          2370
      2.661    -0.050       21.927199           1.6282037          2329
      2.985    -0.050       17.270510           1.1488357          2108
      3.350    -0.050       12.269434          0.84151827          1914
      3.758    -0.050       11.926091          0.74256749          1849
      4.217    -0.050       9.6133644          0.70381644          1694
      4.732    -0.050       7.3722434          0.62373483          1500
      5.309    -0.050       6.0490422          0.49718559          1351
      5.957    -0.050       5.4044207          0.49673315          1188
      6.683    -0.050       4.5497527          0.38636262          1095
      7.499    -0.050       3.5179063          0.30699956           982
      8.414    -0.050       2.8579159          0.29588494           883
      9.441    -0.050       2.4905594          0.31628747           777
      0.106     0.050       2021.6401           84.337754          6560
      0.119     0.050       1780.3338           73.597373          6485
      0.133     0.050       1757.7169           84.977205          6538
      0.150     0.050       1440.4222           58.261262          6615
      0.168     0.050       1241.7820           53.398003          6488
      0.188     0.050       1159.9989           54.505984          6338
      0.211     0.050       992.54398           45.039609          6239
      0.237     0.050       932.43346           47.355784          6209
      0.266     0.050       769.10565           43.344821          5937
      0.299     0.050       711.24454           33.444631          5960
      0.335     0.050       557.63781           30.755798          5818
      0.376     0.050       465.61863           22.773586          5633
      0.422     0.050       411.38236           20.780689          5473
      0.473     0.050       335.87265           22.597587          5170
      0.531     0.050       284.15531           15.277309          4926
      0.596     0.050       234.92156           10.719555          4827
      0.668     0.050       195.34359           10.319726          4565
      0.750     0.050       175.36861           9.1175542          4390
      0.841     0.050       150.63292           9.7836233          4295
      0.944     0.050       118.31623           6.3638758          4032
      1.059     0.050       98.847953           6.2778741          3860
      1.189     0.050       77.658207           4.1356226          3578
      1.334     0.050       61.327840           3.4814670          3274
      1.496     0.050       57.650833           3.6660130          3231
      1.679     0.050       42.169640           2.8024240          2954
      1.884     0.050       33.910940           1.9547938          2708
      2.113     0.050       33.836447           2.3857708          2565
      2.371     0.050       24.754601           1.8420827          2412
      2.661     0.050       20.846783           1.6477002          2242
      2.985     0.050       14.362067          0.98798110          2067
      3.350     0.050       12.315374          0.78843835          1871
      3.758     0.050       10.560999          0.62962097          1776
      4.217     0.050       8.8640951          0.61525738          1651
      4.732     0.050       8.9206482          0.81572028          1487
      5.309     0.050       5.8639531          0.48447423          1290
      5.957     0.050       4.8697274          0.35163715          1204
      6.683     0.050       3.8089960          0.28007236          1091
      7.499     0.050       2.9981106          0.27571053           931
      8.414     0.050       2.9459807          0.30482016           850
      9.441     0.050       1.9536608          0.17113776           751
      0.106     0.150       1291.6588           30.322470         13421
      0.119     0.150       1214.6196           27.741374         13550
      0.133     0.150       1183.7359           27.722049         13843
      0.150     0.150       1064.4162           25.322420         14011
      0.168     0.150       913.20741           21.720889         13903
      0.188     0.150       835.91382           21.569111         13830
      0.211     0.150       727.48738           18.645993         13812
      0.237     0.150       679.36533           17.302555         13832
      0.266     0.150       562.39177           14.731141         13407
      0.299     0.150       499.21965           12.761289         13388
      0.335     0.150       442.53178           11.827585         13177
      0.376     0.150       362.93025           9.9604597         12693
      0.422     0.150       317.30969           8.2919952         12418
      0.473     0.150       272.38143           7.3665853         12150
      0.531     0.150       243.28717           7.0098642         11691
      0.596     0.150       201.89363           5.9059991         11325
      0.668     0.150       174.52667           5.1201707         10836
      0.750     0.150       146.14355           4.3891762         10373
      0.841     0.150       120.97417           3.6361839         10018
      0.944     0.150       97.615001           2.8842247          9652
      1.059     0.150       85.728984           2.6943421          9024
      1.189     0.150       72.286753           2.3130287          8635
      1.334     0.150       56.551550           1.9635463          7875
      1.496     0.150       48.694786           1.7060513          7415
      1.679     0.150       43.257340           1.4935289          7067
      1.884     0.150       33.976094           1.2721852          6500
      2.113     0.150       28.459270           1.0840548          5878
      2.371     0.150       25.073234           1.0143691          5483
      2.661     0.150       19.976242          0.86127871          5178
      2.985     0.150       16.527224          0.65515739          4801
      3.350     0.150       13.094965          0.63224164          4133
      3.758     0.150       10.894085          0.45276859          3838
      4.217     0.150       8.6680009          0.41394743          3464
      4.732     0.150       6.9921199          0.33448926          3125
      5.309     0.150       5.7808876          0.28903097          2830
      5.957     0.150       4.5292655          0.23770196          2499
      6.683     0.150       3.8360638          0.20739332          2218
      7.499     0.150       2.9307113          0.15742698          1935
      8.414     0.150       2.2617674          0.14226600          1580
      9.441     0.150       1.9642748          0.14800012          1458
      0.106     0.250       1016.2101           20.503097         17063
      0.119     0.250       959.90281           19.282045         17438
      0.133     0.250       923.79420           18.649069         17908
      0.150     0.250       843.15913           17.632505         18018
      0.168     0.250       760.69056           15.935860         18197
      0.188     0.250       696.61656           14.985115         18135
      0.211     0.250       608.45794           12.865445         17919
      0.237     0.250       546.20709           12.087100         18259
      0.266     0.250       471.40081           10.300325         18002
      0.299     0.250       420.81423           9.1136546         17868
      0.335     0.250       370.91486           8.5533479         17093
      0.376     0.250       332.69267           7.7995237         16914
      0.422     0.250       285.78698           6.5845179         16442
      0.473     0.250       241.64117           5.5423448         16223
      0.531     0.250       204.45440           4.7872809         15257
      0.596     0.250       173.66288           4.1310879         14830
      0.668     0.250       153.55059           3.8613050         14319
      0.750     0.250       122.94591           3.0429661         13377
      0.841     0.250       112.02929           2.9350058         12803
      0.944     0.250       91.646245           2.3911641         12210
      1.059     0.250       79.787673           2.1888912         11274
      1.189     0.250       65.561792           1.9710010         10505
      1.334     0.250       53.874979           1.6308877          9676
      1.496     0.250       45.468926           1.3247263          9093
      1.679     0.250       39.821262           1.2302699          8483
      1.884     0.250       33.776836           1.1395281          7745
      2.113     0.250       24.809243          0.85358343          7002
      2.371     0.250       21.735209          0.77197799          6270
      2.661     0.250       17.272451          0.66330640          5860
      2.985     0.250       14.019337          0.54365100          5160
      3.350     0.250       10.175207          0.42188606          4402
      3.758     0.250       8.5091347          0.34463473          3968
      4.217     0.250       7.0987523          0.34656397          3516
      4.732     0.250       5.9681959          0.27323110          3202
      5.309     0.250       4.5724841          0.20763731          2873
      5.957     0.250       3.4599440          0.19197479          2355
      6.683     0.250       3.0324418          0.17564442          2131
      7.499     0.250       2.2716902          0.13197193          1858
      8.414     0.250       1.7778407          0.11749226          1556
      9.441     0.250       1.3851982          0.10071545          1328
      0.106     0.350       879.97223           16.327073         20038
      0.119     0.350       812.76941           15.222734         20423
      0.133     0.350       796.97315           14.771194         20963
      0.150     0.350       719.40364           13.476131         21109
      0.168     0.350       674.42530           12.889809         21233
      0.188     0.350       592.80873           11.610593         21329
      0.211     0.350       555.30222           10.759600         21315
      0.237     0.350       489.60951           9.5513000         21059
      0.266     0.350       425.30906           8.1658067         21155
      0.299     0.350       383.46676           8.0654072         20433
      0.335     0.350       327.30925           6.6007878         20050
      0.376     0.350       302.35842           6.3767180         19684
      0.422     0.350       254.15565           5.3827036         18731
      0.473     0.350       225.31949           4.8850390         18301
      0.531     0.350       190.56351           4.1549657         17365
      0.596     0.350       166.72982           3.6072648         16611
      0.668     0.350       141.48665           3.1711981         15698
      0.750     0.350       121.00538           2.8323332         14832
      0.841     0.350       105.64087           2.5118553         14042
      0.944     0.350       88.667058           2.2359229         13110
      1.059     0.350       70.962101           1.8156330         11918
      1.189     0.350       62.330343           1.6931266         11338
      1.334     0.350       50.155179           1.4078221         10223
      1.496     0.350       37.411217           1.1158136          9204
      1.679     0.350       35.149579           1.1513370          8605
      1.884     0.350       28.258261          0.87650925          7834
      2.113     0.350       22.637488          0.74386191          7030
      2.371     0.350       18.668442          0.73737095          6190
      2.661     0.350       15.182619          0.60165445          5574
      2.985     0.350       11.363821          0.43102603          5048
      3.350     0.350       9.8042664          0.42139596          4454
      3.758     0.350       7.5923294          0.33029885          3901
      4.217     0.350       6.7160942          0.35044225          3420
      4.732     0.350       4.6082480          0.23241032          2946
      5.309     0.350       3.7023574          0.17789867          2535
      5.957     0.350       3.3034868          0.18064783          2312
      6.683     0.350       2.4243235          0.15056917          1868
      7.499     0.350       1.9973697          0.14059585          1634
      8.414     0.350       1.3705525          0.88624703E-01      1391
      9.441     0.350       1.1337569          0.76721813E-01      1214
      0.106     0.450       826.16970           14.563794         22139
      0.119     0.450       753.12943           13.256973         22536
      0.133     0.450       695.91008           12.238208         23045
      0.150     0.450       662.96005           11.997776         23340
      0.168     0.450       621.13364           10.778020         23693
      0.188     0.450       552.51473           9.9980245         23712
      0.211     0.450       489.36034           8.9815423         23471
      0.237     0.450       450.52366           8.3182487         23280
      0.266     0.450       401.53840           7.4847591         22694
      0.299     0.450       367.61534           7.0154091         22298
      0.335     0.450       311.87667           6.0645672         21525
      0.376     0.450       278.67291           5.5204892         20669
      0.422     0.450       246.59517           4.8755668         20015
      0.473     0.450       203.27590           4.2159188         18982
      0.531     0.450       183.32176           4.0003417         18126
      0.596     0.450       161.44390           3.6032125         17058
      0.668     0.450       138.70543           3.0643217         16167
      0.750     0.450       111.82697           2.6387392         15082
      0.841     0.450       95.592469           2.2223932         14232
      0.944     0.450       79.688011           1.9756870         13074
      1.059     0.450       69.866047           1.9343410         11955
      1.189     0.450       58.595096           1.5701033         10865
      1.334     0.450       44.600801           1.3476318          9719
      1.496     0.450       39.394739           1.1856288          9124
      1.679     0.450       30.295228          0.94053169          8052
      1.884     0.450       25.619619          0.86950596          7385
      2.113     0.450       20.033194          0.73128832          6476
      2.371     0.450       14.872238          0.54589107          5733
      2.661     0.450       13.687919          0.55115123          5140
      2.985     0.450       9.8220455          0.43487426          4429
      3.350     0.450       8.3225969          0.37378332          3997
      3.758     0.450       6.7683075          0.32915457          3455
      4.217     0.450       5.4518971          0.25714719          3031
      4.732     0.450       3.7410945          0.20570544          2518
      5.309     0.450       3.0252536          0.16189466          2250
      5.957     0.450       2.4418356          0.14277355          1872
      6.683     0.450       2.1693376          0.13710040          1661
      7.499     0.450       1.5298493          0.10836924          1369
      8.414     0.450       1.2597853          0.90258949E-01      1149
      9.441     0.450      0.90850377          0.68363776E-01      1004
      0.106     0.550       762.89797           12.467345         24121
      0.119     0.550       731.22489           12.023383         24663
      0.133     0.550       713.70747           11.882323         25412
      0.150     0.550       636.12342           10.744205         25229
      0.168     0.550       579.38688           9.8595357         25162
      0.188     0.550       528.56875           9.1951643         25186
      0.211     0.550       483.12183           8.4031634         24922
      0.237     0.550       440.50741           7.7803443         24539
      0.266     0.550       386.97010           6.8781948         23981
      0.299     0.550       341.50855           6.2177245         23196
      0.335     0.550       296.36994           5.4606895         22243
      0.376     0.550       258.93262           4.8720655         21475
      0.422     0.550       235.05470           4.5921240         20534
      0.473     0.550       207.39970           4.1239249         19827
      0.531     0.550       179.10253           3.7139883         18344
      0.596     0.550       151.41782           3.2275770         17178
      0.668     0.550       128.12474           2.8746179         16098
      0.750     0.550       105.01830           2.4150603         14751
      0.841     0.550       93.475386           2.2399729         13727
      0.944     0.550       75.460492           1.9244023         12433
      1.059     0.550       62.356297           1.7001143         11431
      1.189     0.550       51.824092           1.4697536         10499
      1.334     0.550       41.102931           1.2525093          9271
      1.496     0.550       38.116490           1.1772274          8631
      1.679     0.550       29.077980          0.96106135          7606
      1.884     0.550       22.942424          0.78975738          6778
      2.113     0.550       18.259042          0.66716436          6056
      2.371     0.550       14.889339          0.58858868          5256
      2.661     0.550       12.038321          0.51473079          4711
      2.985     0.550       9.2351016          0.40558274          3999
      3.350     0.550       7.7043447          0.37770136          3510
      3.758     0.550       5.4258870          0.28362321          2988
      4.217     0.550       5.1723559          0.29155928          2678
      4.732     0.550       3.4121741          0.19367558          2286
      5.309     0.550       3.0879317          0.20954682          1954
      5.957     0.550       1.9388926          0.12855715          1627
      6.683     0.550       1.4770627          0.10014055          1337
      7.499     0.550       1.1472682          0.86611424E-01      1187
      8.414     0.550       1.0655974          0.98497805E-01       991
      9.441     0.550      0.71043239          0.70689171E-01       872
      0.106     0.650       707.90643           11.204875         25397
      0.119     0.650       698.22298           11.226711         25792
      0.133     0.650       661.17948           10.661994         26101
      0.150     0.650       588.83855           9.5504564         26057
      0.168     0.650       556.21206           9.1113900         26420
      0.188     0.650       503.60571           8.3822708         26072
      0.211     0.650       463.49980           7.6279025         25803
      0.237     0.650       406.19703           7.0048291         24695
      0.266     0.650       377.46710           6.3513333         24505
      0.299     0.650       337.96159           6.0014709         23500
      0.335     0.650       294.73863           5.3417914         22562
      0.376     0.650       250.29701           4.5930101         21469
      0.422     0.650       231.62646           4.5339472         20432
      0.473     0.650       192.86390           3.8119840         19109
      0.531     0.650       170.24985           3.5081628         18005
      0.596     0.650       140.68822           3.0404455         16445
      0.668     0.650       123.28053           2.7309679         15573
      0.750     0.650       99.297016           2.3179220         14268
      0.841     0.650       86.869717           2.1281495         12987
      0.944     0.650       71.981896           1.8404601         12053
      1.059     0.650       59.071317           1.6246998         10854
      1.189     0.650       47.938386           1.3978572          9662
      1.334     0.650       39.061812           1.1781683          8739
      1.496     0.650       32.646359           1.0153594          7915
      1.679     0.650       26.551067          0.86628305          7093
      1.884     0.650       21.662717          0.79559198          6326
      2.113     0.650       16.611292          0.61483177          5540
      2.371     0.650       13.389476          0.56302284          4764
      2.661     0.650       11.146435          0.53326635          4249
      2.985     0.650       8.1225335          0.37089085          3667
      3.350     0.650       6.4565849          0.32286354          3236
      3.758     0.650       4.9462464          0.26427692          2808
      4.217     0.650       4.0638405          0.21506062          2342
      4.732     0.650       3.1081362          0.19783782          1961
      5.309     0.650       2.3571890          0.15586541          1737
      5.957     0.650       1.7910245          0.12389177          1465
      6.683     0.650       1.3914455          0.11438915          1240
      7.499     0.650       1.1259548          0.89770923E-01      1043
      8.414     0.650      0.82770900          0.72941450E-01       860
      9.441     0.650      0.61816115          0.54788128E-01       730
      0.106     0.750       701.42061           10.978952         26559
      0.119     0.750       679.83949           10.677669         26903
      0.133     0.750       647.38790           10.279410         27046
      0.150     0.750       612.61221           9.7972575         27004
      0.168     0.750       543.81291           8.7626916         27091
      0.188     0.750       497.87602           8.0388056         26343
      0.211     0.750       443.06695           7.2645319         26029
      0.237     0.750       395.05619           6.6281712         25033
      0.266     0.750       360.93634           6.1326510         24324
      0.299     0.750       326.41882           5.6308062         23409
      0.335     0.750       280.08089           5.1608388         22106
      0.376     0.750       250.35071           4.7199458         21144
      0.422     0.750       217.68704           4.2028150         19776
      0.473     0.750       183.03659           3.7064454         18514
      0.531     0.750       152.82412           3.1440511         17450
      0.596     0.750       137.22542           2.9885496         16214
      0.668     0.750       114.78891           2.6408417         14927
      0.750     0.750       95.222688           2.2319339         13516
      0.841     0.750       82.200291           2.0630449         12492
      0.944     0.750       63.358329           1.6573693         11184
      1.059     0.750       53.925513           1.4828989         10207
      1.189     0.750       44.409850           1.2875713          8959
      1.334     0.750       36.998701           1.1960187          8076
      1.496     0.750       29.840116           1.0157780          7214
      1.679     0.750       22.975637          0.84185142          6361
      1.884     0.750       20.345712          0.80981784          5648
      2.113     0.750       15.173628          0.63009036          4979
      2.371     0.750       12.668064          0.56349119          4405
      2.661     0.750       8.4943461          0.37153863          3796
      2.985     0.750       7.6952754          0.37117775          3275
      3.350     0.750       5.4577973          0.30143639          2766
      3.758     0.750       4.4996459          0.26272694          2537
      4.217     0.750       3.7637070          0.22562553          2093
      4.732     0.750       2.5690836          0.16621561          1767
      5.309     0.750       2.2096349          0.15503997          1496
      5.957     0.750       1.7826678          0.14109555          1286
      6.683     0.750       1.2767111          0.99182678E-01      1103
      7.499     0.750      0.91874241          0.69090671E-01       896
      8.414     0.750      0.64069611          0.60696152E-01       788
      9.441     0.750      0.52707224          0.49824725E-01       666
      0.106     0.850       700.62274           10.642983         27597
      0.119     0.850       672.75898           10.164175         27703
      0.133     0.850       631.08203           9.7586394         27665
      0.150     0.850       580.38213           9.1099946         27219
      0.168     0.850       532.39943           8.2897498         26905
      0.188     0.850       474.58325           7.7510753         26403
      0.211     0.850       433.39039           7.1328636         25748
      0.237     0.850       387.60719           6.4625260         25146
      0.266     0.850       343.72898           5.9192847         23964
      0.299     0.850       306.57407           5.3466115         23099
      0.335     0.850       278.86561           4.9835521         22041
      0.376     0.850       233.38621           4.3378866         20766
      0.422     0.850       208.48737           3.9827096         19466
      0.473     0.850       182.73643           3.6887045         18165
      0.531     0.850       156.03080           3.3081248         16771
      0.596     0.850       130.96943           2.9758064         15441
      0.668     0.850       111.78806           2.5724037         14349
      0.750     0.850       91.697635           2.2377568         13016
      0.841     0.850       75.420822           1.9334433         11713
      0.944     0.850       61.287528           1.6875972         10748
      1.059     0.850       50.378042           1.4120866          9658
      1.189     0.850       41.097072           1.2453142          8504
      1.334     0.850       33.263974           1.0801571          7591
      1.496     0.850       27.764484          0.91757149          6788
      1.679     0.850       22.464288          0.84789116          6085
      1.884     0.850       16.871595          0.64205972          5273
      2.113     0.850       12.589264          0.51979746          4538
      2.371     0.850       11.310459          0.54537120          4078
      2.661     0.850       8.4269321          0.40656701          3476
      2.985     0.850       6.5207066          0.37199124          2927
      3.350     0.850       4.9933621          0.28001775          2599
      3.758     0.850       3.8838533          0.23245254          2203
      4.217     0.850       3.0770159          0.21992690          1767
      4.732     0.850       2.6517814          0.18579780          1684
      5.309     0.850       1.7912956          0.11733907          1402
      5.957     0.850       1.7685643          0.14671423          1188
      6.683     0.850       1.0775954          0.91566316E-01      1001
      7.499     0.850      0.90560358          0.82556001E-01       856
      8.414     0.850      0.72432898          0.75174775E-01       719
      9.441     0.850      0.58629444          0.68883511E-01       623
      0.106     0.950       675.51205           10.208981         27630
      0.119     0.950       645.90398           9.9016599         27545
      0.133     0.950       610.50144           9.4246742         27456
      0.150     0.950       579.44479           8.9476955         27487
      0.168     0.950       517.40462           8.2354068         26908
      0.188     0.950       469.30666           7.4567711         26221
      0.211     0.950       430.28437           6.8715437         25604
      0.237     0.950       377.46378           6.2185665         24673
      0.266     0.950       333.97954           5.6466260         23461
      0.299     0.950       296.73639           5.0790002         22723
      0.335     0.950       264.15535           4.6599255         21299
      0.376     0.950       226.84016           4.2025280         19951
      0.422     0.950       199.37923           3.8076247         18850
      0.473     0.950       170.83832           3.4991343         17289
      0.531     0.950       144.07165           3.1398420         15793
      0.596     0.950       117.16898           2.6375266         14618
      0.668     0.950       105.95187           2.4916056         13409
      0.750     0.950       85.880854           2.1433831         12328
      0.841     0.950       71.451707           1.8851328         11119
      0.944     0.950       60.336823           1.7081132          9844
      1.059     0.950       48.194328           1.3721632          8765
      1.189     0.950       39.089844           1.2366618          7854
      1.334     0.950       30.994708           1.0373855          7032
      1.496     0.950       25.695270          0.91402754          6275
      1.679     0.950       20.252487          0.74943535          5492
      1.884     0.950       16.009233          0.63873479          4878
      2.113     0.950       12.168235          0.56023224          4226
      2.371     0.950       9.4346093          0.41414456          3533
      2.661     0.950       7.5980032          0.35475154          3182
      2.985     0.950       5.5973825          0.31161938          2756
      3.350     0.950       4.8654291          0.27292946          2361
      3.758     0.950       4.0278142          0.26380877          2003
      4.217     0.950       2.9668406          0.19806926          1712
      4.732     0.950       1.9662112          0.13217623          1406
      5.309     0.950       1.7084388          0.13023813          1255
      5.957     0.950       1.1230741          0.93260817E-01      1003
      6.683     0.950       1.1196964          0.11637096           929
      7.499     0.950      0.66239678          0.57064868E-01       720
      8.414     0.950      0.77800074          0.82922054E-01       680
      9.441     0.950      0.48026579          0.54667094E-01       522
