 # tables0/fmin20_0401z.sou_num   
      0.106    -0.950       1176.6921           13.300339         54294
      0.119    -0.950       1097.4394           12.355583         54869
      0.133    -0.950       1038.5582           11.744267         55488
      0.150    -0.950       953.64924           10.846370         56109
      0.168    -0.950       901.97832           10.215289         55982
      0.188    -0.950       835.80281           9.5792700         55782
      0.211    -0.950       778.25510           8.9076849         55595
      0.237    -0.950       702.00314           8.1496244         54501
      0.266    -0.950       639.74272           7.5156717         53118
      0.299    -0.950       584.24018           6.9716966         51319
      0.335    -0.950       519.82468           6.2627343         50069
      0.376    -0.950       457.19837           5.6449106         47743
      0.422    -0.950       408.81985           5.1244671         45371
      0.473    -0.950       365.22234           4.7146084         43556
      0.531    -0.950       309.68099           4.1723369         41027
      0.596    -0.950       275.81471           3.8572269         38946
      0.668    -0.950       244.07858           3.5129204         36428
      0.750    -0.950       205.65917           3.0288927         34370
      0.841    -0.950       175.57079           2.7471610         32072
      0.944    -0.950       148.52725           2.4635471         29599
      1.059    -0.950       126.63700           2.1913052         27536
      1.189    -0.950       105.75168           1.8837449         25750
      1.334    -0.950       87.059501           1.6464852         23372
      1.496    -0.950       76.447743           1.5235616         21601
      1.679    -0.950       62.131290           1.2794993         19645
      1.884    -0.950       53.056836           1.1426208         18111
      2.113    -0.950       42.816134          0.97727217         16087
      2.371    -0.950       34.955418          0.84775088         14757
      2.661    -0.950       28.638602          0.73889689         13383
      2.985    -0.950       24.505484          0.66898254         11878
      3.350    -0.950       19.663636          0.53535174         10926
      3.758    -0.950       16.920767          0.48966554          9860
      4.217    -0.950       12.672664          0.38726948          8745
      4.732    -0.950       10.883062          0.35881663          7811
      5.309    -0.950       8.7443134          0.29219036          7042
      5.957    -0.950       6.9093026          0.24696311          6147
      6.683    -0.950       5.6297407          0.20667417          5524
      7.499    -0.950       4.7662058          0.18401000          4927
      8.414    -0.950       3.8678484          0.15871963          4302
      9.441    -0.950       3.2810519          0.13801139          3771
      0.106    -0.850       756.54367           9.3769752         48780
      0.119    -0.850       709.58795           8.7090077         49936
      0.133    -0.850       700.60568           8.5138562         51284
      0.150    -0.850       658.66048           7.9115992         51168
      0.168    -0.850       630.28314           7.6048922         52035
      0.188    -0.850       587.01593           7.0601376         52134
      0.211    -0.850       561.86084           6.7592780         52101
      0.237    -0.850       529.11179           6.3697216         51749
      0.266    -0.850       487.25121           5.9011478         50655
      0.299    -0.850       452.11864           5.5600736         49076
      0.335    -0.850       399.84658           4.9671411         48115
      0.376    -0.850       378.23104           4.7035459         46585
      0.422    -0.850       329.89905           4.2803413         44058
      0.473    -0.850       293.07862           3.7689641         42852
      0.531    -0.850       262.04041           3.5000425         39968
      0.596    -0.850       235.08082           3.2617350         38391
      0.668    -0.850       206.15219           2.9739041         35706
      0.750    -0.850       182.15349           2.6724215         33940
      0.841    -0.850       160.68098           2.4565574         31944
      0.944    -0.850       134.95949           2.1489714         30156
      1.059    -0.850       117.48789           1.9506895         27493
      1.189    -0.850       97.257609           1.7089326         25174
      1.334    -0.850       86.220934           1.5563245         23476
      1.496    -0.850       71.617592           1.3411178         21593
      1.679    -0.850       61.336503           1.2162371         19917
      1.884    -0.850       49.266802           1.0279258         18005
      2.113    -0.850       41.528884          0.91035332         16532
      2.371    -0.850       36.968062          0.87755017         15260
      2.661    -0.850       29.159033          0.70050878         13674
      2.985    -0.850       24.281429          0.63454670         12205
      3.350    -0.850       19.858864          0.53472808         10948
      3.758    -0.850       16.403082          0.46494602          9954
      4.217    -0.850       13.165800          0.39450501          8920
      4.732    -0.850       11.289396          0.36031523          8052
      5.309    -0.850       9.7345653          0.33248818          7211
      5.957    -0.850       6.7266488          0.23291709          6235
      6.683    -0.850       5.8297709          0.21797875          5784
      7.499    -0.850       4.7546307          0.18004132          5040
      8.414    -0.850       3.8406315          0.15063752          4442
      9.441    -0.850       3.0657445          0.13687414          3837
      0.106    -0.750       459.50258           4.8517636         44709
      0.119    -0.750       460.67273           4.7750652         46242
      0.133    -0.750       462.37199           4.8225510         47365
      0.150    -0.750       462.42757           4.7516232         48567
      0.168    -0.750       446.27456           4.6549487         48779
      0.188    -0.750       431.60513           4.4845415         49599
      0.211    -0.750       422.29298           4.4240267         49248
      0.237    -0.750       414.38664           4.3873196         49322
      0.266    -0.750       385.00072           4.0828626         48770
      0.299    -0.750       364.96595           3.9408487         47636
      0.335    -0.750       349.68927           3.8582251         46678
      0.376    -0.750       320.11110           3.6565889         45221
      0.422    -0.750       298.61453           3.4309526         44072
      0.473    -0.750       270.41457           3.2335957         41802
      0.531    -0.750       241.02027           2.9719597         39995
      0.596    -0.750       225.81535           2.8899239         38126
      0.668    -0.750       200.12604           2.6600341         36152
      0.750    -0.750       174.72763           2.4243535         33614
      0.841    -0.750       155.45667           2.2510987         31619
      0.944    -0.750       139.57382           2.0965847         29821
      1.059    -0.750       115.90898           1.8082635         27487
      1.189    -0.750       99.293653           1.6513927         25750
      1.334    -0.750       85.628719           1.4927712         23785
      1.496    -0.750       72.170198           1.3132960         21624
      1.679    -0.750       61.652671           1.1995896         20030
      1.884    -0.750       52.967108           1.0991667         18426
      2.113    -0.750       43.496737          0.92855373         16839
      2.371    -0.750       36.796592          0.83366248         15321
      2.661    -0.750       30.582036          0.74796767         13782
      2.985    -0.750       25.338535          0.63242371         12599
      3.350    -0.750       19.810662          0.52022098         11445
      3.758    -0.750       16.774884          0.47473888         10115
      4.217    -0.750       13.776653          0.40744976          9043
      4.732    -0.750       11.778354          0.37655415          8001
      5.309    -0.750       9.5004313          0.30491425          7327
      5.957    -0.750       7.8782794          0.26637372          6626
      6.683    -0.750       6.5473538          0.23549118          5854
      7.499    -0.750       4.6945514          0.18033612          5094
      8.414    -0.750       4.1772060          0.17501507          4556
      9.441    -0.750       3.5421802          0.15179574          3975
      0.106    -0.650       476.72632           5.6178926         42266
      0.119    -0.650       482.06846           5.7289357         43706
      0.133    -0.650       474.69215           5.5264321         45066
      0.150    -0.650       463.87568           5.3821839         45831
      0.168    -0.650       453.49159           5.1196333         46693
      0.188    -0.650       433.77081           4.8879436         47510
      0.211    -0.650       426.03483           4.7177774         47858
      0.237    -0.650       420.75737           4.7508415         47758
      0.266    -0.650       384.18009           4.3921851         47148
      0.299    -0.650       366.88811           4.2271322         46323
      0.335    -0.650       342.80746           3.9664747         45658
      0.376    -0.650       321.71277           3.7410531         44350
      0.422    -0.650       290.00375           3.4776856         42753
      0.473    -0.650       267.51099           3.2205384         41150
      0.531    -0.650       247.38813           3.1232863         39846
      0.596    -0.650       220.02378           2.8516835         37536
      0.668    -0.650       199.28999           2.6879910         35497
      0.750    -0.650       174.12279           2.4509481         33345
      0.841    -0.650       153.62823           2.2106765         31641
      0.944    -0.650       135.05807           2.0053002         29888
      1.059    -0.650       118.33274           1.8244021         27640
      1.189    -0.650       100.61572           1.6695587         25686
      1.334    -0.650       89.626366           1.5605861         23624
      1.496    -0.650       72.975678           1.3123771         22041
      1.679    -0.650       62.594145           1.1794915         20111
      1.884    -0.650       55.359363           1.1108436         18758
      2.113    -0.650       44.280918          0.91403866         16714
      2.371    -0.650       36.584190          0.80458681         15467
      2.661    -0.650       31.537135          0.74571860         13927
      2.985    -0.650       28.100818          0.71753427         12839
      3.350    -0.650       21.312014          0.53508365         11471
      3.758    -0.650       17.578954          0.48947091         10437
      4.217    -0.650       15.013328          0.42897813          9434
      4.732    -0.650       11.751245          0.36514032          8404
      5.309    -0.650       9.4318678          0.30312495          7469
      5.957    -0.650       7.9681322          0.27906839          6653
      6.683    -0.650       6.7600368          0.24073345          5879
      7.499    -0.650       5.2471236          0.20100274          5080
      8.414    -0.650       4.1149421          0.15987031          4643
      9.441    -0.650       3.2970862          0.13253143          4138
      0.106    -0.550       689.22576           9.9619583         40406
      0.119    -0.550       670.05914           9.6012325         41831
      0.133    -0.550       631.89746           8.9114631         42990
      0.150    -0.550       604.89977           8.4374381         43677
      0.168    -0.550       574.79062           7.6845652         44806
      0.188    -0.550       568.20080           7.7152299         45479
      0.211    -0.550       519.05139           6.9991613         45915
      0.237    -0.550       487.72535           6.5273880         45517
      0.266    -0.550       452.61530           6.0408606         45187
      0.299    -0.550       430.21170           5.7320025         44972
      0.335    -0.550       390.52583           5.1137807         43581
      0.376    -0.550       359.04755           4.7530909         42820
      0.422    -0.550       327.90934           4.3135655         41765
      0.473    -0.550       288.62804           3.8558466         40238
      0.531    -0.550       258.43736           3.4271980         38516
      0.596    -0.550       237.41047           3.2054969         36940
      0.668    -0.550       211.14536           2.9753111         35458
      0.750    -0.550       186.11532           2.6650804         33095
      0.841    -0.550       167.00958           2.4989406         31327
      0.944    -0.550       142.20425           2.2259668         29528
      1.059    -0.550       121.61101           1.9658713         27294
      1.189    -0.550       111.55083           1.8349482         25921
      1.334    -0.550       92.287970           1.6141442         23827
      1.496    -0.550       80.429598           1.4519041         22201
      1.679    -0.550       65.097828           1.2480816         20162
      1.884    -0.550       55.398138           1.1004061         18618
      2.113    -0.550       45.994166          0.98255283         16859
      2.371    -0.550       39.064858          0.86721988         15670
      2.661    -0.550       31.821291          0.73380325         14230
      2.985    -0.550       26.840375          0.67068341         12884
      3.350    -0.550       23.108846          0.61636858         11561
      3.758    -0.550       18.477061          0.50193927         10346
      4.217    -0.550       15.160752          0.42035566          9591
      4.732    -0.550       12.609604          0.37900083          8347
      5.309    -0.550       10.198876          0.31476526          7479
      5.957    -0.550       8.8242266          0.28821548          6885
      6.683    -0.550       6.4877197          0.22115554          5789
      7.499    -0.550       5.4913245          0.20458768          5377
      8.414    -0.550       4.4739147          0.17044840          4882
      9.441    -0.550       3.4873142          0.13953154          4170
      0.106    -0.450       900.31458           13.227145         38444
      0.119    -0.450       848.96455           12.642337         39435
      0.133    -0.450       817.31901           12.146168         40900
      0.150    -0.450       769.71501           10.999133         41873
      0.168    -0.450       704.71916           9.9878432         42286
      0.188    -0.450       674.72877           9.4976191         42990
      0.211    -0.450       629.93616           8.9031707         43357
      0.237    -0.450       591.37229           8.3490678         43169
      0.266    -0.450       532.47323           7.3231316         42814
      0.299    -0.450       496.13106           6.7802495         42907
      0.335    -0.450       445.81356           6.1347487         42182
      0.376    -0.450       409.48061           5.7188096         41636
      0.422    -0.450       367.69123           5.0737890         40343
      0.473    -0.450       327.13284           4.5778181         38691
      0.531    -0.450       295.95387           4.1087835         37708
      0.596    -0.450       266.19110           3.8109580         35954
      0.668    -0.450       233.99494           3.3758928         34158
      0.750    -0.450       207.18573           3.0946262         32730
      0.841    -0.450       175.33183           2.6853292         30668
      0.944    -0.450       151.23932           2.3927286         28896
      1.059    -0.450       132.17484           2.1492984         27402
      1.189    -0.450       111.04987           1.9065155         25074
      1.334    -0.450       94.879540           1.6579555         23659
      1.496    -0.450       82.469968           1.5346166         21955
      1.679    -0.450       71.714645           1.4076444         20339
      1.884    -0.450       59.838201           1.1928229         18620
      2.113    -0.450       48.854863           1.0475705         17230
      2.371    -0.450       41.487477          0.91420814         15708
      2.661    -0.450       34.437688          0.79529263         14376
      2.985    -0.450       28.072037          0.64992773         13064
      3.350    -0.450       24.420261          0.62790850         11849
      3.758    -0.450       19.834792          0.54562292         10669
      4.217    -0.450       15.105692          0.45038142          9538
      4.732    -0.450       13.644833          0.39622732          8835
      5.309    -0.450       10.407684          0.32336356          7740
      5.957    -0.450       8.6349455          0.26310158          7052
      6.683    -0.450       6.8911309          0.23170738          6148
      7.499    -0.450       5.6150820          0.20623023          5538
      8.414    -0.450       4.7279234          0.17902574          4888
      9.441    -0.450       3.6830116          0.14120501          4326
      0.106    -0.350       1197.8249           17.723668         35335
      0.119    -0.350       1137.8042           16.555550         37375
      0.133    -0.350       1042.1647           15.346610         37990
      0.150    -0.350       949.29820           13.674506         38651
      0.168    -0.350       881.82021           13.047737         39041
      0.188    -0.350       857.98765           12.331819         39971
      0.211    -0.350       780.72343           11.043861         40359
      0.237    -0.350       727.19599           10.521210         40605
      0.266    -0.350       656.35833           9.3580690         40396
      0.299    -0.350       601.46630           8.6493154         39972
      0.335    -0.350       536.56721           7.6100100         39414
      0.376    -0.350       490.82401           7.0613109         38777
      0.422    -0.350       440.55212           6.3965020         37838
      0.473    -0.350       385.87045           5.3790117         36670
      0.531    -0.350       347.21289           5.2189036         35136
      0.596    -0.350       304.04218           4.5142051         34056
      0.668    -0.350       262.91437           3.9625652         32721
      0.750    -0.350       226.95452           3.5080707         30940
      0.841    -0.350       199.09652           3.1499713         29465
      0.944    -0.350       171.83649           2.9528415         27646
      1.059    -0.350       146.88106           2.4459105         26425
      1.189    -0.350       124.18640           2.1712360         24396
      1.334    -0.350       106.19877           1.9562422         23021
      1.496    -0.350       91.834657           1.7370258         21242
      1.679    -0.350       76.399642           1.5116474         19933
      1.884    -0.350       63.317464           1.3083746         18293
      2.113    -0.350       53.545331           1.1545883         16706
      2.371    -0.350       43.163141          0.95515096         15340
      2.661    -0.350       37.303979          0.89212562         14173
      2.985    -0.350       30.076636          0.75289482         13153
      3.350    -0.350       26.002819          0.68769830         11891
      3.758    -0.350       20.734858          0.54875224         10765
      4.217    -0.350       16.915551          0.49552579          9742
      4.732    -0.350       14.490879          0.43511631          8824
      5.309    -0.350       11.773471          0.38434346          7873
      5.957    -0.350       9.4177418          0.30931675          7082
      6.683    -0.350       7.6127220          0.24411988          6388
      7.499    -0.350       6.1122282          0.22705279          5579
      8.414    -0.350       5.4500236          0.21320877          5106
      9.441    -0.350       4.1019062          0.16968402          4479
      0.106    -0.250       1684.8449           24.745228         32705
      0.119    -0.250       1621.8580           23.468610         33410
      0.133    -0.250       1489.9837           22.134375         33920
      0.150    -0.250       1317.2346           19.419656         34522
      0.168    -0.250       1229.5577           17.927262         35242
      0.188    -0.250       1175.1965           17.677770         35758
      0.211    -0.250       1044.6797           15.639768         35586
      0.237    -0.250       942.11114           13.578716         35677
      0.266    -0.250       868.80919           12.911774         35469
      0.299    -0.250       791.61879           11.927163         34921
      0.335    -0.250       688.27563           10.542563         34638
      0.376    -0.250       598.95188           9.2150731         34129
      0.422    -0.250       518.95719           7.9172398         33089
      0.473    -0.250       465.65652           7.1925080         32513
      0.531    -0.250       401.85257           6.4812238         31354
      0.596    -0.250       351.55526           5.6655562         30267
      0.668    -0.250       317.86343           5.2588933         29178
      0.750    -0.250       264.99309           4.3503805         27776
      0.841    -0.250       227.31277           3.8504050         26617
      0.944    -0.250       193.60767           3.3835443         25179
      1.059    -0.250       164.30514           2.9670478         23963
      1.189    -0.250       143.48593           2.7757367         22650
      1.334    -0.250       116.92927           2.2746629         21239
      1.496    -0.250       100.43302           2.1079654         19540
      1.679    -0.250       80.145872           1.6903725         18282
      1.884    -0.250       67.391154           1.4609800         17113
      2.113    -0.250       58.531461           1.3552450         15948
      2.371    -0.250       47.953710           1.1438608         14666
      2.661    -0.250       38.771238          0.94243971         13575
      2.985    -0.250       32.944867          0.80870884         12565
      3.350    -0.250       26.809565          0.69768109         11191
      3.758    -0.250       22.178611          0.64142318         10195
      4.217    -0.250       18.923451          0.51982948          9414
      4.732    -0.250       14.434258          0.42643093          8323
      5.309    -0.250       12.199557          0.39107618          7705
      5.957    -0.250       9.6185380          0.30616416          6956
      6.683    -0.250       8.2264005          0.28150351          6085
      7.499    -0.250       6.5085324          0.24646458          5500
      8.414    -0.250       5.2163524          0.20007516          4907
      9.441    -0.250       4.4333524          0.18334015          4401
      0.106    -0.150       2684.9180           41.816908         27131
      0.119    -0.150       2498.6547           39.581036         27479
      0.133    -0.150       2284.1729           35.111574         27960
      0.150    -0.150       2071.9467           34.018867         28204
      0.168    -0.150       1865.9902           30.017169         28004
      0.188    -0.150       1732.5622           28.270196         28367
      0.211    -0.150       1537.3012           26.163821         28011
      0.237    -0.150       1376.3455           23.250314         27957
      0.266    -0.150       1201.9595           20.857301         27751
      0.299    -0.150       1074.7038           19.018954         27251
      0.335    -0.150       913.39718           16.142264         26621
      0.376    -0.150       818.57103           15.146498         26132
      0.422    -0.150       652.25422           11.987297         25414
      0.473    -0.150       595.89095           11.819110         24572
      0.531    -0.150       505.86418           9.6842382         23764
      0.596    -0.150       427.33939           8.3141098         22737
      0.668    -0.150       367.14472           7.1496841         22154
      0.750    -0.150       293.02325           5.7725527         21295
      0.841    -0.150       267.35966           5.6207715         20618
      0.944    -0.150       211.53732           4.4011500         19393
      1.059    -0.150       177.82893           3.7220296         18414
      1.189    -0.150       156.27745           3.5221462         17531
      1.334    -0.150       127.42946           2.8099105         16695
      1.496    -0.150       105.62826           2.4279125         15553
      1.679    -0.150       89.761761           2.1105242         14708
      1.884    -0.150       75.322058           1.8122283         13748
      2.113    -0.150       61.215493           1.5323507         12784
      2.371    -0.150       50.313767           1.2953361         11879
      2.661    -0.150       44.928385           1.2350570         10945
      2.985    -0.150       36.854605          0.98626063         10269
      3.350    -0.150       28.694351          0.83618404          9146
      3.758    -0.150       24.024231          0.74186339          8686
      4.217    -0.150       19.367998          0.61595000          7933
      4.732    -0.150       16.294529          0.54368988          7170
      5.309    -0.150       12.769755          0.41798658          6487
      5.957    -0.150       11.175085          0.39275664          6005
      6.683    -0.150       9.5967751          0.37829093          5368
      7.499    -0.150       7.8536978          0.31260926          4794
      8.414    -0.150       5.7575011          0.22224350          4302
      9.441    -0.150       4.6689261          0.20020941          3844
      0.106    -0.050       4525.9303           129.35821         13731
      0.119    -0.050       4115.6278           110.10918         13737
      0.133    -0.050       3751.1398           108.60276         13413
      0.150    -0.050       3385.0550           111.35843         13392
      0.168    -0.050       2960.8984           90.759208         13417
      0.188    -0.050       2656.8815           88.167008         13205
      0.211    -0.050       2343.3883           86.234871         13075
      0.237    -0.050       2084.3669           67.422715         12991
      0.266    -0.050       1737.5739           52.141147         12370
      0.299    -0.050       1436.8453           50.467716         12053
      0.335    -0.050       1252.4470           43.236705         11756
      0.376    -0.050       1042.3575           34.766282         11544
      0.422    -0.050       919.36727           34.732703         11090
      0.473    -0.050       784.22467           33.803059         10604
      0.531    -0.050       598.85462           21.814570         10294
      0.596    -0.050       486.84970           17.966047          9701
      0.668    -0.050       444.46969           19.210707          9269
      0.750    -0.050       355.90928           13.170128          8914
      0.841    -0.050       305.51457           11.969693          8530
      0.944    -0.050       231.99071           8.6527660          8104
      1.059    -0.050       199.12593           8.0195015          7618
      1.189    -0.050       166.71787           6.7066318          7294
      1.334    -0.050       144.77494           7.3437985          7000
      1.496    -0.050       114.96016           4.9818957          6449
      1.679    -0.050       94.003464           4.2529398          6148
      1.884    -0.050       74.346636           2.9644478          5588
      2.113    -0.050       63.820863           3.1424766          5386
      2.371    -0.050       57.069394           2.7431697          5043
      2.661    -0.050       45.621641           3.0134705          4538
      2.985    -0.050       37.349768           2.3384764          4361
      3.350    -0.050       29.126946           1.4766837          4038
      3.758    -0.050       25.930686           1.4344059          3722
      4.217    -0.050       18.469680          0.91694695          3484
      4.732    -0.050       16.309310          0.91304809          3119
      5.309    -0.050       13.318000          0.85777907          2887
      5.957    -0.050       11.230227          0.73325161          2529
      6.683    -0.050       9.8543561          0.71839074          2484
      7.499    -0.050       7.5283517          0.56267157          2124
      8.414    -0.050       7.7274038          0.57634578          2010
      9.441    -0.050       4.9639268          0.36380193          1723
      0.106     0.050       4566.3455           138.14171         13530
      0.119     0.050       4448.8387           120.44805         13860
      0.133     0.050       3913.9834           114.40296         13642
      0.150     0.050       3451.6707           104.98104         13420
      0.168     0.050       2917.4515           90.719075         13236
      0.188     0.050       2608.4490           86.336407         12979
      0.211     0.050       2390.2317           88.555133         12957
      0.237     0.050       2061.3355           67.276213         12821
      0.266     0.050       1812.3978           56.396157         12463
      0.299     0.050       1482.6797           47.202578         11940
      0.335     0.050       1216.0471           41.786664         11830
      0.376     0.050       1006.6621           34.552323         11154
      0.422     0.050       869.03172           32.996586         10865
      0.473     0.050       733.74765           30.617021         10539
      0.531     0.050       612.03530           22.141286         10261
      0.596     0.050       499.67377           19.690863          9581
      0.668     0.050       416.11852           16.711271          9213
      0.750     0.050       330.58139           12.193512          8819
      0.841     0.050       302.75943           11.771122          8338
      0.944     0.050       234.56406           9.1502954          7974
      1.059     0.050       203.68391           8.4451825          7595
      1.189     0.050       155.08690           6.7972430          7267
      1.334     0.050       145.97474           7.5850859          6802
      1.496     0.050       118.27455           5.1203599          6474
      1.679     0.050       93.922606           4.3625648          5953
      1.884     0.050       70.626131           2.7922613          5623
      2.113     0.050       62.677302           3.0763660          5320
      2.371     0.050       51.909663           2.5987740          4936
      2.661     0.050       47.917510           3.1462532          4546
      2.985     0.050       34.484102           1.6911821          4330
      3.350     0.050       29.744953           1.4826515          4014
      3.758     0.050       24.558388           1.3921963          3637
      4.217     0.050       18.358471           1.1035610          3290
      4.732     0.050       18.050373           1.8595400          2987
      5.309     0.050       14.944427          0.91888912          2932
      5.957     0.050       11.353578          0.78799382          2534
      6.683     0.050       10.032684          0.74624846          2407
      7.499     0.050       7.9323975          0.57183962          2170
      8.414     0.050       6.7503171          0.48911311          1950
      9.441     0.050       4.8911418          0.39637832          1677
      0.106     0.150       3180.9800           49.015308         27801
      0.119     0.150       3017.0923           47.354807         28476
      0.133     0.150       2604.6851           41.645906         28182
      0.150     0.150       2328.1706           37.388498         28560
      0.168     0.150       2070.5292           34.652073         28614
      0.188     0.150       1850.9307           31.305756         28390
      0.211     0.150       1685.7286           29.048731         28402
      0.237     0.150       1462.8185           25.421254         27998
      0.266     0.150       1281.9017           23.425067         27693
      0.299     0.150       1113.8083           19.719681         27147
      0.335     0.150       964.68408           17.603106         26644
      0.376     0.150       818.22226           15.322095         25902
      0.422     0.150       690.01562           13.128207         25338
      0.473     0.150       588.57437           11.104279         24802
      0.531     0.150       494.91554           9.6821739         23893
      0.596     0.150       432.75801           8.6266112         22897
      0.668     0.150       361.83520           7.3398053         22166
      0.750     0.150       296.19846           6.0797934         20884
      0.841     0.150       246.50833           5.1983307         20238
      0.944     0.150       214.01069           4.5021984         19404
      1.059     0.150       176.10526           3.8342806         18215
      1.189     0.150       150.45127           3.4362960         17274
      1.334     0.150       128.15943           2.9696713         16349
      1.496     0.150       108.74847           2.6588374         15313
      1.679     0.150       89.653173           2.1257406         14540
      1.884     0.150       72.781249           1.7619885         13610
      2.113     0.150       63.837310           1.6720864         12550
      2.371     0.150       52.292765           1.4848503         11395
      2.661     0.150       41.397183           1.1538939         10883
      2.985     0.150       34.514873          0.97990326          9927
      3.350     0.150       28.623581          0.81148083          9279
      3.758     0.150       22.980242          0.69775652          8366
      4.217     0.150       20.023594          0.63721090          7779
      4.732     0.150       15.954874          0.52171015          7034
      5.309     0.150       13.548267          0.44716112          6446
      5.957     0.150       10.945171          0.39733219          5830
      6.683     0.150       8.7567926          0.31405181          5303
      7.499     0.150       7.7789288          0.31080590          4727
      8.414     0.150       5.6742097          0.20351630          4296
      9.441     0.150       4.6789304          0.20273135          3670
      0.106     0.250       2527.8036           34.405211         34871
      0.119     0.250       2271.6672           31.320311         36222
      0.133     0.250       2065.0775           29.145988         36020
      0.150     0.250       1843.9827           26.382216         36311
      0.168     0.250       1677.6987           24.000860         36611
      0.188     0.250       1515.8967           21.965026         37044
      0.211     0.250       1374.1283           20.006635         37040
      0.237     0.250       1206.6913           18.019520         36903
      0.266     0.250       1067.0879           15.894581         36618
      0.299     0.250       937.51108           14.206152         36253
      0.335     0.250       815.03166           12.602901         35304
      0.376     0.250       706.07940           11.213998         34715
      0.422     0.250       592.05662           9.5584052         33384
      0.473     0.250       524.56982           8.1878499         32982
      0.531     0.250       455.55910           7.5291108         31581
      0.596     0.250       374.97995           6.0827408         30498
      0.668     0.250       329.81991           5.5348803         29141
      0.750     0.250       273.79162           4.7857681         27774
      0.841     0.250       235.83201           4.2206185         26383
      0.944     0.250       204.21442           3.6402054         25007
      1.059     0.250       164.81318           3.1392192         23334
      1.189     0.250       144.23020           2.7363293         22068
      1.334     0.250       121.01376           2.5193792         20895
      1.496     0.250       99.351260           2.0195823         19535
      1.679     0.250       83.448793           1.7628794         18222
      1.884     0.250       68.811944           1.4634498         17090
      2.113     0.250       57.419393           1.3260726         15414
      2.371     0.250       49.369208           1.1690527         14390
      2.661     0.250       40.914137          0.99490559         13260
      2.985     0.250       34.784340          0.87380824         12193
      3.350     0.250       27.313092          0.68414827         11159
      3.758     0.250       21.593376          0.60897986          9861
      4.217     0.250       17.585281          0.49333741          8944
      4.732     0.250       14.745319          0.44994401          7988
      5.309     0.250       11.940178          0.36448751          7341
      5.957     0.250       9.5702573          0.32295425          6679
      6.683     0.250       8.2565685          0.29186627          6002
      7.499     0.250       6.6107432          0.24672776          5518
      8.414     0.250       5.5714569          0.21992810          4629
      9.441     0.250       3.9997503          0.14551999          4162
      0.106     0.350       2177.6101           27.127940         40727
      0.119     0.350       2040.8345           25.760108         41784
      0.133     0.350       1842.7306           23.524074         42200
      0.150     0.350       1619.7586           21.352360         42367
      0.168     0.350       1513.6904           19.640343         43582
      0.188     0.350       1353.5918           17.893840         43214
      0.211     0.350       1258.1018           16.717587         43464
      0.237     0.350       1109.5736           14.772299         43533
      0.266     0.350       982.24295           13.308241         42673
      0.299     0.350       881.09715           12.208080         42379
      0.335     0.350       754.52271           10.558848         41387
      0.376     0.350       664.68477           9.2783382         40373
      0.422     0.350       570.25257           8.2632470         39457
      0.473     0.350       503.07766           7.4498985         37705
      0.531     0.350       433.02801           6.3478620         36331
      0.596     0.350       366.99571           5.5226097         35027
      0.668     0.350       315.02705           4.8761333         33329
      0.750     0.350       270.72374           4.2658803         31612
      0.841     0.350       231.40935           3.8455671         29796
      0.944     0.350       188.19990           3.2094407         28079
      1.059     0.350       165.87972           2.9005579         26611
      1.189     0.350       137.15872           2.5246080         24835
      1.334     0.350       116.59379           2.2375543         23042
      1.496     0.350       98.276073           1.9596371         21475
      1.679     0.350       82.045799           1.7132532         20177
      1.884     0.350       63.997697           1.3104813         18403
      2.113     0.350       55.206134           1.2121907         16867
      2.371     0.350       44.877377          0.98801583         15699
      2.661     0.350       37.442521          0.91968186         14265
      2.985     0.350       30.495271          0.74876532         12903
      3.350     0.350       24.861564          0.62914333         11749
      3.758     0.350       21.116609          0.57192082         10661
      4.217     0.350       16.554336          0.46396930          9556
      4.732     0.350       13.947580          0.41362047          8760
      5.309     0.350       11.035051          0.33461417          7735
      5.957     0.350       9.2594262          0.29844844          7059
      6.683     0.350       7.4150143          0.26447628          6287
      7.499     0.350       6.1549452          0.23815837          5583
      8.414     0.350       5.4425099          0.20281037          5088
      9.441     0.350       4.0341318          0.15594090          4494
      0.106     0.450       2056.1962           24.499319         45414
      0.119     0.450       1932.3551           23.038806         46704
      0.133     0.450       1709.8052           20.816537         47331
      0.150     0.450       1517.7650           18.578471         47238
      0.168     0.450       1424.6114           17.647636         48232
      0.188     0.450       1271.8890           15.648900         48219
      0.211     0.450       1178.3310           14.838441         48194
      0.237     0.450       1063.9619           13.450446         48006
      0.266     0.450       913.32481           11.694420         47162
      0.299     0.450       814.43399           10.478023         46256
      0.335     0.450       737.84929           9.8101205         45389
      0.376     0.450       637.20846           8.6057822         44440
      0.422     0.450       552.49033           7.4367545         42590
      0.473     0.450       464.04521           6.4314631         40746
      0.531     0.450       411.33212           5.7696016         39066
      0.596     0.450       345.79177           5.0041418         37065
      0.668     0.450       301.10730           4.4232127         35530
      0.750     0.450       262.48038           3.9624361         33782
      0.841     0.450       221.83807           3.4521229         31301
      0.944     0.450       189.54280           3.0849646         29857
      1.059     0.450       157.23112           2.7021263         27764
      1.189     0.450       131.64029           2.2738231         25891
      1.334     0.450       115.21750           2.1130043         23912
      1.496     0.450       94.273882           1.8259701         22258
      1.679     0.450       78.799144           1.5880727         20292
      1.884     0.450       63.455244           1.3343375         18934
      2.113     0.450       53.264233           1.2596543         16948
      2.371     0.450       42.612258          0.96172079         15943
      2.661     0.450       34.901999          0.82232810         14203
      2.985     0.450       29.144223          0.72700205         13012
      3.350     0.450       23.307318          0.61533849         11877
      3.758     0.450       19.847669          0.54352166         10921
      4.217     0.450       15.805840          0.47081565          9444
      4.732     0.450       14.161913          0.43413688          8651
      5.309     0.450       10.911577          0.33811271          7944
      5.957     0.450       8.2046956          0.27139272          6910
      6.683     0.450       7.5530283          0.26401010          6264
      7.499     0.450       5.4993382          0.20410543          5419
      8.414     0.450       4.5079334          0.16516627          4956
      9.441     0.450       3.8065749          0.14242025          4351
      0.106     0.550       1918.2571           21.466654         49628
      0.119     0.550       1803.6435           20.662330         50322
      0.133     0.550       1639.7595           18.771674         51060
      0.150     0.550       1493.3114           17.586312         51370
      0.168     0.550       1343.6570           15.809537         51360
      0.188     0.550       1266.0034           14.951633         52078
      0.211     0.550       1123.2544           13.466153         51801
      0.237     0.550       1021.0953           12.358720         51078
      0.266     0.550       912.02767           11.209602         50152
      0.299     0.550       802.80605           9.9518647         49165
      0.335     0.550       703.75782           8.8714821         48017
      0.376     0.550       618.41168           7.8643034         46633
      0.422     0.550       544.76231           7.0873110         44281
      0.473     0.550       461.69468           6.1262380         42447
      0.531     0.550       401.46853           5.6112305         40388
      0.596     0.550       349.11961           4.9177110         38518
      0.668     0.550       294.40288           4.2695544         36360
      0.750     0.550       256.54181           3.9090176         34170
      0.841     0.550       211.63911           3.2825966         32157
      0.944     0.550       182.52335           2.9399911         30267
      1.059     0.550       154.83624           2.6254580         28056
      1.189     0.550       129.58665           2.3139208         26044
      1.334     0.550       105.93586           1.9626574         23715
      1.496     0.550       87.607242           1.6915957         22317
      1.679     0.550       71.856658           1.4374513         20318
      1.884     0.550       62.090790           1.2993457         18723
      2.113     0.550       47.407499           1.0599222         16994
      2.371     0.550       41.021319          0.96814690         15523
      2.661     0.550       33.118812          0.77405659         14350
      2.985     0.550       28.674365          0.73836383         12879
      3.350     0.550       22.462690          0.58943766         11584
      3.758     0.550       18.397460          0.53672448         10421
      4.217     0.550       16.269881          0.49783939          9375
      4.732     0.550       12.902662          0.39873554          8490
      5.309     0.550       9.6825617          0.33312278          7490
      5.957     0.550       8.1545994          0.30573420          6695
      6.683     0.550       6.8595085          0.23909431          6124
      7.499     0.550       5.1853821          0.19181987          5320
      8.414     0.550       4.3501702          0.16326324          4833
      9.441     0.550       3.4085120          0.13255828          4197
      0.106     0.650       1915.7944           20.951683         52500
      0.119     0.650       1782.5848           19.506795         53801
      0.133     0.650       1534.5210           17.172040         54075
      0.150     0.650       1424.3813           16.057647         54190
      0.168     0.650       1308.5869           14.812236         54259
      0.188     0.650       1196.4690           13.810192         54810
      0.211     0.650       1098.5133           12.684324         54015
      0.237     0.650       993.21765           11.676360         53078
      0.266     0.650       882.62210           10.621515         52206
      0.299     0.650       764.93597           9.2711283         50926
      0.335     0.650       683.26233           8.3869388         49134
      0.376     0.650       594.99562           7.3678146         47537
      0.422     0.650       527.48679           6.6933291         45829
      0.473     0.650       446.53256           5.8187106         43529
      0.531     0.650       402.76703           5.3385450         41479
      0.596     0.650       331.25898           4.6337452         38868
      0.668     0.650       293.27887           4.1293037         37301
      0.750     0.650       248.33917           3.6909294         34499
      0.841     0.650       213.61670           3.3001907         32612
      0.944     0.650       177.57946           2.8886451         30187
      1.059     0.650       146.01704           2.4958611         28347
      1.189     0.650       123.78196           2.1629944         26247
      1.334     0.650       102.04682           1.8674678         24080
      1.496     0.650       85.085020           1.6268892         22103
      1.679     0.650       70.660467           1.4517104         20214
      1.884     0.650       59.751697           1.3133902         18559
      2.113     0.650       48.315921           1.0776124         16861
      2.371     0.650       40.329825          0.93322198         15567
      2.661     0.650       33.697308          0.83645964         14168
      2.985     0.650       27.015895          0.68388237         12809
      3.350     0.650       23.142313          0.61291962         11673
      3.758     0.650       19.153410          0.55533095         10448
      4.217     0.650       14.650684          0.43079262          9294
      4.732     0.650       11.638723          0.35191745          8303
      5.309     0.650       9.6968595          0.32024042          7494
      5.957     0.650       7.8118216          0.26303099          6766
      6.683     0.650       6.5310562          0.22840234          5977
      7.499     0.650       5.1729838          0.18705877          5188
      8.414     0.650       4.2112389          0.17180642          4610
      9.441     0.650       3.2665478          0.13722914          4099
      0.106     0.750       1823.3178           19.548711         55500
      0.119     0.750       1721.2031           18.500108         56253
      0.133     0.750       1547.6619           16.896122         56405
      0.150     0.750       1428.8740           15.609620         56120
      0.168     0.750       1285.7989           14.160303         56664
      0.188     0.750       1176.8658           13.213243         56196
      0.211     0.750       1090.4860           12.529342         56002
      0.237     0.750       971.93662           11.234382         54719
      0.266     0.750       870.69814           10.302225         53114
      0.299     0.750       775.68989           9.2694421         51775
      0.335     0.750       668.38363           8.1566848         50018
      0.376     0.750       589.14573           7.2558327         48525
      0.422     0.750       515.35602           6.4726723         46237
      0.473     0.750       443.53070           5.8127991         44372
      0.531     0.750       385.86392           5.2029681         41315
      0.596     0.750       323.02501           4.4455836         39360
      0.668     0.750       289.34018           4.1959318         37041
      0.750     0.750       240.26564           3.6459291         34520
      0.841     0.750       199.77349           3.1546766         32482
      0.944     0.750       167.70062           2.7570407         29960
      1.059     0.750       142.76980           2.4813275         27718
      1.189     0.750       122.89933           2.1938272         25774
      1.334     0.750       102.10556           1.9251020         23392
      1.496     0.750       85.820094           1.7300893         21784
      1.679     0.750       70.639682           1.4832186         20136
      1.884     0.750       58.559811           1.2590595         18496
      2.113     0.750       46.120085           1.0379505         16726
      2.371     0.750       37.865735          0.90785849         15123
      2.661     0.750       32.315052          0.80875321         13817
      2.985     0.750       25.268570          0.64949702         12492
      3.350     0.750       20.645597          0.55133152         11312
      3.758     0.750       16.942440          0.49125283          9913
      4.217     0.750       13.939225          0.43113505          8954
      4.732     0.750       11.595879          0.36697394          7989
      5.309     0.750       9.5093615          0.32468974          7204
      5.957     0.750       7.2280645          0.25721142          6391
      6.683     0.750       6.2548708          0.22180093          5749
      7.499     0.750       5.3745749          0.22395749          5111
      8.414     0.750       3.8640587          0.14936262          4496
      9.441     0.750       3.0089305          0.12702797          3885
      0.106     0.850       1814.4807           18.923128         57294
      0.119     0.850       1655.0311           17.424713         57734
      0.133     0.850       1542.1105           16.587499         57906
      0.150     0.850       1403.5353           15.373665         58059
      0.168     0.850       1267.6596           13.736732         57860
      0.188     0.850       1154.2041           12.795968         57162
      0.211     0.850       1054.1010           11.793785         56709
      0.237     0.850       939.77063           10.568589         55659
      0.266     0.850       862.45559           9.8116544         54175
      0.299     0.850       770.99333           9.1114594         52747
      0.335     0.850       652.87305           7.7430859         50808
      0.376     0.850       576.37822           7.0873066         49051
      0.422     0.850       505.37575           6.4025155         46539
      0.473     0.850       438.33368           5.6377616         44137
      0.531     0.850       378.91992           5.1092662         42050
      0.596     0.850       319.05296           4.4510987         39227
      0.668     0.850       275.83557           3.9510808         37123
      0.750     0.850       235.84633           3.5655315         34354
      0.841     0.850       190.62605           3.0275958         32622
      0.944     0.850       166.95378           2.8009282         29978
      1.059     0.850       138.30919           2.3707283         27876
      1.189     0.850       115.98856           2.1036996         25565
      1.334     0.850       98.295535           1.8525556         23864
      1.496     0.850       81.944465           1.6238345         21962
      1.679     0.850       68.477251           1.3992628         20179
      1.884     0.850       55.304039           1.2272750         18277
      2.113     0.850       43.219705           1.0128016         16460
      2.371     0.850       38.236562          0.93818432         15160
      2.661     0.850       30.161616          0.74273909         13585
      2.985     0.850       25.823009          0.71803158         12439
      3.350     0.850       21.394786          0.59392614         11259
      3.758     0.850       17.261774          0.49526207         10186
      4.217     0.850       13.516150          0.43075451          9001
      4.732     0.850       10.883436          0.34729748          8080
      5.309     0.850       9.1460008          0.31509394          7179
      5.957     0.850       7.6724329          0.27981527          6447
      6.683     0.850       6.1866155          0.22440837          5877
      7.499     0.850       5.0596480          0.18946875          5173
      8.414     0.850       3.8141670          0.14762463          4475
      9.441     0.850       3.1614261          0.13904460          3865
      0.106     0.950       1782.6896           18.357840         58728
      0.119     0.950       1668.0178           17.351784         59249
      0.133     0.950       1533.1715           16.156992         59392
      0.150     0.950       1383.5655           14.905684         59056
      0.168     0.950       1261.1287           13.667643         58938
      0.188     0.950       1122.7877           12.170464         58245
      0.211     0.950       1068.8512           11.819436         57866
      0.237     0.950       955.76796           10.741176         56445
      0.266     0.950       851.46744           9.7300519         54731
      0.299     0.950       738.96433           8.7353982         52922
      0.335     0.950       652.70951           7.8086986         50628
      0.376     0.950       568.65958           6.9476334         48342
      0.422     0.950       490.91482           6.1939734         46426
      0.473     0.950       432.55559           5.6263400         43884
      0.531     0.950       362.83138           4.9083474         41278
      0.596     0.950       312.49022           4.4246351         38933
      0.668     0.950       267.37359           3.8634759         36782
      0.750     0.950       222.58012           3.3629338         34064
      0.841     0.950       194.45885           3.0677246         31693
      0.944     0.950       168.28504           2.7777510         29769
      1.059     0.950       139.70137           2.4134842         27452
      1.189     0.950       115.40790           2.1233678         25392
      1.334     0.950       95.236633           1.8101712         23004
      1.496     0.950       80.096478           1.5850043         21278
      1.679     0.950       65.699809           1.3824788         19651
      1.884     0.950       55.903569           1.2461996         17646
      2.113     0.950       42.600096          0.98112597         15915
      2.371     0.950       35.729450          0.88029846         14629
      2.661     0.950       28.653228          0.72564205         13383
      2.985     0.950       24.266844          0.63169465         12181
      3.350     0.950       19.678291          0.55612507         10584
      3.758     0.950       15.681872          0.43674289          9749
      4.217     0.950       12.969287          0.38100641          8798
      4.732     0.950       10.817600          0.35758110          7842
      5.309     0.950       9.0165380          0.31086472          6972
      5.957     0.950       7.2499786          0.26462321          6131
      6.683     0.950       5.9926265          0.22707894          5446
      7.499     0.950       4.5480839          0.17606884          4793
      8.414     0.950       4.2985797          0.17514280          4299
      9.441     0.950       3.1984140          0.14287336          3745
