 # fmin10_0311z.kam_nbm   
      0.112    -0.950       772.61081           6.3555053        104401
      0.141    -0.950       714.22735           5.8268858        107991
      0.178    -0.950       635.18530           5.1458935        108757
      0.224    -0.950       576.17947           4.6363501        107402
      0.282    -0.950       492.76907           4.0754381        102783
      0.355    -0.950       417.46186           3.5230292         96259
      0.447    -0.950       332.68602           2.9887793         87960
      0.562    -0.950       256.59694           2.4587609         78930
      0.708    -0.950       198.32649           2.0238581         69985
      0.891    -0.950       145.62010           1.6177616         60926
      1.122    -0.950       106.13800           1.3039117         52157
      1.413    -0.950       77.126660           1.0411377         44574
      1.778    -0.950       52.202075          0.79139626         36859
      2.239    -0.950       35.044672          0.59296272         30719
      2.818    -0.950       23.687598          0.44200677         25043
      3.548    -0.950       15.246240          0.31025679         20140
      4.467    -0.950       9.9423156          0.21906960         16237
      5.623    -0.950       6.5071446          0.16015880         12886
      7.079    -0.950       4.4239002          0.12186706         10014
      8.913    -0.950       2.7043794          0.79930103E-01      7838
      0.112    -0.850       822.61189           7.2240445        101384
      0.141    -0.850       753.12270           6.6044828        104497
      0.178    -0.850       673.39652           5.7519428        106435
      0.224    -0.850       597.32876           5.1667452        105454
      0.282    -0.850       501.87500           4.3398600        101663
      0.355    -0.850       421.35527           3.6849855         95583
      0.447    -0.850       337.68918           3.0974099         87916
      0.562    -0.850       260.65775           2.5031810         79294
      0.708    -0.850       203.53716           2.0815955         70782
      0.891    -0.850       149.81702           1.6927957         61579
      1.122    -0.850       110.06444           1.3437643         52896
      1.413    -0.850       78.119810           1.0396759         44935
      1.778    -0.850       53.468192          0.80800211         37876
      2.239    -0.850       35.886935          0.58518174         31479
      2.818    -0.850       24.743381          0.45089494         25474
      3.548    -0.850       16.695894          0.33269889         20859
      4.467    -0.850       10.492510          0.22138425         16921
      5.623    -0.850       6.6452052          0.15801484         13045
      7.079    -0.850       4.3898653          0.11524165         10163
      8.913    -0.850       2.8905109          0.84912975E-01      7980
      0.112    -0.750       945.48105           8.2629179         98869
      0.141    -0.750       850.01455           7.3771363        103075
      0.178    -0.750       740.28630           6.3490423        104398
      0.224    -0.750       651.24021           5.6340989        103693
      0.282    -0.750       549.78173           4.8206965        100107
      0.355    -0.750       460.63742           4.0752094         94882
      0.447    -0.750       362.32963           3.3823691         87706
      0.562    -0.750       274.80686           2.6899914         78618
      0.708    -0.750       210.11098           2.1668458         70256
      0.891    -0.750       157.25284           1.7777888         61207
      1.122    -0.750       111.28152           1.3595738         52856
      1.413    -0.750       80.020741           1.0806169         45519
      1.778    -0.750       56.633812          0.84045996         38329
      2.239    -0.750       39.526111          0.66399139         31928
      2.818    -0.750       25.624768          0.46405988         26232
      3.548    -0.750       16.274366          0.31647893         20934
      4.467    -0.750       10.427239          0.21902772         16957
      5.623    -0.750       6.8844732          0.16641936         13405
      7.079    -0.750       4.7142320          0.12138456         10665
      8.913    -0.750       2.9853223          0.86860650E-01      8320
      0.112    -0.650       966.80699           8.6808583         93631
      0.141    -0.650       851.53419           7.7085956         97149
      0.178    -0.650       745.80998           6.6384067         99233
      0.224    -0.650       659.58777           5.8637598         99946
      0.282    -0.650       560.43431           5.0997671         96900
      0.355    -0.650       456.08127           4.2419138         92371
      0.447    -0.650       366.79058           3.5070907         85931
      0.562    -0.650       282.75019           2.8690000         77997
      0.708    -0.650       214.74206           2.2498198         69512
      0.891    -0.650       160.95695           1.8543632         61232
      1.122    -0.650       118.93479           1.4391259         53349
      1.413    -0.650       82.604484           1.1095635         45291
      1.778    -0.650       57.732335          0.85844126         37906
      2.239    -0.650       39.373321          0.64642024         31585
      2.818    -0.650       26.421063          0.46970352         26358
      3.548    -0.650       18.307783          0.36025478         21633
      4.467    -0.650       11.562221          0.24421450         17251
      5.623    -0.650       7.3396647          0.17388666         13688
      7.079    -0.650       4.8912269          0.12875538         10701
      8.913    -0.650       3.1151171          0.87946167E-01      8360
      0.112    -0.550       862.83364           8.4428164         85430
      0.141    -0.550       775.23597           7.5666836         89290
      0.178    -0.550       681.08671           6.5064127         92143
      0.224    -0.550       603.12428           5.7290720         92733
      0.282    -0.550       510.42927           4.7597371         91465
      0.355    -0.550       430.27418           4.1595760         87869
      0.447    -0.550       344.12078           3.3212769         82516
      0.562    -0.550       271.80855           2.7544981         75571
      0.708    -0.550       210.55513           2.2429893         68158
      0.891    -0.550       156.30589           1.7644887         60334
      1.122    -0.550       115.29886           1.4031818         52232
      1.413    -0.550       82.928267           1.1060571         45504
      1.778    -0.550       57.935883          0.83735941         38036
      2.239    -0.550       39.752151          0.62875764         31895
      2.818    -0.550       27.436447          0.47498641         26396
      3.548    -0.550       18.577378          0.35055194         21501
      4.467    -0.550       12.332788          0.25906778         17174
      5.623    -0.550       7.7884992          0.17506670         13808
      7.079    -0.550       5.3359931          0.13499828         10928
      8.913    -0.550       3.3646497          0.89542043E-01      8607
      0.112    -0.450       832.70965           9.0894524         77154
      0.141    -0.450       738.67846           8.1284632         80367
      0.178    -0.450       645.55831           6.8943571         83567
      0.224    -0.450       571.51888           5.9216840         85331
      0.282    -0.450       484.74577           4.9909792         84828
      0.355    -0.450       401.12097           4.1657026         82145
      0.447    -0.450       324.20590           3.3935610         78155
      0.562    -0.450       259.10272           2.8783499         72306
      0.708    -0.450       201.02068           2.1596129         65883
      0.891    -0.450       150.41941           1.7226870         58993
      1.122    -0.450       114.75542           1.4206552         51913
      1.413    -0.450       84.952310           1.1352871         45159
      1.778    -0.450       59.696882          0.88159438         37987
      2.239    -0.450       42.074418          0.65421589         32430
      2.818    -0.450       29.553282          0.50211535         26608
      3.548    -0.450       19.696972          0.37250010         21793
      4.467    -0.450       13.224210          0.26872050         17728
      5.623    -0.450       8.3055347          0.19016186         13933
      7.079    -0.450       5.2854581          0.12391846         11117
      8.913    -0.450       3.5389506          0.92291325E-01      8769
      0.112    -0.350       877.58451           10.359001         68404
      0.141    -0.350       780.76520           8.9648349         71572
      0.178    -0.350       677.20833           7.7770819         74911
      0.224    -0.350       579.84375           6.5078523         76065
      0.282    -0.350       491.38114           5.5530026         75921
      0.355    -0.350       402.31866           4.6550717         74031
      0.447    -0.350       317.92494           3.6669655         71177
      0.562    -0.350       249.67681           2.8370379         66863
      0.708    -0.350       194.78734           2.2622551         61291
      0.891    -0.350       153.18238           1.8443972         55658
      1.122    -0.350       112.04408           1.3940573         49712
      1.413    -0.350       83.123252           1.1074485         43800
      1.778    -0.350       60.615884          0.85907578         37591
      2.239    -0.350       44.040381          0.68265499         31996
      2.818    -0.350       30.136511          0.51745391         26576
      3.548    -0.350       21.129547          0.39084273         21944
      4.467    -0.350       13.980681          0.28078305         18006
      5.623    -0.350       8.8393074          0.19023619         14390
      7.079    -0.350       5.7733670          0.13665337         11491
      8.913    -0.350       3.6239681          0.93831983E-01      9056
      0.112    -0.250       913.56852           11.349754         57368
      0.141    -0.250       819.63976           9.9540490         60343
      0.178    -0.250       707.78714           8.5325569         62798
      0.224    -0.250       604.06319           7.3355398         63925
      0.282    -0.250       503.54362           5.9813517         64092
      0.355    -0.250       407.38151           5.0160832         62746
      0.447    -0.250       331.82766           4.1773820         61498
      0.562    -0.250       265.24400           3.3093487         58210
      0.708    -0.250       200.87635           2.5838324         53802
      0.891    -0.250       153.47941           2.0769759         49536
      1.122    -0.250       115.79317           1.5684383         44961
      1.413    -0.250       86.212734           1.2571038         39886
      1.778    -0.250       62.338456          0.95253371         34539
      2.239    -0.250       44.571302          0.72091265         29921
      2.818    -0.250       31.463964          0.54532882         25574
      3.548    -0.250       21.912882          0.41363019         21441
      4.467    -0.250       15.342785          0.31034535         17572
      5.623    -0.250       10.010506          0.22393605         14136
      7.079    -0.250       6.6301947          0.16407440         11324
      8.913    -0.250       4.3635337          0.11272164          9158
      0.112    -0.150       891.31189           11.303151         42853
      0.141    -0.150       831.67405           10.545101         45847
      0.178    -0.150       731.10551           9.5200080         47119
      0.224    -0.150       635.86560           8.2034024         47704
      0.282    -0.150       524.03603           7.0472036         47599
      0.355    -0.150       429.06453           5.8593963         47170
      0.447    -0.150       349.91483           4.9311696         45244
      0.562    -0.150       272.84804           3.9583631         43049
      0.708    -0.150       204.86541           3.0855474         40568
      0.891    -0.150       158.12369           2.4399225         37247
      1.122    -0.150       119.38682           1.9146754         34532
      1.413    -0.150       88.476949           1.4769238         30782
      1.778    -0.150       65.571705           1.1910120         27470
      2.239    -0.150       46.749338          0.83287054         24104
      2.818    -0.150       35.032538          0.69978230         20883
      3.548    -0.150       23.676839          0.50008459         17558
      4.467    -0.150       15.832650          0.36260020         14733
      5.623    -0.150       10.945864          0.26293987         12074
      7.079    -0.150       7.1979601          0.18844835          9632
      8.913    -0.150       4.7639106          0.13661898          7824
      0.112    -0.050       1096.4103           22.444508         20809
      0.141    -0.050       991.95389           20.729149         21342
      0.178    -0.050       893.65894           20.047713         21602
      0.224    -0.050       748.70969           17.024224         21650
      0.282    -0.050       664.68902           15.266748         21434
      0.355    -0.050       528.19832           12.563794         20258
      0.447    -0.050       402.32060           10.246897         19402
      0.562    -0.050       309.83415           8.0669199         17871
      0.708    -0.050       236.28561           7.0045809         16705
      0.891    -0.050       181.94913           5.5727404         15507
      1.122    -0.050       139.80656           4.6887365         14086
      1.413    -0.050       96.462791           3.1450934         12593
      1.778    -0.050       69.637641           2.3797730         11349
      2.239    -0.050       52.951807           2.0615005         10061
      2.818    -0.050       34.863030           1.3291608          8742
      3.548    -0.050       25.633712           1.0103134          7430
      4.467    -0.050       17.007718          0.65016531          6498
      5.623    -0.050       11.305996          0.46459753          5379
      7.079    -0.050       8.0808625          0.40233873          4394
      8.913    -0.050       5.4295510          0.25207583          3638
      0.112     0.050       1024.4964           21.380359         20848
      0.141     0.050       968.39617           20.758978         21055
      0.178     0.050       861.07250           19.337156         21736
      0.224     0.050       737.58447           16.218643         21596
      0.282     0.050       618.65917           14.087122         21174
      0.355     0.050       502.51796           11.770927         20157
      0.447     0.050       399.23783           10.316459         19285
      0.562     0.050       310.87187           8.0688232         17879
      0.708     0.050       231.14629           6.1964516         16725
      0.891     0.050       183.02335           5.0777522         15678
      1.122     0.050       139.45559           4.7085332         14156
      1.413     0.050       100.02474           3.1952577         12729
      1.778     0.050       75.697724           2.8128028         11381
      2.239     0.050       54.318189           2.1806160         10098
      2.818     0.050       34.464514           1.3112876          8660
      3.548     0.050       26.701161           1.0851329          7550
      4.467     0.050       16.863579          0.63425130          6368
      5.623     0.050       11.101821          0.42382913          5370
      7.079     0.050       8.0759081          0.38309203          4452
      8.913     0.050       5.3088934          0.25560666          3655
      0.112     0.150       681.89553           7.4979105         42528
      0.141     0.150       623.06682           6.8715795         44974
      0.178     0.150       587.61982           6.5930230         46206
      0.224     0.150       529.43834           6.1057360         47457
      0.282     0.150       467.65529           5.4832644         47700
      0.355     0.150       392.59643           4.8108178         46492
      0.447     0.150       320.56005           4.0577736         45239
      0.562     0.150       260.01920           3.4696290         42690
      0.708     0.150       205.10651           2.8869999         40470
      0.891     0.150       159.74570           2.3782694         37298
      1.122     0.150       124.60378           1.9339783         34474
      1.413     0.150       94.081938           1.5617842         30991
      1.778     0.150       67.302991           1.1984809         27342
      2.239     0.150       48.033610          0.94075918         23775
      2.818     0.150       33.827513          0.70822756         20567
      3.548     0.150       24.492690          0.55674975         17556
      4.467     0.150       16.396652          0.37613096         14828
      5.623     0.150       10.536652          0.26081252         11993
      7.079     0.150       7.3249332          0.18734922          9799
      8.913     0.150       4.8424715          0.13464723          7991
      0.112     0.250       529.15088           5.0609660         54408
      0.141     0.250       503.62562           4.7656487         58054
      0.178     0.250       478.20064           4.5570182         60873
      0.224     0.250       439.32926           4.2562032         61939
      0.282     0.250       396.76249           3.9026091         62887
      0.355     0.250       339.64401           3.4518132         62381
      0.447     0.250       294.06677           3.1045134         60826
      0.562     0.250       237.17983           2.6545686         57630
      0.708     0.250       191.29701           2.2136305         54003
      0.891     0.250       150.63957           1.8720025         49201
      1.122     0.250       115.86223           1.5443411         45111
      1.413     0.250       88.441586           1.2479185         39928
      1.778     0.250       64.277497          0.97994541         34801
      2.239     0.250       45.872896          0.77232125         29821
      2.818     0.250       33.076128          0.59040553         25607
      3.548     0.250       22.280615          0.42818815         21403
      4.467     0.250       15.000256          0.30128514         17552
      5.623     0.250       10.237544          0.22199786         14128
      7.079     0.250       6.6702700          0.16161404         11411
      8.913     0.250       4.5391946          0.13132540          9049
      0.112     0.350       470.91435           4.0702148         64322
      0.141     0.350       455.12596           3.9235756         68688
      0.178     0.350       432.49626           3.7315270         71687
      0.224     0.350       406.78884           3.5265134         74093
      0.282     0.350       367.58071           3.2353720         73791
      0.355     0.350       322.27182           2.9346671         72683
      0.447     0.350       276.61158           2.6014844         70176
      0.562     0.350       232.31484           2.3046154         66643
      0.708     0.350       187.03601           1.9495286         61509
      0.891     0.350       147.31599           1.6740973         55948
      1.122     0.350       113.16917           1.3854768         49920
      1.413     0.350       83.651838           1.1010508         43687
      1.778     0.350       59.744559          0.87057851         37279
      2.239     0.350       43.217895          0.68544427         32067
      2.818     0.350       30.357772          0.51923977         26618
      3.548     0.350       20.751536          0.38499494         21992
      4.467     0.350       14.127432          0.28034631         18240
      5.623     0.350       8.8444358          0.19388016         14537
      7.079     0.350       6.1104102          0.15741544         11591
      8.913     0.350       3.9922239          0.10493150          9229
      0.112     0.450       438.95686           3.4956089         72775
      0.141     0.450       430.11397           3.4133554         77781
      0.178     0.450       419.07155           3.3277786         80592
      0.224     0.450       394.36428           3.1305451         82935
      0.282     0.450       356.16159           2.9201336         82187
      0.355     0.450       321.00047           2.7020118         80802
      0.447     0.450       271.40873           2.4011313         76890
      0.562     0.450       231.77874           2.1347357         71961
      0.708     0.450       185.67686           1.8597240         65769
      0.891     0.450       143.71851           1.5462492         58433
      1.122     0.450       110.43167           1.2966152         51932
      1.413     0.450       82.918322           1.0475392         44897
      1.778     0.450       60.873111          0.87526975         38142
      2.239     0.450       43.544642          0.67829103         32659
      2.818     0.450       28.896447          0.49972804         26967
      3.548     0.450       19.390417          0.37147932         22151
      4.467     0.450       12.978481          0.27842289         17882
      5.623     0.450       8.5795266          0.20252887         14477
      7.079     0.450       5.8269832          0.15077135         11239
      8.913     0.450       3.4289548          0.92776611E-01      8900
      0.112     0.550       418.52215           3.1572398         79049
      0.141     0.550       422.71194           3.1588855         84695
      0.178     0.550       401.20026           2.9897631         87696
      0.224     0.550       388.36605           2.9212557         89873
      0.282     0.550       357.45960           2.7548269         89028
      0.355     0.550       315.10534           2.5301492         85721
      0.447     0.550       272.28861           2.2862559         80964
      0.562     0.550       227.79145           2.0173721         75207
      0.708     0.550       182.54967           1.7487674         67981
      0.891     0.550       140.53219           1.4736068         59864
      1.122     0.550       107.83288           1.2407340         52507
      1.413     0.550       79.908044           1.0171639         44803
      1.778     0.550       57.578016          0.80535126         38041
      2.239     0.550       40.792510          0.63980447         32033
      2.818     0.550       28.064402          0.46984040         26722
      3.548     0.550       18.375295          0.36030596         21627
      4.467     0.550       12.314275          0.26526484         17453
      5.623     0.550       7.8808739          0.18601465         13829
      7.079     0.550       5.1701700          0.13560562         10961
      8.913     0.550       3.1553190          0.89798803E-01      8404
      0.112     0.650       407.80100           2.9415355         84849
      0.141     0.650       411.23945           2.9338700         90171
      0.178     0.650       399.94495           2.8398490         93776
      0.224     0.650       381.65444           2.7575474         94504
      0.282     0.650       350.70071           2.6021850         92887
      0.355     0.650       317.27240           2.4385060         89329
      0.447     0.650       265.87405           2.1689061         83323
      0.562     0.650       222.71849           1.9507454         76561
      0.708     0.650       178.56349           1.6896284         68695
      0.891     0.650       138.66483           1.4469095         60383
      1.122     0.650       104.54956           1.1826584         52719
      1.413     0.650       78.281127          0.99231017         45323
      1.778     0.650       54.417155          0.77120793         38093
      2.239     0.650       38.424764          0.60674018         32009
      2.818     0.650       26.609006          0.46762158         26224
      3.548     0.650       17.482947          0.33366898         21489
      4.467     0.650       11.668471          0.24575305         17108
      5.623     0.650       7.5937786          0.17522314         13667
      7.079     0.650       4.7833283          0.12463330         10776
      8.913     0.650       2.9038807          0.76459885E-01      8357
      0.112     0.750       406.16425           2.8062277         90360
      0.141     0.750       404.21671           2.7809221         95257
      0.178     0.750       396.19221           2.7253925         97612
      0.224     0.750       379.83070           2.6598547         98053
      0.282     0.750       345.56698           2.4936959         95870
      0.355     0.750       308.75138           2.3137520         91391
      0.447     0.750       262.44858           2.1101862         85059
      0.562     0.750       218.66943           1.8740626         77038
      0.708     0.750       174.15613           1.6345944         69173
      0.891     0.750       133.96114           1.3780098         60755
      1.122     0.750       101.54377           1.1559661         52692
      1.413     0.750       74.516782          0.94937304         44657
      1.778     0.750       51.714426          0.72985654         37341
      2.239     0.750       36.690610          0.57867509         30999
      2.818     0.750       25.572905          0.45466350         25573
      3.548     0.750       16.994998          0.33853822         21000
      4.467     0.750       11.371406          0.25280293         16720
      5.623     0.750       7.2630929          0.17379636         13257
      7.079     0.750       4.3915044          0.11209054         10455
      8.913     0.750       2.9451596          0.85401057E-01      8062
      0.112     0.850       401.57347           2.6876951         94165
      0.141     0.850       401.43970           2.6665761         99207
      0.178     0.850       389.90667           2.6069956        101297
      0.224     0.850       377.23538           2.5656030        101704
      0.282     0.850       347.50662           2.4485194         98497
      0.355     0.850       305.79298           2.2554848         93523
      0.447     0.850       260.78177           2.0633191         86367
      0.562     0.850       214.66426           1.8297325         78747
      0.708     0.850       171.76877           1.5992658         70487
      0.891     0.850       133.07922           1.3709539         61383
      1.122     0.850       101.99067           1.1716559         52999
      1.413     0.850       72.916044          0.94309360         44872
      1.778     0.850       51.920616          0.75530324         37745
      2.239     0.850       35.404483          0.56312067         31326
      2.818     0.850       24.998814          0.44533812         26066
      3.548     0.850       15.933612          0.32397450         20690
      4.467     0.850       10.840362          0.23578101         16862
      5.623     0.850       6.8807606          0.17444320         13439
      7.079     0.850       4.5107928          0.12021531         10623
      8.913     0.850       2.8143176          0.83400854E-01      8146
      0.112     0.950       395.20150           2.5718934         97630
      0.141     0.950       398.23924           2.5892372        102107
      0.178     0.950       395.01044           2.5750652        104066
      0.224     0.950       373.74156           2.4984634        104259
      0.282     0.950       344.56786           2.3832645        100547
      0.355     0.950       302.44495           2.2051532         95163
      0.447     0.950       255.62850           2.0065789         87176
      0.562     0.950       212.93845           1.8085467         78794
      0.708     0.950       170.52344           1.5822711         70194
      0.891     0.950       128.23379           1.3363301         60859
      1.122     0.950       100.22817           1.1485773         53040
      1.413     0.950       72.041292          0.93109711         45179
      1.778     0.950       48.675830          0.71584596         37334
      2.239     0.950       34.949150          0.57479830         30853
      2.818     0.950       23.959136          0.44135692         25603
      3.548     0.950       15.479704          0.31255866         20776
      4.467     0.950       10.284738          0.23186599         16555
      5.623     0.950       6.7255904          0.16187853         13223
      7.079     0.950       4.2521726          0.11340382         10261
      8.913     0.950       2.6289886          0.73248765E-01      8011
