 # fmin20_0311z.kam_num   
      0.106    -0.950       771.83798           9.1163847         51362
      0.119    -0.950       753.22066           8.8653199         52375
      0.133    -0.950       731.56516           8.3649407         53713
      0.150    -0.950       687.37812           7.8605116         54047
      0.168    -0.950       662.56097           7.5106322         53989
      0.188    -0.950       634.22732           7.2317908         55036
      0.211    -0.950       588.90162           6.6738705         53802
      0.237    -0.950       555.67159           6.4102339         53042
      0.266    -0.950       517.29820           5.8019956         52590
      0.299    -0.950       491.68442           5.8061649         50938
      0.335    -0.950       434.62177           5.1174409         48933
      0.376    -0.950       395.96033           4.8055074         46939
      0.422    -0.950       356.49590           4.3968875         45018
      0.473    -0.950       314.93772           3.9795160         42986
      0.531    -0.950       282.71351           3.6878491         40693
      0.596    -0.950       251.92192           3.4093454         38496
      0.668    -0.950       216.16019           3.0339941         36473
      0.750    -0.950       187.85152           2.7275409         34053
      0.841    -0.950       163.05099           2.4513705         31559
      0.944    -0.950       140.77021           2.2252247         29407
      1.059    -0.950       122.45630           2.0236509         27388
      1.189    -0.950       106.90423           1.8358870         25545
      1.334    -0.950       85.233693           1.5785994         23068
      1.496    -0.950       75.389570           1.4646579         21450
      1.679    -0.950       59.105440           1.1984426         19475
      1.884    -0.950       51.655601           1.1274848         17661
      2.113    -0.950       43.393961          0.97224849         16336
      2.371    -0.950       33.432207          0.76430458         14851
      2.661    -0.950       29.633292          0.74172316         13567
      2.985    -0.950       24.458361          0.64293464         12176
      3.350    -0.950       20.443388          0.56135352         11151
      3.758    -0.950       16.340039          0.47866960          9813
      4.217    -0.950       13.057381          0.38357879          8832
      4.732    -0.950       10.542049          0.34822925          7802
      5.309    -0.950       9.0799376          0.31630540          7003
      5.957    -0.950       7.0428904          0.25914025          6218
      6.683    -0.950       5.5038922          0.20418201          5488
      7.499    -0.950       4.5951355          0.18582291          4858
      8.414    -0.950       3.7114105          0.16693880          4236
      9.441    -0.950       3.2283834          0.13720370          3788
      0.106    -0.850       804.05017           10.122081         49616
      0.119    -0.850       823.83291           10.487524         50944
      0.133    -0.850       778.82401           9.4844846         52331
      0.150    -0.850       708.43900           8.6556718         52534
      0.168    -0.850       679.00379           8.1927835         53190
      0.188    -0.850       656.89196           7.7427822         53381
      0.211    -0.850       615.68672           7.3953054         52634
      0.237    -0.850       583.08359           6.8280588         52385
      0.266    -0.850       535.47340           6.4954877         51752
      0.299    -0.850       489.03183           5.8212046         50117
      0.335    -0.850       431.19235           5.2145960         48469
      0.376    -0.850       401.97475           5.0067669         46938
      0.422    -0.850       354.09119           4.4008649         45151
      0.473    -0.850       318.98715           4.0787729         42954
      0.531    -0.850       287.60651           3.7393947         41204
      0.596    -0.850       251.75632           3.4357109         38539
      0.668    -0.850       219.33901           3.1012291         36121
      0.750    -0.850       190.14387           2.7392998         34419
      0.841    -0.850       163.04483           2.4615221         31975
      0.944    -0.850       143.12112           2.2791846         29846
      1.059    -0.850       124.51547           2.0655691         27693
      1.189    -0.850       107.29726           1.8288643         25711
      1.334    -0.850       87.653251           1.5877779         23597
      1.496    -0.850       75.040889           1.4716252         21401
      1.679    -0.850       64.034588           1.2775934         20011
      1.884    -0.850       51.298610           1.0895447         18088
      2.113    -0.850       45.690878           1.0207682         16594
      2.371    -0.850       35.647298          0.84363327         14759
      2.661    -0.850       30.005555          0.75668925         13837
      2.985    -0.850       24.815652          0.64530794         12399
      3.350    -0.850       20.250605          0.54664170         11239
      3.758    -0.850       16.735043          0.46630782         10026
      4.217    -0.850       13.127358          0.39954155          8961
      4.732    -0.850       11.104692          0.36696471          8130
      5.309    -0.850       8.7991518          0.31023443          7083
      5.957    -0.850       7.2797376          0.26148977          6418
      6.683    -0.850       6.1037018          0.21937132          5712
      7.499    -0.850       4.5793743          0.17302361          5044
      8.414    -0.850       3.9558898          0.16164187          4499
      9.441    -0.850       3.3208561          0.13658599          3859
      0.106    -0.750       942.85327           11.698222         48407
      0.119    -0.750       916.05409           11.205399         50162
      0.133    -0.750       871.22207           10.680555         51017
      0.150    -0.750       783.63118           9.6149389         51283
      0.168    -0.750       745.47394           8.9473745         51799
      0.188    -0.750       703.14369           8.4731652         51797
      0.211    -0.750       668.83762           8.1394950         51796
      0.237    -0.750       629.69797           7.6133769         51622
      0.266    -0.750       586.98990           7.0799517         50598
      0.299    -0.750       528.66531           6.5448613         49679
      0.335    -0.750       479.40950           5.8214301         48414
      0.376    -0.750       428.30088           5.3930567         46370
      0.422    -0.750       377.51191           4.8303084         44770
      0.473    -0.750       347.04102           4.5987920         42805
      0.531    -0.750       300.52996           4.0172115         40401
      0.596    -0.750       268.21689           3.6824420         38522
      0.668    -0.750       229.12781           3.3011639         36453
      0.750    -0.750       200.79720           2.9758122         33889
      0.841    -0.750       179.04280           2.7842274         31891
      0.944    -0.750       145.84023           2.3761044         30014
      1.059    -0.750       128.77591           2.1652008         27921
      1.189    -0.750       108.09019           1.8975732         25621
      1.334    -0.750       93.147429           1.6808586         24035
      1.496    -0.750       75.450025           1.4274456         21929
      1.679    -0.750       63.881309           1.2652084         20119
      1.884    -0.750       55.038245           1.1664604         18347
      2.113    -0.750       43.502941          0.94151594         16712
      2.371    -0.750       37.196173          0.85629184         15209
      2.661    -0.750       30.378025          0.73488321         13782
      2.985    -0.750       25.929246          0.67892992         12499
      3.350    -0.750       21.040553          0.57643094         11370
      3.758    -0.750       16.910988          0.47853559         10269
      4.217    -0.750       14.326318          0.42577235          9164
      4.732    -0.750       11.041253          0.34021455          8302
      5.309    -0.750       9.2555884          0.29222120          7509
      5.957    -0.750       7.2414682          0.24198058          6496
      6.683    -0.750       5.8852164          0.21862100          5659
      7.499    -0.750       4.8454304          0.18881118          5008
      8.414    -0.750       3.8448682          0.15277849          4526
      9.441    -0.750       3.2653044          0.13332780          4076
      0.106    -0.650       988.46106           12.793999         46120
      0.119    -0.650       925.72760           11.919043         47186
      0.133    -0.650       893.42612           11.522601         47803
      0.150    -0.650       792.26666           10.139685         48324
      0.168    -0.650       773.98641           9.7247905         49386
      0.188    -0.650       727.92513           9.1927143         49797
      0.211    -0.650       681.56940           8.5214024         49985
      0.237    -0.650       624.76070           7.7715028         49522
      0.266    -0.650       592.52548           7.4390545         49135
      0.299    -0.650       526.91557           6.7314066         47682
      0.335    -0.650       481.80192           6.1923127         47034
      0.376    -0.650       429.61286           5.5110427         44931
      0.422    -0.650       384.91079           4.9954786         43822
      0.473    -0.650       338.01201           4.4296179         41937
      0.531    -0.650       305.33226           4.1323126         40376
      0.596    -0.650       270.48510           3.7298268         38183
      0.668    -0.650       236.12593           3.3895339         35982
      0.750    -0.650       201.32696           3.0062937         33889
      0.841    -0.650       178.10342           2.7280180         31698
      0.944    -0.650       151.21528           2.4322475         29565
      1.059    -0.650       128.92288           2.1011515         27631
      1.189    -0.650       111.49082           1.9446876         25692
      1.334    -0.650       93.353144           1.6659459         23985
      1.496    -0.650       79.907687           1.4878827         22216
      1.679    -0.650       65.490624           1.2919713         19939
      1.884    -0.650       54.922958           1.1374365         18564
      2.113    -0.650       45.053758          0.98149654         16883
      2.371    -0.650       37.911499          0.87565816         15220
      2.661    -0.650       32.258442          0.75882997         13994
      2.985    -0.650       25.700894          0.64124437         12603
      3.350    -0.650       21.495543          0.57556439         11515
      3.758    -0.650       17.599948          0.48683984         10158
      4.217    -0.650       15.289991          0.46523254          9397
      4.732    -0.650       11.634585          0.37059071          8083
      5.309    -0.650       9.4012379          0.28760003          7414
      5.957    -0.650       7.9171310          0.29912163          6565
      6.683    -0.650       6.6800540          0.24635004          5934
      7.499    -0.650       5.1037964          0.18965043          5092
      8.414    -0.650       4.1229528          0.16634362          4492
      9.441    -0.650       3.2847482          0.12812241          4143
      0.106    -0.550       847.83402           11.982992         41568
      0.119    -0.550       835.97098           11.802535         43003
      0.133    -0.550       796.80246           10.943366         44324
      0.150    -0.550       733.93434           9.9064517         44973
      0.168    -0.550       709.25747           9.5268262         45711
      0.188    -0.550       672.13992           8.8086889         46602
      0.211    -0.550       617.80348           8.0392266         46408
      0.237    -0.550       580.39851           7.6960876         46364
      0.266    -0.550       521.20754           6.9236680         45845
      0.299    -0.550       490.77213           6.4819136         45700
      0.335    -0.550       445.91342           5.9100714         44212
      0.376    -0.550       403.03578           5.4741658         43399
      0.422    -0.550       365.88405           4.9684308         41860
      0.473    -0.550       333.26416           4.5317327         40884
      0.531    -0.550       289.52049           4.0304874         39273
      0.596    -0.550       252.08669           3.5748230         36701
      0.668    -0.550       231.18024           3.3746913         35183
      0.750    -0.550       199.47072           2.9503160         33393
      0.841    -0.550       172.68804           2.6697614         31248
      0.944    -0.550       151.62578           2.4822314         29329
      1.059    -0.550       126.95730           2.0798043         27400
      1.189    -0.550       109.40120           1.8687662         25619
      1.334    -0.550       91.829746           1.6637173         23818
      1.496    -0.550       78.907870           1.4664787         21787
      1.679    -0.550       67.515714           1.3219211         20234
      1.884    -0.550       55.648261           1.1186155         18306
      2.113    -0.550       45.890034          0.99679482         16822
      2.371    -0.550       38.148092          0.88219909         15179
      2.661    -0.550       32.175589          0.76206507         13835
      2.985    -0.550       26.232680          0.65354598         12751
      3.350    -0.550       22.017725          0.55575490         11617
      3.758    -0.550       18.224206          0.49943501         10266
      4.217    -0.550       15.661289          0.46435393          9240
      4.732    -0.550       11.608989          0.35101042          8231
      5.309    -0.550       10.187085          0.32100139          7397
      5.957    -0.550       8.0231905          0.27773847          6607
      6.683    -0.550       6.9499790          0.27068050          6115
      7.499    -0.550       5.6760404          0.20106749          5423
      8.414    -0.550       4.1219555          0.15395999          4589
      9.441    -0.550       3.5935435          0.14577388          4176
      0.106    -0.450       824.51693           12.887693         37465
      0.119    -0.450       797.34395           12.300891         38651
      0.133    -0.450       747.34179           11.355678         39612
      0.150    -0.450       704.05185           10.640757         40453
      0.168    -0.450       661.42371           9.7063045         41415
      0.188    -0.450       623.37822           9.2020640         42212
      0.211    -0.450       572.36462           8.2581591         42438
      0.237    -0.450       546.44861           8.0542755         42349
      0.266    -0.450       503.79635           7.1316943         42229
      0.299    -0.450       451.70802           6.4113611         41682
      0.335    -0.450       419.06790           6.0115794         41570
      0.376    -0.450       378.10913           5.4289912         40291
      0.422    -0.450       335.23044           4.6692125         39330
      0.473    -0.450       313.20658           4.6078320         38526
      0.531    -0.450       272.07469           3.9036544         36950
      0.596    -0.450       236.61521           3.4454428         35346
      0.668    -0.450       213.91090           3.1791069         33936
      0.750    -0.450       190.84537           2.9136786         32237
      0.841    -0.450       167.73714           2.5996945         30726
      0.944    -0.450       143.98132           2.3324675         28777
      1.059    -0.450       123.91996           2.0275410         26979
      1.189    -0.450       106.74306           1.8788794         25159
      1.334    -0.450       90.847854           1.5956219         23306
      1.496    -0.450       81.512895           1.5007509         21578
      1.679    -0.450       67.099292           1.2515852         20022
      1.884    -0.450       57.363205           1.1799096         18578
      2.113    -0.450       46.127687          0.96438538         16695
      2.371    -0.450       40.710872          0.90924194         15640
      2.661    -0.450       33.390008          0.77099718         14101
      2.985    -0.450       28.258999          0.66247514         13029
      3.350    -0.450       22.468877          0.58649906         11638
      3.758    -0.450       19.290708          0.51029967         10361
      4.217    -0.450       15.031045          0.39925833          9475
      4.732    -0.450       12.849149          0.38019937          8439
      5.309    -0.450       10.855615          0.33791557          7609
      5.957    -0.450       8.1235395          0.24402651          6784
      6.683    -0.450       6.6978437          0.22464627          6061
      7.499    -0.450       5.3605262          0.18302206          5345
      8.414    -0.450       4.3896325          0.15879028          4829
      9.441    -0.450       3.7482630          0.14761396          4180
      0.106    -0.350       888.24840           15.039482         33322
      0.119    -0.350       834.15121           13.821651         34065
      0.133    -0.350       809.08220           13.475545         35136
      0.150    -0.350       745.10633           11.937365         36190
      0.168    -0.350       687.52374           10.872412         36804
      0.188    -0.350       636.93424           10.169503         36990
      0.211    -0.350       608.32004           9.8779313         37513
      0.237    -0.350       560.22097           8.7715303         38397
      0.266    -0.350       508.78314           8.0089357         38023
      0.299    -0.350       459.76924           7.2728109         37750
      0.335    -0.350       415.94825           6.5242423         37164
      0.376    -0.350       364.85140           5.6561086         36522
      0.422    -0.350       333.33961           5.2344730         35946
      0.473    -0.350       303.71912           4.8929737         34740
      0.531    -0.350       266.59097           4.2186147         34015
      0.596    -0.350       239.13839           3.7587114         32996
      0.668    -0.350       210.92386           3.3820892         31599
      0.750    -0.350       181.67021           2.9490182         29955
      0.841    -0.350       162.12563           2.6592586         28611
      0.944    -0.350       142.23346           2.4060164         27243
      1.059    -0.350       125.43749           2.1658799         25838
      1.189    -0.350       104.30638           1.8305921         23986
      1.334    -0.350       93.948634           1.7313680         22786
      1.496    -0.350       78.235051           1.4810554         20897
      1.679    -0.350       67.580336           1.3336735         19723
      1.884    -0.350       59.019376           1.2081687         18265
      2.113    -0.350       49.408834           1.0349911         16847
      2.371    -0.350       41.158312          0.89904080         15433
      2.661    -0.350       35.356572          0.80592892         14107
      2.985    -0.350       27.750323          0.68692429         12871
      3.350    -0.350       23.566605          0.59207363         11723
      3.758    -0.350       19.966717          0.54086461         10681
      4.217    -0.350       16.236704          0.46980234          9493
      4.732    -0.350       13.616114          0.39001891          8828
      5.309    -0.350       11.128282          0.33190020          7699
      5.957    -0.350       8.5386654          0.26772923          6875
      6.683    -0.350       7.5707330          0.26068651          6146
      7.499    -0.350       5.7517187          0.19996333          5504
      8.414    -0.350       4.8844852          0.17790761          4932
      9.441    -0.350       3.9645125          0.15208434          4383
      0.106    -0.250       935.76073           16.368570         28198
      0.119    -0.250       902.89960           16.001221         28923
      0.133    -0.250       809.61104           14.056574         29635
      0.150    -0.250       763.82209           13.303828         30207
      0.168    -0.250       699.98898           12.221688         30522
      0.188    -0.250       682.68231           11.616719         31338
      0.211    -0.250       631.43292           10.822315         31963
      0.237    -0.250       574.11565           9.7892795         31998
      0.266    -0.250       521.44071           8.9025960         32082
      0.299    -0.250       480.42610           8.2862660         31961
      0.335    -0.250       428.10540           7.3024255         31585
      0.376    -0.250       387.08561           6.5478976         31403
      0.422    -0.250       349.44867           6.0128049         30635
      0.473    -0.250       299.98712           5.2603723         29818
      0.531    -0.250       270.14814           4.6483082         29191
      0.596    -0.250       238.81158           4.1254270         28187
      0.668    -0.250       210.68507           3.6702167         27492
      0.750    -0.250       188.17326           3.3319465         26679
      0.841    -0.250       163.18041           2.9314879         25302
      0.944    -0.250       142.40898           2.6774302         24258
      1.059    -0.250       126.83977           2.3165612         23043
      1.189    -0.250       110.20364           2.0759801         21926
      1.334    -0.250       93.727256           1.8414196         20575
      1.496    -0.250       76.653115           1.5285351         19319
      1.679    -0.250       66.749080           1.4037738         17957
      1.884    -0.250       59.217601           1.2636658         16867
      2.113    -0.250       51.176094           1.0888556         15820
      2.371    -0.250       42.880536           1.0179054         14561
      2.661    -0.250       35.052615          0.82956392         13128
      2.985    -0.250       30.129721          0.73935986         12116
      3.350    -0.250       24.662830          0.65481506         11125
      3.758    -0.250       20.738714          0.55022839         10141
      4.217    -0.250       17.329502          0.45879257          9399
      4.732    -0.250       14.053862          0.40894430          8362
      5.309    -0.250       11.476093          0.35638733          7560
      5.957    -0.250       9.4348697          0.29496472          6804
      6.683    -0.250       7.9897889          0.26628117          6144
      7.499    -0.250       7.0182518          0.24170396          5597
      8.414    -0.250       5.3462506          0.19878683          4725
      9.441    -0.250       3.9182703          0.14346790          4334
      0.106    -0.150       923.20501           16.533757         21482
      0.119    -0.150       906.61941           16.452664         21979
      0.133    -0.150       831.97045           15.035238         22413
      0.150    -0.150       820.05798           14.803530         23054
      0.168    -0.150       763.91322           13.938351         23495
      0.188    -0.150       719.51046           13.420786         23914
      0.211    -0.150       649.53906           11.739510         23805
      0.237    -0.150       608.75532           11.808091         24001
      0.266    -0.150       567.50439           10.845072         23873
      0.299    -0.150       502.73750           9.3721041         23622
      0.335    -0.150       459.42087           8.8728479         23507
      0.376    -0.150       402.14394           7.6205452         23367
      0.422    -0.150       376.99324           7.3821086         23100
      0.473    -0.150       319.19995           6.4311023         22293
      0.531    -0.150       291.44705           6.0026208         21885
      0.596    -0.150       251.81714           5.1405775         21153
      0.668    -0.150       219.00616           4.6585989         20754
      0.750    -0.150       192.36861           3.9771273         19559
      0.841    -0.150       165.85623           3.4563108         18984
      0.944    -0.150       150.37324           3.1620468         18354
      1.059    -0.150       128.07144           2.8226097         17512
      1.189    -0.150       110.64386           2.4907333         16633
      1.334    -0.150       95.815444           2.1342420         15894
      1.496    -0.150       84.915005           2.0490051         15106
      1.679    -0.150       69.420413           1.6293653         14149
      1.884    -0.150       61.055232           1.5123060         13298
      2.113    -0.150       50.679981           1.3774596         12293
      2.371    -0.150       43.406350           1.1210923         11571
      2.661    -0.150       39.034536           1.0511332         10909
      2.985    -0.150       30.568387          0.80999660          9815
      3.350    -0.150       26.620834          0.71555405          9397
      3.758    -0.150       22.181994          0.63302693          8623
      4.217    -0.150       19.021376          0.59230878          7858
      4.732    -0.150       15.131598          0.46889870          7057
      5.309    -0.150       12.599325          0.42789832          6508
      5.957    -0.150       10.995854          0.36507740          5876
      6.683    -0.150       8.6401088          0.30212245          5171
      7.499    -0.150       6.9978997          0.27778387          4722
      8.414    -0.150       5.7854835          0.22388177          4366
      9.441    -0.150       4.7464825          0.19177771          3829
      0.106    -0.050       1060.7648           28.893416         10246
      0.119    -0.050       1036.2057           31.023614         10429
      0.133    -0.050       990.43290           28.961709         10580
      0.150    -0.050       910.96916           26.616839         10609
      0.168    -0.050       901.47938           27.079727         10781
      0.188    -0.050       836.71948           25.239472         10851
      0.211    -0.050       762.84481           24.172821         10714
      0.237    -0.050       739.57101           24.803944         10711
      0.266    -0.050       659.71492           21.376542         10499
      0.299    -0.050       590.48920           19.501955         10364
      0.335    -0.050       560.25541           17.353172         10351
      0.376    -0.050       486.28481           16.611600         10184
      0.422    -0.050       398.29555           13.952463          9724
      0.473    -0.050       353.10542           12.839471          9422
      0.531    -0.050       328.74272           11.619554          9219
      0.596    -0.050       280.75196           11.761645          8809
      0.668    -0.050       255.70039           10.079161          8479
      0.750    -0.050       208.26431           7.3950575          8196
      0.841    -0.050       187.35185           8.2000687          7822
      0.944    -0.050       169.12394           8.0600476          7709
      1.059    -0.050       136.53921           5.7430097          7240
      1.189    -0.050       119.03395           5.0486653          6964
      1.334    -0.050       102.18511           5.3657345          6653
      1.496    -0.050       88.819505           3.9415464          6337
      1.679    -0.050       78.609570           3.9804030          5781
      1.884    -0.050       73.647938           4.0858699          5561
      2.113    -0.050       55.699978           3.6158712          5212
      2.371    -0.050       50.386475           2.6107244          4907
      2.661    -0.050       38.468170           1.9843286          4545
      2.985    -0.050       30.025232           1.5185607          4255
      3.350    -0.050       30.209159           1.5716420          3931
      3.758    -0.050       22.777421           1.2122399          3601
      4.217    -0.050       19.445051           1.0007359          3392
      4.732    -0.050       16.645363          0.93136876          3123
      5.309    -0.050       13.177562          0.71978131          2797
      5.957    -0.050       13.013061           1.0612788          2683
      6.683    -0.050       9.6558541          0.55827549          2351
      7.499    -0.050       8.5433860          0.88468840          2097
      8.414    -0.050       6.2065337          0.40643886          1939
      9.441    -0.050       5.6338950          0.48475820          1724
      0.106     0.050       982.38693           27.312223         10055
      0.119     0.050       982.90743           28.319966         10496
      0.133     0.050       904.91410           26.295564         10449
      0.150     0.050       873.59147           25.774284         10679
      0.168     0.050       836.15632           24.027487         10758
      0.188     0.050       772.07564           23.493274         10713
      0.211     0.050       755.30912           23.742067         10808
      0.237     0.050       707.01871           23.397991         10630
      0.266     0.050       648.76428           19.983890         10538
      0.299     0.050       566.62797           19.483480         10475
      0.335     0.050       520.99094           15.991846         10074
      0.376     0.050       474.25649           15.827782         10042
      0.422     0.050       399.99678           14.136358          9748
      0.473     0.050       360.48696           12.406803          9372
      0.531     0.050       318.58904           11.556786          9293
      0.596     0.050       287.22045           10.697753          9034
      0.668     0.050       253.36152           10.472225          8433
      0.750     0.050       198.41909           7.2137065          8304
      0.841     0.050       185.55624           8.6661393          7920
      0.944     0.050       168.67801           7.6866325          7558
      1.059     0.050       133.83790           5.1875076          7182
      1.189     0.050       128.25874           5.7935061          6985
      1.334     0.050       108.61469           5.7723895          6614
      1.496     0.050       93.386090           4.1834415          6349
      1.679     0.050       81.106975           4.2599817          5864
      1.884     0.050       72.559377           3.9367951          5581
      2.113     0.050       50.507216           3.4185434          5042
      2.371     0.050       49.348086           2.4512929          4840
      2.661     0.050       37.236875           1.6457425          4520
      2.985     0.050       32.889786           1.5567123          4154
      3.350     0.050       29.705037           1.6935007          3923
      3.758     0.050       24.162599           1.3639448          3597
      4.217     0.050       19.846870           1.0927562          3335
      4.732     0.050       16.523856          0.98581612          3029
      5.309     0.050       12.730244          0.87612943          2774
      5.957     0.050       11.918104          0.83590731          2608
      6.683     0.050       8.7531326          0.53758271          2214
      7.499     0.050       8.6375903          0.87676635          2154
      8.414     0.050       6.4699306          0.41586421          1900
      9.441     0.050       5.3851175          0.47073657          1791
      0.106     0.150       664.38120           10.490455         20892
      0.119     0.150       636.05526           10.011041         21310
      0.133     0.150       649.22028           10.149211         22412
      0.150     0.150       615.48116           9.6319391         22591
      0.168     0.150       582.81731           9.0362617         22840
      0.188     0.150       560.31522           8.9357457         23435
      0.211     0.150       531.02550           8.4272775         23592
      0.237     0.150       517.77779           8.2013727         23773
      0.266     0.150       463.59929           7.6125681         23648
      0.299     0.150       437.48809           7.2795036         23585
      0.335     0.150       402.40936           6.8057282         23650
      0.376     0.150       367.47396           6.3383864         23081
      0.422     0.150       336.59944           5.9792722         22904
      0.473     0.150       302.23501           5.3998907         22242
      0.531     0.150       269.58373           5.0422328         21782
      0.596     0.150       236.29904           4.3593490         21002
      0.668     0.150       215.97502           4.1544405         20787
      0.750     0.150       190.99697           3.7983524         19714
      0.841     0.150       165.15683           3.2559178         19212
      0.944     0.150       144.76702           3.0019206         18222
      1.059     0.150       130.19271           2.8219559         17448
      1.189     0.150       112.25149           2.5380523         16787
      1.334     0.150       95.334353           2.0939283         15744
      1.496     0.150       83.347391           1.9817818         14727
      1.679     0.150       70.945511           1.6658377         14210
      1.884     0.150       59.137689           1.4305206         13320
      2.113     0.150       53.728803           1.3936197         12251
      2.371     0.150       42.663906           1.0961817         11494
      2.661     0.150       37.494330          0.97994908         10634
      2.985     0.150       30.275661          0.82825133         10012
      3.350     0.150       26.170923          0.77304576          8957
      3.758     0.150       21.724891          0.65140091          8388
      4.217     0.150       17.598054          0.50946462          7608
      4.732     0.150       16.141765          0.51127179          7174
      5.309     0.150       12.391326          0.38403261          6306
      5.957     0.150       10.948659          0.37636640          5872
      6.683     0.150       8.5471820          0.29928126          5230
      7.499     0.150       7.2248343          0.27576924          4739
      8.414     0.150       5.9781963          0.23883159          4269
      9.441     0.150       4.5732882          0.19765013          3763
      0.106     0.250       522.31487           7.0144771         26761
      0.119     0.250       508.86773           6.8934706         27454
      0.133     0.250       511.18371           6.9263884         28573
      0.150     0.250       493.70680           6.6860619         29211
      0.168     0.250       469.92626           6.2622550         29997
      0.188     0.250       463.20895           6.2040929         30752
      0.211     0.250       450.50013           6.1356505         30807
      0.237     0.250       435.75779           5.9430965         31560
      0.266     0.250       408.25601           5.5217511         31558
      0.299     0.250       376.02230           5.2562371         31521
      0.335     0.250       354.93927           5.0071800         31396
      0.376     0.250       330.23542           4.7149121         30935
      0.422     0.250       304.83507           4.4811147         30517
      0.473     0.250       273.44369           4.1263147         30186
      0.531     0.250       252.00295           3.8054733         29381
      0.596     0.250       224.02469           3.4917992         28159
      0.668     0.250       202.92708           3.2488739         27341
      0.750     0.250       175.93498           2.8513664         26386
      0.841     0.250       157.95303           2.6706910         25284
      0.944     0.250       143.23696           2.4998351         24175
      1.059     0.250       123.43515           2.2072809         23074
      1.189     0.250       110.43415           2.0953333         21843
      1.334     0.250       93.945227           1.8862179         20667
      1.496     0.250       81.499273           1.6211472         19409
      1.679     0.250       67.923520           1.4199961         18055
      1.884     0.250       58.800166           1.2848085         16755
      2.113     0.250       48.758251           1.0435361         15564
      2.371     0.250       44.750022           1.0076536         14527
      2.661     0.250       36.950972          0.87088056         13580
      2.985     0.250       30.747632          0.75371890         12276
      3.350     0.250       26.006532          0.68532439         11173
      3.758     0.250       21.152474          0.55315553         10321
      4.217     0.250       16.958470          0.49999381          9207
      4.732     0.250       14.862399          0.43350261          8438
      5.309     0.250       11.916469          0.36690997          7707
      5.957     0.250       9.5431885          0.31155500          6651
      6.683     0.250       7.8125477          0.25309503          6134
      7.499     0.250       6.4375172          0.23424786          5420
      8.414     0.250       5.7806272          0.22451763          4946
      9.441     0.250       4.3029822          0.17712198          4371
      0.106     0.350       465.91418           5.7273393         31350
      0.119     0.350       459.72484           5.6300390         32192
      0.133     0.350       450.12796           5.4575882         33427
      0.150     0.350       455.48282           5.5240671         34538
      0.168     0.350       436.39897           5.3182960         35373
      0.188     0.350       420.36964           5.1057508         36271
      0.211     0.350       416.02935           5.0411064         36835
      0.237     0.350       397.02623           4.8728091         36966
      0.266     0.350       379.99101           4.7474617         37086
      0.299     0.350       360.21881           4.4941517         36961
      0.335     0.350       334.98852           4.2666762         36880
      0.376     0.350       313.63636           4.0351008         36404
      0.422     0.350       282.96195           3.7271761         35447
      0.473     0.350       269.88516           3.6175817         34562
      0.531     0.350       237.35332           3.2667321         33355
      0.596     0.350       217.04257           3.0641437         32447
      0.668     0.350       200.37068           2.9103973         31774
      0.750     0.350       183.19871           2.7026131         30410
      0.841     0.350       160.76268           2.4674425         28574
      0.944     0.350       140.38596           2.2121721         26966
      1.059     0.350       122.06467           2.0023893         25696
      1.189     0.350       104.82663           1.8109452         24040
      1.334     0.350       91.972402           1.6322267         22754
      1.496     0.350       77.977266           1.4151935         21280
      1.679     0.350       68.734316           1.3163384         19687
      1.884     0.350       55.964770           1.0843220         18114
      2.113     0.350       46.368996          0.96618570         16608
      2.371     0.350       42.920453          0.94910387         15594
      2.661     0.350       35.702404          0.85284816         14148
      2.985     0.350       28.837298          0.70186794         12781
      3.350     0.350       23.424177          0.60833226         11608
      3.758     0.350       19.743014          0.52800779         10540
      4.217     0.350       15.684675          0.41247552          9650
      4.732     0.350       13.134891          0.38261172          8621
      5.309     0.350       11.328150          0.35506828          7772
      5.957     0.350       8.9292426          0.27045457          6938
      6.683     0.350       7.7195209          0.25030179          6277
      7.499     0.350       6.0691880          0.22576143          5565
      8.414     0.350       5.0338335          0.20820104          5025
      9.441     0.350       4.1869465          0.16900915          4484
      0.106     0.450       438.62557           4.9717512         35657
      0.119     0.450       436.53229           4.9306673         36810
      0.133     0.450       439.24270           4.9049618         38149
      0.150     0.450       417.60100           4.7430499         38875
      0.168     0.450       421.06351           4.6905006         40031
      0.188     0.450       412.77711           4.5751276         40687
      0.211     0.450       395.58337           4.4573789         41011
      0.237     0.450       382.20575           4.3366094         41335
      0.266     0.450       380.48588           4.3461755         41630
      0.299     0.450       353.05456           4.0964678         41056
      0.335     0.450       327.40489           3.8478566         40889
      0.376     0.450       308.62901           3.6957122         39933
      0.422     0.450       287.98695           3.5303552         39170
      0.473     0.450       259.47621           3.2509599         37970
      0.531     0.450       246.84637           3.1964079         36941
      0.596     0.450       222.74095           2.9361644         35228
      0.668     0.450       194.14066           2.6698220         33675
      0.750     0.450       177.60142           2.5521862         31795
      0.841     0.450       154.81786           2.2579562         30098
      0.944     0.450       140.45343           2.1540168         28672
      1.059     0.450       119.59290           1.9009972         26914
      1.189     0.450       107.14336           1.7850240         25060
      1.334     0.450       93.600873           1.6181844         23305
      1.496     0.450       80.540413           1.4702024         22045
      1.679     0.450       67.561172           1.3256820         20079
      1.884     0.450       57.890774           1.1501953         18702
      2.113     0.450       47.544748           1.0116694         17043
      2.371     0.450       39.578996          0.86071944         15541
      2.661     0.450       33.953533          0.78086632         14211
      2.985     0.450       27.870172          0.69636974         12836
      3.350     0.450       23.234981          0.61242992         11627
      3.758     0.450       18.394890          0.51527143         10541
      4.217     0.450       15.066843          0.43791332          9412
      4.732     0.450       13.811038          0.43010092          8747
      5.309     0.450       10.691068          0.32910086          7796
      5.957     0.450       8.6897990          0.29277788          7006
      6.683     0.450       6.8330958          0.23858653          6120
      7.499     0.450       5.8628024          0.21305917          5576
      8.414     0.450       4.6013688          0.16862908          4841
      9.441     0.450       3.9515407          0.16644556          4344
      0.106     0.550       422.54709           4.5256942         38711
      0.119     0.550       417.75886           4.4483865         40370
      0.133     0.550       417.04878           4.4653038         41167
      0.150     0.550       408.19028           4.2986762         42579
      0.168     0.550       408.66155           4.2773226         43527
      0.188     0.550       393.32573           4.1719596         43611
      0.211     0.550       393.41442           4.1762128         44562
      0.237     0.550       388.03667           4.1221129         44962
      0.266     0.550       364.06648           3.8713757         44603
      0.299     0.550       346.05956           3.7676217         44348
      0.335     0.550       331.61538           3.6955466         43426
      0.376     0.550       303.89860           3.4432731         41996
      0.422     0.550       289.75746           3.3862872         41082
      0.473     0.550       264.63040           3.1989373         39493
      0.531     0.550       239.09032           2.9619095         38039
      0.596     0.550       220.93855           2.8206773         36726
      0.668     0.550       199.14203           2.6357886         34705
      0.750     0.550       173.77200           2.4006484         32865
      0.841     0.550       155.00284           2.2027406         31342
      0.944     0.550       137.77289           2.0626254         29121
      1.059     0.550       121.91066           1.9252842         27303
      1.189     0.550       102.51949           1.6565826         25535
      1.334     0.550       91.073699           1.5611154         23686
      1.496     0.550       76.635810           1.3970428         21689
      1.679     0.550       63.574269           1.2366244         19918
      1.884     0.550       54.447511           1.0818104         18496
      2.113     0.550       46.573946          0.98126573         16830
      2.371     0.550       40.660684          0.90187509         15597
      2.661     0.550       33.914847          0.80975069         13933
      2.985     0.550       27.085174          0.64860332         12868
      3.350     0.550       22.687341          0.59246274         11417
      3.758     0.550       18.409290          0.49263825         10435
      4.217     0.550       15.194802          0.41625380          9417
      4.732     0.550       12.015741          0.34782609          8442
      5.309     0.550       9.9366492          0.32182885          7442
      5.957     0.550       8.0774076          0.28201437          6668
      6.683     0.550       6.6441588          0.23911616          6043
      7.499     0.550       5.5245948          0.21697061          5422
      8.414     0.550       4.0473059          0.14762737          4688
      9.441     0.550       3.7002257          0.15142520          4290
      0.106     0.650       423.34217           4.2642420         42209
      0.119     0.650       412.37146           4.1746473         43245
      0.133     0.650       413.26440           4.1574912         44242
      0.150     0.650       403.78157           4.0624029         45479
      0.168     0.650       406.37504           4.0891926         46424
      0.188     0.650       400.32149           4.0459226         46834
      0.211     0.650       389.01912           3.9139118         47065
      0.237     0.650       380.56204           3.8880070         46855
      0.266     0.650       351.97714           3.6746676         46410
      0.299     0.650       342.81530           3.6096597         46239
      0.335     0.650       327.63119           3.5159771         45479
      0.376     0.650       305.41707           3.3883377         43881
      0.422     0.650       279.83508           3.1795680         42343
      0.473     0.650       264.92859           3.0916247         41019
      0.531     0.650       240.99170           2.9137061         39547
      0.596     0.650       216.38330           2.6786284         37610
      0.668     0.650       198.05469           2.5601073         35636
      0.750     0.650       176.55649           2.3590112         33833
      0.841     0.650       153.56179           2.1665131         31802
      0.944     0.650       134.37089           2.0057915         29388
      1.059     0.650       115.48246           1.8108843         27300
      1.189     0.650       100.00748           1.6271050         25456
      1.334     0.650       87.336042           1.4958884         23875
      1.496     0.650       75.282838           1.3416814         22051
      1.679     0.650       63.581028           1.1835016         20473
      1.884     0.650       54.300126           1.0976761         18605
      2.113     0.650       44.754008          0.93439792         16927
      2.371     0.650       36.729246          0.79729874         15448
      2.661     0.650       30.984463          0.73796295         13830
      2.985     0.650       25.641618          0.64616509         12563
      3.350     0.650       21.295405          0.56348395         11361
      3.758     0.650       16.991921          0.45413941         10295
      4.217     0.650       14.161331          0.41945912          9239
      4.732     0.650       11.943001          0.36337834          8224
      5.309     0.650       10.316676          0.34765474          7416
      5.957     0.650       7.7674640          0.26642035          6595
      6.683     0.650       6.6097654          0.23720266          5972
      7.499     0.650       5.1065938          0.20160014          5203
      8.414     0.650       4.3985752          0.18136113          4673
      9.441     0.650       3.4530688          0.14204831          4114
      0.106     0.750       400.17773           3.9530957         43953
      0.119     0.750       410.69919           3.9966123         45784
      0.133     0.750       399.67562           3.8865910         46282
      0.150     0.750       408.12856           3.9539394         48101
      0.168     0.750       408.61661           3.9399162         48936
      0.188     0.750       397.20703           3.8325685         49342
      0.211     0.750       385.96597           3.7834493         49161
      0.237     0.750       380.34531           3.7662385         49391
      0.266     0.750       364.06750           3.6868698         48346
      0.299     0.750       339.90168           3.5036439         47373
      0.335     0.750       322.05566           3.3620497         46213
      0.376     0.750       298.13143           3.2158052         45000
      0.422     0.750       275.93286           3.0643012         43173
      0.473     0.750       261.03434           3.0103820         41925
      0.531     0.750       233.87432           2.7681481         39905
      0.596     0.750       216.68664           2.6731711         37963
      0.668     0.750       190.16205           2.4362677         35982
      0.750     0.750       171.42601           2.2872618         33624
      0.841     0.750       151.36895           2.1134135         31652
      0.944     0.750       136.05278           2.0016099         29808
      1.059     0.750       114.63222           1.7861460         27093
      1.189     0.750       101.00112           1.6539665         25538
      1.334     0.750       85.453303           1.4858255         23715
      1.496     0.750       70.931449           1.2923612         21688
      1.679     0.750       62.805836           1.2085631         19862
      1.884     0.750       52.634229           1.0586827         18402
      2.113     0.750       43.403992          0.92061490         16635
      2.371     0.750       36.231836          0.82202276         14983
      2.661     0.750       30.415914          0.72489446         13659
      2.985     0.750       24.854784          0.61000823         12555
      3.350     0.750       20.937830          0.57260867         11196
      3.758     0.750       17.629098          0.50378829          9981
      4.217     0.750       13.723312          0.40949867          8970
      4.732     0.750       11.899517          0.36999923          8226
      5.309     0.750       9.0573646          0.31033054          7168
      5.957     0.750       8.4894112          0.30835972          6485
      6.683     0.750       6.2379962          0.23156439          5790
      7.499     0.750       4.9745155          0.19382638          5077
      8.414     0.750       4.1802919          0.17037459          4491
      9.441     0.750       3.3921058          0.14379027          3953
      0.106     0.850       399.37872           3.7965013         46080
      0.119     0.850       408.68636           3.8446963         47636
      0.133     0.850       410.08849           3.8450998         49131
      0.150     0.850       402.75912           3.7918167         49790
      0.168     0.850       401.49218           3.8055065         50523
      0.188     0.850       395.89805           3.7578183         50714
      0.211     0.850       381.31440           3.6386618         50870
      0.237     0.850       373.55619           3.6165853         50697
      0.266     0.850       354.27229           3.4788988         49479
      0.299     0.850       340.63052           3.4315225         48312
      0.335     0.850       319.14765           3.3011817         47516
      0.376     0.850       297.07022           3.1602385         45777
      0.422     0.850       275.09146           3.0138910         44170
      0.473     0.850       259.24230           2.9049916         42718
      0.531     0.850       232.88962           2.7195720         40457
      0.596     0.850       207.57080           2.5431227         38268
      0.668     0.850       184.80248           2.3679975         36168
      0.750     0.850       167.29580           2.2420302         34077
      0.841     0.850       150.55781           2.1167635         31935
      0.944     0.850       129.35394           1.9088309         29870
      1.059     0.850       110.91950           1.7143385         27677
      1.189     0.850       98.858292           1.6154771         25849
      1.334     0.850       83.796639           1.4442666         23890
      1.496     0.850       69.143550           1.2668432         21669
      1.679     0.850       61.163801           1.1943008         19776
      1.884     0.850       51.161001           1.0425976         18323
      2.113     0.850       43.351638          0.93817639         16787
      2.371     0.850       34.348149          0.78350494         14943
      2.661     0.850       30.251687          0.74652865         13990
      2.985     0.850       24.622758          0.62002598         12557
      3.350     0.850       19.159847          0.50552844         11035
      3.758     0.850       16.079723          0.45538238         10194
      4.217     0.850       13.111309          0.39710503          9083
      4.732     0.850       10.963892          0.35398424          8095
      5.309     0.850       9.1184142          0.29775975          7255
      5.957     0.850       7.2085602          0.27573657          6453
      6.683     0.850       6.3037052          0.24013415          5751
      7.499     0.850       5.0924447          0.19217259          5150
      8.414     0.850       3.8392004          0.15979332          4422
      9.441     0.850       3.1566410          0.12938974          3883
      0.106     0.950       400.18345           3.6926065         48064
      0.119     0.950       402.18851           3.7105329         49419
      0.133     0.950       405.52777           3.7020944         50742
      0.150     0.950       397.08944           3.6640079         51349
      0.168     0.950       397.07321           3.6662215         52178
      0.188     0.950       395.27094           3.6464244         52193
      0.211     0.950       386.70388           3.6055506         52550
      0.237     0.950       371.75947           3.5409069         51301
      0.266     0.950       355.17464           3.4271582         50798
      0.299     0.950       337.10256           3.3228968         49545
      0.335     0.950       315.89874           3.2238531         48209
      0.376     0.950       297.16998           3.1324880         46467
      0.422     0.950       277.75220           3.0051617         44913
      0.473     0.950       254.91843           2.8540517         42949
      0.531     0.950       235.09171           2.7196435         40931
      0.596     0.950       207.16389           2.5263965         38359
      0.668     0.950       185.76507           2.3690051         36367
      0.750     0.950       164.27707           2.2094648         33948
      0.841     0.950       144.38917           2.0361561         31882
      0.944     0.950       128.93371           1.8983689         29898
      1.059     0.950       110.20591           1.7329430         27556
      1.189     0.950       97.540363           1.6033503         25654
      1.334     0.950       82.954418           1.4615164         23701
      1.496     0.950       69.396087           1.2971819         21376
      1.679     0.950       61.420955           1.1904175         19705
      1.884     0.950       50.864357           1.0500286         18248
      2.113     0.950       40.438609          0.88840209         16575
      2.371     0.950       35.428501          0.82660501         14887
      2.661     0.950       29.355233          0.71900939         13630
      2.985     0.950       24.489736          0.62450749         12596
      3.350     0.950       20.847032          0.57895806         11232
      3.758     0.950       16.982333          0.49521296         10092
      4.217     0.950       12.686995          0.37638196          8884
      4.732     0.950       10.474800          0.33530596          8034
      5.309     0.950       8.6926902          0.30471420          7173
      5.957     0.950       7.3701477          0.26529553          6390
      6.683     0.950       5.6713419          0.21006032          5565
      7.499     0.950       4.4920198          0.18056964          4941
      8.414     0.950       3.7301447          0.15096022          4359
      9.441     0.950       3.1185320          0.13627379          3907
