 # tables0/fmin10_0401z.sno_num   
      0.112    -0.950       1127.2789           9.0497424        108757
      0.141    -0.950       985.10247           7.9664578        111323
      0.178    -0.950       850.16536           6.8877846        111466
      0.224    -0.950       735.21089           5.9939183        110235
      0.282    -0.950       609.85693           5.0928100        104607
      0.355    -0.950       486.27844           4.2061592         97292
      0.447    -0.950       383.23520           3.4913670         89178
      0.562    -0.950       290.81032           2.8351945         79482
      0.708    -0.950       215.94145           2.2738269         70491
      0.891    -0.950       165.70931           1.8709337         61371
      1.122    -0.950       115.50089           1.4516837         52646
      1.413    -0.950       83.123164           1.1173165         44814
      1.778    -0.950       57.759866          0.85705593         37602
      2.239    -0.950       40.577116          0.67987368         30782
      2.818    -0.950       27.498658          0.50677721         25512
      3.548    -0.950       18.588658          0.37729672         20563
      4.467    -0.950       11.734787          0.26119059         16715
      5.623    -0.950       7.5805995          0.19162628         13229
      7.079    -0.950       5.4454480          0.14764279         10510
      8.913    -0.950       3.3623879          0.10319063          8012
      0.112    -0.850       735.28239           6.5493442         98285
      0.141    -0.850       666.79470           5.7920331        101830
      0.178    -0.850       599.30704           5.1317429        103734
      0.224    -0.850       536.53479           4.5929582        103412
      0.282    -0.850       461.83767           3.9805731        100005
      0.355    -0.850       390.62167           3.4843238         93990
      0.447    -0.850       324.35245           2.9552954         87472
      0.562    -0.850       246.49337           2.3439275         78968
      0.708    -0.850       191.49659           1.9605712         70445
      0.891    -0.850       148.45753           1.6167678         61669
      1.122    -0.850       108.83861           1.3070079         53278
      1.413    -0.850       77.815865           1.0039205         45409
      1.778    -0.850       55.825169          0.79516653         38324
      2.239    -0.850       38.504525          0.60502414         31355
      2.818    -0.850       26.634958          0.46841021         26071
      3.548    -0.850       18.472087          0.35529537         21243
      4.467    -0.850       12.166227          0.26394401         17093
      5.623    -0.850       8.1259640          0.19266944         13682
      7.079    -0.850       5.3893006          0.14501182         10811
      8.913    -0.850       3.7439649          0.11763219          8278
      0.112    -0.750       478.67314           3.5840345         90984
      0.141    -0.750       469.55924           3.4799502         96052
      0.178    -0.750       452.02914           3.3371976         98717
      0.224    -0.750       431.72561           3.2597404         99051
      0.282    -0.750       387.72851           2.9683447         96090
      0.355    -0.750       341.30695           2.7009358         91883
      0.447    -0.750       286.92053           2.4187481         86088
      0.562    -0.750       236.78123           2.1213828         78210
      0.708    -0.750       185.94231           1.7899460         69666
      0.891    -0.750       146.55137           1.5698359         61450
      1.122    -0.750       109.77562           1.2698746         53231
      1.413    -0.750       79.359189           1.0044101         45828
      1.778    -0.750       57.668734          0.82163462         38206
      2.239    -0.750       40.789334          0.63615476         32312
      2.818    -0.750       26.788499          0.46630064         26341
      3.548    -0.750       19.181296          0.36288192         21783
      4.467    -0.750       12.880629          0.27477419         17591
      5.623    -0.750       8.3676374          0.19614689         13953
      7.079    -0.750       5.5746889          0.14590103         10931
      8.913    -0.750       3.6720407          0.10936956          8642
      0.112    -0.650       506.76906           4.2225876         86713
      0.141    -0.650       486.06013           4.0019384         91747
      0.178    -0.650       462.95031           3.7177054         94671
      0.224    -0.650       432.17830           3.4442951         95664
      0.282    -0.650       392.95439           3.1784504         93880
      0.355    -0.650       339.81723           2.8017311         90499
      0.447    -0.650       292.15767           2.4998270         84665
      0.562    -0.650       238.27897           2.1520398         77335
      0.708    -0.650       190.97660           1.8511238         69428
      0.891    -0.650       148.08630           1.5648760         61506
      1.122    -0.650       111.60668           1.2634258         53448
      1.413    -0.650       81.491566           1.0402150         45444
      1.778    -0.650       58.964182          0.82488603         38704
      2.239    -0.650       41.339325          0.64117172         32289
      2.818    -0.650       28.342061          0.48103637         27013
      3.548    -0.650       19.900397          0.37105997         21864
      4.467    -0.650       13.306172          0.28400155         17676
      5.623    -0.650       8.7816519          0.20393720         14067
      7.079    -0.650       5.8962755          0.15579225         11088
      8.913    -0.650       3.7050224          0.10072193          8850
      0.112    -0.550       691.45486           6.9896225         82624
      0.141    -0.550       632.89907           6.2691453         87420
      0.178    -0.550       584.13118           5.6099679         90576
      0.224    -0.550       514.10657           4.8567438         91464
      0.282    -0.550       446.15233           4.0932835         90483
      0.355    -0.550       386.39626           3.6058119         86772
      0.447    -0.550       317.78172           2.9944023         82137
      0.562    -0.550       253.64624           2.4943454         75296
      0.708    -0.550       198.52407           1.9970169         68313
      0.891    -0.550       154.43065           1.6540929         60946
      1.122    -0.550       115.53927           1.3410207         53189
      1.413    -0.550       84.311962           1.0653141         45582
      1.778    -0.550       60.720732          0.85703427         38765
      2.239    -0.550       42.107047          0.64627788         32290
      2.818    -0.550       29.735697          0.51165878         26791
      3.548    -0.550       20.571845          0.39564993         22176
      4.467    -0.550       13.907201          0.28354733         18050
      5.623    -0.550       9.6537536          0.22391922         14460
      7.079    -0.550       5.9080581          0.15644448         11364
      8.913    -0.550       3.9141882          0.11298831          8895
      0.112    -0.450       877.85669           9.3425837         77879
      0.141    -0.450       794.47009           8.1630175         81879
      0.178    -0.450       697.98363           6.9722432         85904
      0.224    -0.450       602.24633           5.9416580         86673
      0.282    -0.450       519.48224           5.1647940         86129
      0.355    -0.450       427.72101           4.2092464         83151
      0.447    -0.450       352.37491           3.4825874         79318
      0.562    -0.450       273.62637           2.7821939         73267
      0.708    -0.450       216.91303           2.2417575         66860
      0.891    -0.450       162.93740           1.7821910         59945
      1.122    -0.450       127.15780           1.5193414         52753
      1.413    -0.450       90.682236           1.1753464         45701
      1.778    -0.450       64.479083          0.90551175         38941
      2.239    -0.450       45.496770          0.68694272         33060
      2.818    -0.450       30.792852          0.53190273         27126
      3.548    -0.450       20.768502          0.38307777         22482
      4.467    -0.450       14.731592          0.30066004         18435
      5.623    -0.450       9.1648336          0.20862043         14506
      7.079    -0.450       6.2822969          0.16105202         11829
      8.913    -0.450       4.5112842          0.12471324          9222
      0.112    -0.350       1144.0555           12.160818         72532
      0.141    -0.350       985.35809           10.219724         76880
      0.178    -0.350       860.88063           8.9967720         78658
      0.224    -0.350       732.46360           7.4696043         80205
      0.282    -0.350       618.63116           6.3621025         80152
      0.355    -0.350       499.85891           5.0230224         77343
      0.447    -0.350       405.92184           4.1837995         74173
      0.562    -0.350       314.61702           3.3421427         68834
      0.708    -0.350       241.79659           2.6082970         63167
      0.891    -0.350       181.54171           2.0637555         57616
      1.122    -0.350       136.88637           1.6782977         50962
      1.413    -0.350       98.635035           1.2996840         44227
      1.778    -0.350       69.802866          0.98997710         38109
      2.239    -0.350       48.708241          0.75474262         32262
      2.818    -0.350       33.648709          0.57181317         27031
      3.548    -0.350       22.547302          0.41062156         22161
      4.467    -0.350       15.955947          0.33014909         18399
      5.623    -0.350       10.172215          0.23556262         14740
      7.079    -0.350       6.7961742          0.16633222         11597
      8.913    -0.350       4.8192645          0.13270901          9385
      0.112    -0.250       1602.6659           16.805797         65800
      0.141    -0.250       1338.9441           13.979440         68193
      0.178    -0.250       1171.6524           12.276094         70346
      0.224    -0.250       967.61133           10.288188         70913
      0.282    -0.250       778.79502           8.2027233         70332
      0.355    -0.250       620.78947           6.7052822         68340
      0.447    -0.250       493.53578           5.4233967         65698
      0.562    -0.250       374.65196           4.2162633         61319
      0.708    -0.250       285.93761           3.4080736         57011
      0.891    -0.250       206.79382           2.5491400         51650
      1.122    -0.250       152.94058           2.0077691         46437
      1.413    -0.250       108.03929           1.5449102         40914
      1.778    -0.250       75.726334           1.1556882         35358
      2.239    -0.250       50.995874          0.83839541         29951
      2.818    -0.250       36.070315          0.61655627         25855
      3.548    -0.250       23.707922          0.46179119         21371
      4.467    -0.250       17.046496          0.35053533         17917
      5.623    -0.250       11.357789          0.25457383         14570
      7.079    -0.250       7.4548061          0.18967226         11625
      8.913    -0.250       4.8055106          0.12829147          9024
      0.112    -0.150       2528.6721           27.772052         54251
      0.141    -0.150       2123.6537           24.357650         55994
      0.178    -0.150       1748.3956           20.250843         56050
      0.224    -0.150       1410.5512           16.972987         56045
      0.282    -0.150       1100.6540           13.344968         54808
      0.355    -0.150       831.05647           10.728085         52460
      0.447    -0.150       634.17910           8.5194086         49993
      0.562    -0.150       460.22272           6.4159884         46802
      0.708    -0.150       326.44266           4.6214138         43065
      0.891    -0.150       241.39650           3.4602040         39799
      1.122    -0.150       167.61420           2.5682247         35984
      1.413    -0.150       122.50898           2.0406124         32139
      1.778    -0.150       82.300924           1.4152570         27882
      2.239    -0.150       56.400443           1.0278273         24397
      2.818    -0.150       38.191115          0.75802953         20835
      3.548    -0.150       26.258834          0.54857443         17948
      4.467    -0.150       17.533840          0.38160648         14801
      5.623    -0.150       11.646912          0.27326155         12249
      7.079    -0.150       7.9030255          0.20261045         10119
      8.913    -0.150       5.3267687          0.15924303          8055
      0.112    -0.050       4261.4700           86.452300         26537
      0.141    -0.050       3481.5261           75.600690         26431
      0.178    -0.050       2711.7776           59.609481         26280
      0.224    -0.050       2180.4334           51.920673         25212
      0.282    -0.050       1551.1156           36.809078         24035
      0.355    -0.050       1147.9914           30.797958         22860
      0.447    -0.050       795.43155           20.467349         21082
      0.562    -0.050       563.52245           16.751861         19938
      0.708    -0.050       392.73514           11.259966         17901
      0.891    -0.050       265.48702           8.3026079         16436
      1.122    -0.050       189.55675           6.5277808         14721
      1.413    -0.050       121.41663           3.8077422         13119
      1.778    -0.050       81.983355           2.3963190         11642
      2.239    -0.050       58.724368           1.8326933         10248
      2.818    -0.050       38.495213           1.2645136          8835
      3.548    -0.050       29.347591           1.1088213          7679
      4.467    -0.050       20.046720          0.83577901          6617
      5.623    -0.050       12.695546          0.61862934          5399
      7.079    -0.050       8.2243344          0.37521001          4492
      8.913    -0.050       5.7039799          0.30023596          3695
      0.112     0.050       4452.2767           91.876610         26488
      0.141     0.050       3591.5576           78.506293         26031
      0.178     0.050       2768.8203           61.104042         25810
      0.224     0.050       2119.1207           51.367992         24844
      0.282     0.050       1631.4555           39.815887         24054
      0.355     0.050       1187.7617           32.600475         22773
      0.447     0.050       807.31412           21.010378         21135
      0.562     0.050       553.68597           16.721543         19633
      0.708     0.050       389.40388           11.598573         17860
      0.891     0.050       267.45282           8.1855413         16338
      1.122     0.050       182.46790           5.5982120         14921
      1.413     0.050       119.61489           3.8297141         13379
      1.778     0.050       86.574716           3.6189260         11635
      2.239     0.050       57.726175           1.9229263         10302
      2.818     0.050       38.612294           1.2586769          8720
      3.548     0.050       29.056413           1.2124013          7663
      4.467     0.050       19.346555          0.78568594          6569
      5.623     0.050       12.992890          0.63630289          5489
      7.079     0.050       8.6100965          0.43871699          4484
      8.913     0.050       6.0021426          0.32135143          3626
      0.112     0.150       2998.1472           33.359995         54959
      0.141     0.150       2454.3809           28.406674         55716
      0.178     0.150       1974.7449           23.381289         56045
      0.224     0.150       1534.5221           18.548645         55910
      0.282     0.150       1170.0152           15.123653         54487
      0.355     0.150       874.16919           11.511727         52427
      0.447     0.150       627.32599           8.6941870         49087
      0.562     0.150       458.77578           6.2982209         46353
      0.708     0.150       316.06760           4.4715377         43075
      0.891     0.150       233.07002           3.5439606         39182
      1.122     0.150       161.28230           2.5252450         35605
      1.413     0.150       111.37058           1.7945227         31060
      1.778     0.150       81.338170           1.4118700         28081
      2.239     0.150       57.356027           1.0837120         24138
      2.818     0.150       38.530612          0.77221543         20598
      3.548     0.150       26.136760          0.55682712         17697
      4.467     0.150       17.780590          0.41728024         14434
      5.623     0.150       12.037093          0.30582706         12001
      7.079     0.150       8.0913586          0.21685308          9844
      8.913     0.150       5.4011570          0.15198744          8006
      0.112     0.250       2390.6409           23.352169         70391
      0.141     0.250       1985.4267           19.801598         72135
      0.178     0.250       1612.4715           16.710155         73463
      0.224     0.250       1298.5717           13.510641         73238
      0.282     0.250       998.73917           10.801124         72078
      0.355     0.250       750.30244           8.1032699         69856
      0.447     0.250       566.72493           6.5816707         65543
      0.562     0.250       412.51560           4.8373505         61805
      0.708     0.250       302.77075           3.6060333         56934
      0.891     0.250       218.83810           2.7449686         51765
      1.122     0.250       155.56700           2.0712515         45986
      1.413     0.250       110.15016           1.5818256         40868
      1.778     0.250       76.781621           1.1827711         35341
      2.239     0.250       52.670503          0.85477046         30122
      2.818     0.250       35.849239          0.62267307         25181
      3.548     0.250       24.273095          0.45962516         21245
      4.467     0.250       16.145098          0.35229715         17293
      5.623     0.250       10.356766          0.23482173         14064
      7.079     0.250       7.4576713          0.18759999         11552
      8.913     0.250       4.8909698          0.13427885          9049
      0.112     0.350       2072.1786           18.507633         82104
      0.141     0.350       1750.8504           16.150048         84492
      0.178     0.350       1441.6222           13.451361         86048
      0.224     0.350       1168.2870           11.152280         86067
      0.282     0.350       908.44346           8.8620506         84138
      0.355     0.350       698.37142           6.9585836         81300
      0.447     0.350       531.57668           5.4561363         76470
      0.562     0.350       402.50229           4.2253200         70615
      0.708     0.350       281.55128           3.1294213         63946
      0.891     0.350       209.00161           2.4483144         57356
      1.122     0.350       148.59650           1.8589359         51267
      1.413     0.350       105.59059           1.4380459         44110
      1.778     0.350       75.177049           1.1189412         38007
      2.239     0.350       51.193761          0.80868991         32046
      2.818     0.350       33.978726          0.59902171         26629
      3.548     0.350       22.409646          0.41851312         21925
      4.467     0.350       15.491192          0.31727970         18081
      5.623     0.350       9.7635577          0.22199802         14579
      7.079     0.350       6.7728102          0.17176583         11597
      8.913     0.350       4.4297560          0.11701862          9282
      0.112     0.450       1953.4748           16.519588         91820
      0.141     0.450       1639.8080           14.148516         93783
      0.178     0.450       1326.6654           11.687903         95600
      0.224     0.450       1107.1392           9.9453004         95446
      0.282     0.450       879.80008           8.1147360         93278
      0.355     0.450       677.46118           6.3372000         88246
      0.447     0.450       511.25647           4.9664451         82744
      0.562     0.450       378.37595           3.7598139         75829
      0.708     0.450       286.09558           3.0523666         68982
      0.891     0.450       207.42282           2.3371647         61044
      1.122     0.450       147.38185           1.7976981         52659
      1.413     0.450       103.83598           1.4035805         45850
      1.778     0.450       71.192484           1.0394226         39218
      2.239     0.450       48.755471          0.80358509         32514
      2.818     0.450       32.331918          0.57182465         27061
      3.548     0.450       22.002064          0.42141527         22187
      4.467     0.450       15.078953          0.31014219         18147
      5.623     0.450       9.7382822          0.23036821         14539
      7.079     0.450       6.5410489          0.16754612         11579
      8.913     0.450       4.2567515          0.12602823          9094
      0.112     0.550       1858.7840           15.001127         99496
      0.141     0.550       1573.7502           12.825260        102163
      0.178     0.550       1293.3438           10.862483        103099
      0.224     0.550       1058.4263           8.9444196        102664
      0.282     0.550       861.31865           7.5964850         99175
      0.355     0.550       658.54281           5.8929728         93762
      0.447     0.550       491.27760           4.5718121         86903
      0.562     0.550       374.23574           3.7495669         79420
      0.708     0.550       275.47166           2.9013700         70502
      0.891     0.550       196.79651           2.1933560         63026
      1.122     0.550       142.29215           1.7372846         54267
      1.413     0.550       98.311051           1.3085613         46460
      1.778     0.550       68.954262          0.99855112         39543
      2.239     0.550       47.014350          0.73731776         33186
      2.818     0.550       31.888856          0.56102663         27389
      3.548     0.550       21.009262          0.39666743         22550
      4.467     0.550       14.164353          0.30956264         18161
      5.623     0.550       9.1269442          0.20286379         14506
      7.079     0.550       6.0157254          0.15232875         11460
      8.913     0.550       4.1551172          0.12251581          9213
      0.112     0.650       1803.6571           14.009068        106458
      0.141     0.650       1518.8864           12.032773        108221
      0.178     0.650       1253.9342           10.174891        108682
      0.224     0.650       1048.4185           8.6267071        106758
      0.282     0.650       830.77472           7.1163319        102668
      0.355     0.650       646.34411           5.7071868         96796
      0.447     0.650       486.11827           4.4847061         88877
      0.562     0.650       358.05012           3.4682592         79837
      0.708     0.650       267.91642           2.8264973         71467
      0.891     0.650       189.86270           2.1317339         62890
      1.122     0.650       135.20436           1.6496929         54252
      1.413     0.650       95.728873           1.2902216         46047
      1.778     0.650       64.886859          0.96455899         38831
      2.239     0.650       44.005074          0.70593907         32266
      2.818     0.650       29.722673          0.52023923         26526
      3.548     0.650       19.996325          0.38557556         21742
      4.467     0.650       13.612332          0.28844197         17689
      5.623     0.650       8.9014483          0.21227536         14033
      7.079     0.650       5.6512829          0.14008668         11164
      8.913     0.650       3.8151108          0.10622429          8852
      0.112     0.750       1764.0969           13.356209        110718
      0.141     0.750       1477.6515           11.369659        112161
      0.178     0.750       1236.3428           9.6978059        112256
      0.224     0.750       1010.6126           8.2233046        110559
      0.282     0.750       802.44297           6.6977403        104591
      0.355     0.750       630.50060           5.4615396         98466
      0.447     0.750       479.83865           4.3424981         89926
      0.562     0.750       353.94083           3.4121607         80439
      0.708     0.750       256.09353           2.6321855         71252
      0.891     0.750       188.87380           2.1475866         62133
      1.122     0.750       132.62944           1.6438470         53562
      1.413     0.750       91.708262           1.2450971         45647
      1.778     0.750       63.334114          0.92955519         38375
      2.239     0.750       42.808600          0.70012124         31434
      2.818     0.750       28.863766          0.51593590         26080
      3.548     0.750       19.156993          0.38782952         20953
      4.467     0.750       12.573048          0.27577107         16822
      5.623     0.750       8.9456204          0.22292726         13644
      7.079     0.750       5.6835467          0.15038864         10897
      8.913     0.750       3.5250523          0.10230396          8405
      0.112     0.850       1720.3330           12.635879        114838
      0.141     0.850       1450.0878           11.020675        115810
      0.178     0.850       1223.0997           9.4681373        115634
      0.224     0.850       1019.7399           8.1316805        113014
      0.282     0.850       811.82855           6.7353261        106928
      0.355     0.850       623.00205           5.3581935         99615
      0.447     0.850       472.92283           4.2616731         91384
      0.562     0.850       349.52389           3.3506084         81476
      0.708     0.850       252.19031           2.6410961         71474
      0.891     0.850       185.85138           2.1135048         62925
      1.122     0.850       128.32712           1.6087001         53474
      1.413     0.850       90.698899           1.2519429         45292
      1.778     0.850       61.776177          0.92590823         38446
      2.239     0.850       41.234561          0.70005810         31629
      2.818     0.850       27.138626          0.49392165         25873
      3.548     0.850       18.203400          0.36507769         20889
      4.467     0.850       12.480791          0.28655957         16998
      5.623     0.850       8.2565232          0.20305988         13290
      7.079     0.850       5.2507205          0.14485779         10676
      8.913     0.850       3.5487553          0.10995410          8041
      0.112     0.950       1712.8690           12.456174        118030
      0.141     0.950       1439.5441           10.793201        119062
      0.178     0.950       1210.9049           9.2945002        118266
      0.224     0.950       1013.4202           7.9492775        114538
      0.282     0.950       797.43545           6.5219402        108360
      0.355     0.950       612.98973           5.2434713        100229
      0.447     0.950       459.37086           4.1394249         90550
      0.562     0.950       335.34320           3.2514161         81304
      0.708     0.950       251.79283           2.6558757         71558
      0.891     0.950       179.66112           2.0591633         62170
      1.122     0.950       126.20188           1.5870903         53175
      1.413     0.950       87.030573           1.2208823         44754
      1.778     0.950       59.352438          0.90620415         37411
      2.239     0.950       39.880170          0.66020053         31244
      2.818     0.950       27.444786          0.51023384         25535
      3.548     0.950       18.086869          0.36635036         20881
      4.467     0.950       12.334094          0.27696471         16853
      5.623     0.950       8.0424091          0.20515861         13242
      7.079     0.950       5.5298299          0.15373120         10554
      8.913     0.950       3.2004501          0.98181686E-01      7962
