 # tables0/fmin20_0401z.sou_nue   
      0.106    -0.950       591.88280           9.8597895         26531
      0.119    -0.950       551.77717           9.3195117         26460
      0.133    -0.950       536.83448           9.2402802         26688
      0.150    -0.950       501.74982           8.4733975         26566
      0.168    -0.950       474.09953           8.0532346         26526
      0.188    -0.950       450.95183           7.8365153         25757
      0.211    -0.950       409.33528           7.1544862         25294
      0.237    -0.950       358.27791           6.3206270         24312
      0.266    -0.950       329.77258           5.9592132         23520
      0.299    -0.950       290.31030           5.3437274         22473
      0.335    -0.950       266.78185           4.9648312         21609
      0.376    -0.950       237.68724           4.5296069         20190
      0.422    -0.950       207.58048           4.0870477         18913
      0.473    -0.950       184.97335           3.8487558         17777
      0.531    -0.950       162.78108           3.4873267         16421
      0.596    -0.950       143.07530           3.1398304         15152
      0.668    -0.950       111.78315           2.5444213         13562
      0.750    -0.950       100.82253           2.4483935         12555
      0.841    -0.950       80.811314           2.0367960         11408
      0.944    -0.950       68.260173           1.8458960         10226
      1.059    -0.950       56.761728           1.5810334          9282
      1.189    -0.950       44.185987           1.3511862          8047
      1.334    -0.950       37.372574           1.2581948          7258
      1.496    -0.950       31.443188           1.0527260          6499
      1.679    -0.950       24.583969          0.88658460          5692
      1.884    -0.950       20.384090          0.78092943          5110
      2.113    -0.950       15.854098          0.67285225          4288
      2.371    -0.950       12.424884          0.55193370          3813
      2.661    -0.950       9.9771543          0.48965061          3258
      2.985    -0.950       7.8857962          0.43410763          2840
      3.350    -0.950       6.1073720          0.34557239          2381
      3.758    -0.950       4.8652275          0.30089420          2120
      4.217    -0.950       3.5158971          0.22811073          1735
      4.732    -0.950       3.0534257          0.20774627          1545
      5.309    -0.950       2.0287511          0.15949204          1271
      5.957    -0.950       1.5291073          0.13133283          1100
      6.683    -0.950       1.5092931          0.12609995           999
      7.499    -0.950       1.0023037          0.92884161E-01       832
      8.414    -0.950      0.70831115          0.73899566E-01       667
      9.441    -0.950      0.46389387          0.46569586E-01       585
      0.106    -0.850       359.52441           6.6312247         23793
      0.119    -0.850       358.89427           6.3925494         24627
      0.133    -0.850       343.72664           6.2433679         24740
      0.150    -0.850       336.10256           5.9782715         25385
      0.168    -0.850       313.84610           5.6637247         24744
      0.188    -0.850       300.63044           5.5057215         24566
      0.211    -0.850       280.06081           5.0163646         24271
      0.237    -0.850       250.88891           4.5105997         23592
      0.266    -0.850       238.46788           4.3001222         23088
      0.299    -0.850       221.95990           4.1647133         22267
      0.335    -0.850       202.10752           3.7563477         21303
      0.376    -0.850       187.61651           3.5599147         20284
      0.422    -0.850       164.16494           3.3371691         18893
      0.473    -0.850       144.27165           2.8832384         17828
      0.531    -0.850       131.25425           2.7818624         16368
      0.596    -0.850       111.31935           2.3980296         15487
      0.668    -0.850       97.667770           2.1947717         14364
      0.750    -0.850       85.780456           1.9871145         13118
      0.841    -0.850       74.407764           1.8396304         11848
      0.944    -0.850       60.795644           1.5272189         10642
      1.059    -0.850       50.192578           1.3320313          9728
      1.189    -0.850       43.344364           1.2228882          8640
      1.334    -0.850       35.421891           1.1000856          7934
      1.496    -0.850       29.695846          0.96624213          6790
      1.679    -0.850       24.290865          0.84936876          6266
      1.884    -0.850       19.733775          0.72674317          5477
      2.113    -0.850       17.023761          0.65062824          4705
      2.371    -0.850       13.435640          0.58329682          4107
      2.661    -0.850       10.215574          0.48459900          3674
      2.985    -0.850       7.7310872          0.37455877          3225
      3.350    -0.850       6.0493246          0.31434277          2641
      3.758    -0.850       5.2430403          0.28445350          2399
      4.217    -0.850       4.2097309          0.25447579          1990
      4.732    -0.850       3.2621232          0.21349882          1663
      5.309    -0.850       2.2503375          0.16758675          1406
      5.957    -0.850       1.9164354          0.14460948          1244
      6.683    -0.850       1.4665217          0.12559225          1038
      7.499    -0.850       1.1514929          0.98607484E-01       908
      8.414    -0.850      0.81183653          0.72840413E-01       761
      9.441    -0.850      0.62101226          0.68950417E-01       587
      0.106    -0.750       211.86382           3.2754330         22216
      0.119    -0.750       221.06011           3.3322154         22871
      0.133    -0.750       218.13577           3.2625102         23621
      0.150    -0.750       214.29583           3.2131925         23478
      0.168    -0.750       212.36109           3.2064128         23679
      0.188    -0.750       207.90281           3.1686368         23577
      0.211    -0.750       200.31021           3.0589702         23390
      0.237    -0.750       195.35849           3.0309068         23166
      0.266    -0.750       183.68597           2.8860152         22640
      0.299    -0.750       177.48558           2.8110981         22018
      0.335    -0.750       168.08146           2.7059534         21353
      0.376    -0.750       151.31673           2.5175292         20367
      0.422    -0.750       141.15490           2.4298093         19332
      0.473    -0.750       126.83445           2.2422085         18127
      0.531    -0.750       114.69318           2.1500242         16993
      0.596    -0.750       101.70445           1.9335811         16024
      0.668    -0.750       91.611236           1.8303534         14842
      0.750    -0.750       78.734448           1.6485636         13601
      0.841    -0.750       71.952129           1.6354331         12489
      0.944    -0.750       64.705539           1.5297962         11633
      1.059    -0.750       54.578857           1.3690680         10405
      1.189    -0.750       44.227825           1.1944937          9218
      1.334    -0.750       36.623419           1.0272826          8451
      1.496    -0.750       31.149965          0.93820429          7535
      1.679    -0.750       26.358695          0.84849341          6674
      1.884    -0.750       22.143012          0.76764027          5898
      2.113    -0.750       17.516200          0.66417956          5042
      2.371    -0.750       14.734783          0.59562399          4523
      2.661    -0.750       10.919883          0.46994150          3915
      2.985    -0.750       10.404352          0.50011754          3410
      3.350    -0.750       6.9637815          0.34999146          2998
      3.758    -0.750       5.7198927          0.31054425          2543
      4.217    -0.750       4.0916495          0.24158300          2181
      4.732    -0.750       3.3974181          0.22381397          1892
      5.309    -0.750       2.7411960          0.18883914          1602
      5.957    -0.750       1.9731587          0.16397637          1306
      6.683    -0.750       1.4607689          0.10421712          1135
      7.499    -0.750       1.1629582          0.83074012E-01      1022
      8.414    -0.750      0.89605759          0.73449666E-01       856
      9.441    -0.750      0.68867037          0.65070468E-01       693
      0.106    -0.650       223.96849           3.9570415         21275
      0.119    -0.650       226.32919           3.8474731         21703
      0.133    -0.650       229.17136           3.9344460         22436
      0.150    -0.650       228.38141           3.7733663         22856
      0.168    -0.650       222.89520           3.7846949         23237
      0.188    -0.650       216.02817           3.4820762         23195
      0.211    -0.650       211.65935           3.5506314         23386
      0.237    -0.650       199.56532           3.2197187         22887
      0.266    -0.650       187.73036           3.1629105         22334
      0.299    -0.650       179.27831           3.0121090         22059
      0.335    -0.650       162.57361           2.7623907         21313
      0.376    -0.650       158.37995           2.7934189         20526
      0.422    -0.650       140.62776           2.5255848         19449
      0.473    -0.650       131.42439           2.3941113         18592
      0.531    -0.650       120.92492           2.3012771         17714
      0.596    -0.650       106.69802           2.0849458         16360
      0.668    -0.650       94.771322           1.9534069         15230
      0.750    -0.650       85.959087           1.8142008         14338
      0.841    -0.650       72.607016           1.5894336         13007
      0.944    -0.650       65.804301           1.5298700         12022
      1.059    -0.650       54.350848           1.3297549         10934
      1.189    -0.650       46.349189           1.1838701          9991
      1.334    -0.650       41.812157           1.1232397          9224
      1.496    -0.650       35.147942          0.99589911          8148
      1.679    -0.650       27.868518          0.87108161          7221
      1.884    -0.650       24.237820          0.79415342          6332
      2.113    -0.650       18.371920          0.66355038          5565
      2.371    -0.650       15.610823          0.57383619          4934
      2.661    -0.650       12.175561          0.49036502          4307
      2.985    -0.650       9.4617180          0.41105202          3708
      3.350    -0.650       7.9310662          0.37482596          3439
      3.758    -0.650       6.2809457          0.31075113          2819
      4.217    -0.650       4.6849591          0.26998389          2424
      4.732    -0.650       3.8841969          0.23290108          2082
      5.309    -0.650       3.0135903          0.19216408          1800
      5.957    -0.650       2.0155519          0.15282479          1485
      6.683    -0.650       2.0662987          0.14329546          1334
      7.499    -0.650       1.4757750          0.11803697          1121
      8.414    -0.650       1.0303704          0.87621610E-01       927
      9.441    -0.650      0.75623688          0.72234121E-01       773
      0.106    -0.550       340.20163           7.1678005         20526
      0.119    -0.550       333.27870           6.9277170         20968
      0.133    -0.550       327.71121           6.7745352         21644
      0.150    -0.550       314.70470           6.6193106         21998
      0.168    -0.550       304.47318           6.3386381         22306
      0.188    -0.550       283.73996           5.8747208         22598
      0.211    -0.550       276.38598           5.5783692         22411
      0.237    -0.550       246.30782           5.1279791         22151
      0.266    -0.550       237.61126           4.7424706         21957
      0.299    -0.550       219.32046           4.5139625         21718
      0.335    -0.550       199.57277           3.9794937         21349
      0.376    -0.550       187.14007           3.7531365         20596
      0.422    -0.550       163.86740           3.2311984         19743
      0.473    -0.550       147.18049           2.8863245         18683
      0.531    -0.550       140.17051           2.9077704         17690
      0.596    -0.550       123.27068           2.6676990         16841
      0.668    -0.550       105.64969           2.3243216         15666
      0.750    -0.550       92.713004           2.0516545         14593
      0.841    -0.550       83.119516           1.8664229         13717
      0.944    -0.550       71.002107           1.6961384         12546
      1.059    -0.550       62.416975           1.5760925         11682
      1.189    -0.550       53.673177           1.4024627         10566
      1.334    -0.550       44.940302           1.1947902          9619
      1.496    -0.550       37.177531           1.0581933          8544
      1.679    -0.550       31.930351          0.96917982          7812
      1.884    -0.550       24.908005          0.78260495          6992
      2.113    -0.550       20.533710          0.68877205          6037
      2.371    -0.550       17.921854          0.64072545          5442
      2.661    -0.550       14.533440          0.59096526          4703
      2.985    -0.550       11.037134          0.44945048          4190
      3.350    -0.550       9.7441918          0.46659571          3707
      3.758    -0.550       7.3325108          0.34929982          3188
      4.217    -0.550       5.5438895          0.28250698          2784
      4.732    -0.550       4.4384343          0.26590979          2312
      5.309    -0.550       3.7804858          0.21802566          2134
      5.957    -0.550       2.4645778          0.16011593          1726
      6.683    -0.550       1.8631066          0.13308814          1485
      7.499    -0.550       1.5031839          0.11007967          1248
      8.414    -0.550       1.3848245          0.11065469          1061
      9.441    -0.550       1.0046407          0.89826396E-01       967
      0.106    -0.450       434.64520           9.5432358         19357
      0.119    -0.450       443.25704           9.6747150         20185
      0.133    -0.450       407.80624           9.1805272         20496
      0.150    -0.450       403.46261           8.9493664         21049
      0.168    -0.450       378.66136           7.9508886         21406
      0.188    -0.450       352.07383           7.3565421         21692
      0.211    -0.450       327.60120           6.7199833         21929
      0.237    -0.450       304.68665           6.4775241         21579
      0.266    -0.450       286.64555           5.9169939         21415
      0.299    -0.450       267.78010           5.7540746         21208
      0.335    -0.450       239.69693           5.0856540         20554
      0.376    -0.450       227.34037           4.8691439         20435
      0.422    -0.450       194.77354           4.1778059         19389
      0.473    -0.450       181.79704           3.8322965         18832
      0.531    -0.450       158.09958           3.2653849         18077
      0.596    -0.450       142.70937           3.2503533         17043
      0.668    -0.450       118.07220           2.5168393         16259
      0.750    -0.450       106.19323           2.3583479         15000
      0.841    -0.450       95.357118           2.2357786         14053
      0.944    -0.450       83.250157           1.9901355         13150
      1.059    -0.450       71.162674           1.7260109         12275
      1.189    -0.450       60.908980           1.5565850         11209
      1.334    -0.450       49.332464           1.3412518         10123
      1.496    -0.450       42.983297           1.2483963          9261
      1.679    -0.450       37.211341           1.1152254          8321
      1.884    -0.450       28.591774          0.89680372          7258
      2.113    -0.450       23.517800          0.78857908          6591
      2.371    -0.450       19.074964          0.67309131          5948
      2.661    -0.450       15.690524          0.58075630          5283
      2.985    -0.450       13.786798          0.57367024          4826
      3.350    -0.450       12.060493          0.51447262          4085
      3.758    -0.450       8.9437516          0.40167988          3569
      4.217    -0.450       7.0101800          0.32508919          3180
      4.732    -0.450       5.5609998          0.27144436          2757
      5.309    -0.450       4.5874332          0.27379866          2334
      5.957    -0.450       3.1444871          0.18295017          1993
      6.683    -0.450       2.0780762          0.12618549          1653
      7.499    -0.450       2.0591828          0.15297342          1498
      8.414    -0.450       1.3292021          0.98545115E-01      1165
      9.441    -0.450       1.0975115          0.89059063E-01       988
      0.106    -0.350       621.95041           13.632141         18268
      0.119    -0.350       555.85537           12.305989         18622
      0.133    -0.350       569.24113           12.273659         19191
      0.150    -0.350       504.84046           10.390742         19833
      0.168    -0.350       500.25187           10.868946         19995
      0.188    -0.350       466.10690           10.288744         20296
      0.211    -0.350       400.91524           8.4781009         20167
      0.237    -0.350       375.19864           7.6289164         20463
      0.266    -0.350       351.44998           7.3866848         20294
      0.299    -0.350       315.36183           6.5860668         20058
      0.335    -0.350       300.90897           6.4519547         19595
      0.376    -0.350       272.24873           5.6767148         19561
      0.422    -0.350       240.26395           5.2468495         18928
      0.473    -0.350       213.85071           4.4742492         18287
      0.531    -0.350       183.15799           3.9528918         17594
      0.596    -0.350       174.24197           3.8859056         16851
      0.668    -0.350       146.91684           3.2286554         15962
      0.750    -0.350       128.85119           2.9188333         15121
      0.841    -0.350       115.11950           2.6683953         14258
      0.944    -0.350       96.464891           2.3378086         13170
      1.059    -0.350       79.814043           1.9676535         12290
      1.189    -0.350       72.999718           1.8926731         11396
      1.334    -0.350       57.704381           1.5936609         10482
      1.496    -0.350       49.551940           1.4197328          9708
      1.679    -0.350       43.226377           1.2875266          8850
      1.884    -0.350       35.310379           1.0674627          8128
      2.113    -0.350       28.493930          0.93301227          7198
      2.371    -0.350       24.164777          0.84471889          6578
      2.661    -0.350       18.459255          0.66991130          5671
      2.985    -0.350       15.309223          0.60992153          5058
      3.350    -0.350       12.375936          0.51642205          4544
      3.758    -0.350       9.7680944          0.43002078          3994
      4.217    -0.350       7.8897576          0.37143414          3455
      4.732    -0.350       5.8951113          0.27859680          3105
      5.309    -0.350       4.6561739          0.24671547          2769
      5.957    -0.350       4.0530808          0.24310840          2381
      6.683    -0.350       3.1168249          0.19345672          1995
      7.499    -0.350       2.3425005          0.14842828          1742
      8.414    -0.350       1.8242449          0.11530447          1524
      9.441    -0.350       1.3957648          0.91941738E-01      1321
      0.106    -0.250       830.59390           18.332742         16136
      0.119    -0.250       811.18277           17.540972         16924
      0.133    -0.250       789.95619           17.274778         17130
      0.150    -0.250       729.75259           15.936209         17557
      0.168    -0.250       691.88353           14.968984         17861
      0.188    -0.250       656.44891           14.064045         18249
      0.211    -0.250       568.28406           12.478636         17982
      0.237    -0.250       519.94300           11.413075         17975
      0.266    -0.250       470.09418           10.484980         18037
      0.299    -0.250       419.86185           9.1805196         17721
      0.335    -0.250       384.33686           8.5366438         17600
      0.376    -0.250       345.75311           7.7046367         17341
      0.422    -0.250       301.45167           6.5879478         17111
      0.473    -0.250       270.64950           6.4055860         16328
      0.531    -0.250       242.95322           5.9130019         15838
      0.596    -0.250       208.83321           5.0293826         15348
      0.668    -0.250       177.79776           4.1835364         14809
      0.750    -0.250       156.07719           3.8808744         14114
      0.841    -0.250       133.33538           3.2422032         13333
      0.944    -0.250       110.11000           2.6962893         12405
      1.059    -0.250       96.314479           2.4443739         11962
      1.189    -0.250       81.037123           2.2568446         11140
      1.334    -0.250       69.123311           1.8106015         10346
      1.496    -0.250       61.315955           1.7806996          9626
      1.679    -0.250       48.929778           1.4860119          8690
      1.884    -0.250       38.597779           1.1870649          7981
      2.113    -0.250       31.878723           1.0893700          7368
      2.371    -0.250       27.523072           1.0077541          6657
      2.661    -0.250       21.055850          0.76188485          6086
      2.985    -0.250       17.999458          0.69209369          5530
      3.350    -0.250       14.592621          0.58416251          4947
      3.758    -0.250       11.012693          0.43448576          4487
      4.217    -0.250       9.6395291          0.41983697          3925
      4.732    -0.250       6.8131821          0.33019945          3366
      5.309    -0.250       5.7650989          0.28730812          3042
      5.957    -0.250       4.3999128          0.21912765          2637
      6.683    -0.250       3.7250506          0.19789793          2308
      7.499    -0.250       2.7134218          0.14719788          1926
      8.414    -0.250       2.2886751          0.13723929          1681
      9.441    -0.250       1.8960335          0.12689234          1374
      0.106    -0.150       1366.5646           31.615349         13278
      0.119    -0.150       1229.5711           28.674739         13570
      0.133    -0.150       1198.9505           27.312743         13880
      0.150    -0.150       1139.3823           27.836838         14173
      0.168    -0.150       1025.6950           23.996790         14321
      0.188    -0.150       953.30798           23.086854         14023
      0.211    -0.150       807.66795           19.633388         14029
      0.237    -0.150       736.87708           18.032910         14055
      0.266    -0.150       694.34241           17.597569         14059
      0.299    -0.150       628.62710           16.351829         13794
      0.335    -0.150       517.68560           13.636886         13388
      0.376    -0.150       482.70522           13.027113         13243
      0.422    -0.150       395.45503           10.962762         13076
      0.473    -0.150       350.73983           9.5060705         12748
      0.531    -0.150       300.62733           8.7188225         12077
      0.596    -0.150       264.95569           7.5482200         11829
      0.668    -0.150       220.92135           6.8445664         11365
      0.750    -0.150       185.46722           5.4248964         10913
      0.841    -0.150       161.93757           4.7081391         10491
      0.944    -0.150       128.80342           3.8295436          9952
      1.059    -0.150       110.25447           3.3901020          9554
      1.189    -0.150       94.723172           3.2042711          8954
      1.334    -0.150       76.529349           2.4098050          8398
      1.496    -0.150       63.697363           2.1408998          7932
      1.679    -0.150       54.799077           1.8061255          7219
      1.884    -0.150       46.310183           1.6975844          6937
      2.113    -0.150       39.264321           1.5089989          6379
      2.371    -0.150       29.186932           1.1012072          5932
      2.661    -0.150       23.314273          0.92996979          5399
      2.985    -0.150       19.783244          0.80643634          4945
      3.350    -0.150       18.080341          0.78611054          4518
      3.758    -0.150       13.904906          0.64576000          4134
      4.217    -0.150       11.338738          0.52772139          3644
      4.732    -0.150       9.2824119          0.43600373          3230
      5.309    -0.150       7.4069136          0.36355583          2989
      5.957    -0.150       5.8088294          0.30649475          2583
      6.683    -0.150       4.7216704          0.26087966          2280
      7.499    -0.150       3.6630857          0.21961248          1980
      8.414    -0.150       2.8728058          0.16868864          1831
      9.441    -0.150       2.5502319          0.18117807          1524
      0.106    -0.050       2253.7296           90.008295          6589
      0.119    -0.050       2185.6816           90.114698          6879
      0.133    -0.050       2091.4335           86.379390          6798
      0.150    -0.050       1869.5290           82.268361          6686
      0.168    -0.050       1652.7062           73.273407          6808
      0.188    -0.050       1628.9988           74.446581          6638
      0.211    -0.050       1282.8642           63.715245          6456
      0.237    -0.050       1121.6062           65.492232          6360
      0.266    -0.050       989.15286           49.450020          6281
      0.299    -0.050       923.30154           51.048161          6285
      0.335    -0.050       771.23059           41.243474          6010
      0.376    -0.050       625.64621           32.757793          5764
      0.422    -0.050       593.88459           32.793277          5635
      0.473    -0.050       453.40738           24.925095          5413
      0.531    -0.050       358.58858           26.240394          5132
      0.596    -0.050       310.76847           16.742624          4959
      0.668    -0.050       266.14208           17.330963          4672
      0.750    -0.050       200.82448           12.452497          4542
      0.841    -0.050       203.00725           13.340475          4411
      0.944    -0.050       151.64484           7.6122065          4123
      1.059    -0.050       121.37045           6.7513903          3994
      1.189    -0.050       111.84880           6.7151148          3728
      1.334    -0.050       85.506210           4.8524142          3452
      1.496    -0.050       74.043904           4.5244311          3361
      1.679    -0.050       64.273572           4.3869822          3194
      1.884    -0.050       54.363985           4.8258100          3005
      2.113    -0.050       40.989326           3.3806878          2692
      2.371    -0.050       33.503595           2.3363102          2644
      2.661    -0.050       26.339335           1.7025660          2419
      2.985    -0.050       22.849818           1.6494066          2230
      3.350    -0.050       16.741826           1.1904956          2094
      3.758    -0.050       16.242662           1.4545054          1917
      4.217    -0.050       12.455954          0.96252958          1619
      4.732    -0.050       10.369759           1.0469546          1569
      5.309    -0.050       9.6985145           1.2365993          1459
      5.957    -0.050       7.4316839          0.67993908          1312
      6.683    -0.050       6.0224005          0.59478842          1193
      7.499    -0.050       4.4165275          0.36970038          1038
      8.414    -0.050       4.8249073          0.61119212           945
      9.441    -0.050       2.7172956          0.23943140           844
      0.106     0.050       2423.4958           98.145023          6618
      0.119     0.050       2153.5215           89.616158          6800
      0.133     0.050       2004.1104           84.165376          6798
      0.150     0.050       1857.3988           81.856953          6638
      0.168     0.050       1817.5150           84.764976          6637
      0.188     0.050       1575.8631           69.290215          6547
      0.211     0.050       1401.9935           64.889180          6494
      0.237     0.050       1204.9648           65.619071          6225
      0.266     0.050       1022.2221           55.500749          6161
      0.299     0.050       921.70000           46.378384          5938
      0.335     0.050       799.09601           42.370125          5901
      0.376     0.050       648.32049           32.226902          5783
      0.422     0.050       547.83016           31.255478          5574
      0.473     0.050       457.72002           24.964451          5394
      0.531     0.050       363.64537           25.958464          5251
      0.596     0.050       294.14906           15.388659          4907
      0.668     0.050       260.13442           16.507765          4617
      0.750     0.050       207.06094           11.107241          4479
      0.841     0.050       199.87472           15.404128          4325
      0.944     0.050       150.32381           8.2972210          4100
      1.059     0.050       124.53379           7.0734438          3980
      1.189     0.050       105.50351           6.0503909          3680
      1.334     0.050       89.289357           6.2650976          3487
      1.496     0.050       77.823696           4.8626998          3355
      1.679     0.050       58.245570           3.5878037          3089
      1.884     0.050       48.517993           3.3928687          2969
      2.113     0.050       44.889473           3.4027601          2781
      2.371     0.050       33.347612           2.3355193          2591
      2.661     0.050       27.611768           2.0791812          2397
      2.985     0.050       21.312284           1.5317419          2187
      3.350     0.050       18.511456           1.3792716          2007
      3.758     0.050       15.851524           1.4534500          1874
      4.217     0.050       12.577199           1.0851851          1663
      4.732     0.050       10.339161          0.94952888          1575
      5.309     0.050       8.5704668          0.65556475          1417
      5.957     0.050       7.8995022          0.70148386          1242
      6.683     0.050       5.2358361          0.51742338          1123
      7.499     0.050       4.3583916          0.57317546          1013
      8.414     0.050       4.8922000          0.62223901           956
      9.441     0.050       2.5707821          0.23076528           793
      0.106     0.150       1619.4262           36.980572         13646
      0.119     0.150       1597.7608           36.833511         14226
      0.133     0.150       1429.9468           33.946757         14127
      0.150     0.150       1314.5648           31.689723         14374
      0.168     0.150       1172.5775           29.415833         14310
      0.188     0.150       1099.5233           27.031069         14452
      0.211     0.150       925.26217           23.302850         14228
      0.237     0.150       825.15550           21.610317         14009
      0.266     0.150       693.03787           17.553356         14048
      0.299     0.150       641.64795           16.534026         13809
      0.335     0.150       549.22812           14.847530         13568
      0.376     0.150       486.16887           13.232320         13221
      0.422     0.150       446.89459           13.014253         12729
      0.473     0.150       368.84218           10.818005         12428
      0.531     0.150       296.33199           8.4048337         12220
      0.596     0.150       261.68959           7.6980118         11958
      0.668     0.150       216.30907           6.6372973         11129
      0.750     0.150       183.20406           5.3372146         10766
      0.841     0.150       147.07406           4.3998103         10235
      0.944     0.150       124.63744           3.6503557          9934
      1.059     0.150       109.16788           3.4992952          9367
      1.189     0.150       90.970280           2.8591127          8868
      1.334     0.150       80.532895           2.7836890          8483
      1.496     0.150       65.748812           2.2076220          7873
      1.679     0.150       53.134918           1.8435739          7392
      1.884     0.150       43.894851           1.6177335          6692
      2.113     0.150       36.524692           1.2831669          6330
      2.371     0.150       31.351705           1.2115261          5854
      2.661     0.150       24.216999          0.97133843          5230
      2.985     0.150       19.855203          0.92451792          4817
      3.350     0.150       17.229418          0.71909502          4351
      3.758     0.150       12.803110          0.54548991          3950
      4.217     0.150       11.220734          0.48513934          3619
      4.732     0.150       8.8641845          0.43155136          3274
      5.309     0.150       7.1862545          0.37059883          2872
      5.957     0.150       5.1232550          0.27264153          2503
      6.683     0.150       4.4217434          0.23855448          2261
      7.499     0.150       3.3446641          0.18556820          2040
      8.414     0.150       2.8549189          0.17899636          1734
      9.441     0.150       2.2663524          0.15002601          1444
      0.106     0.250       1269.2345           25.658840         17415
      0.119     0.250       1252.5931           25.247095         18290
      0.133     0.250       1140.1147           22.955939         18300
      0.150     0.250       1073.1717           21.791950         18724
      0.168     0.250       962.03181           20.204545         18526
      0.188     0.250       869.87223           18.506504         18602
      0.211     0.250       795.57717           17.448777         18468
      0.237     0.250       689.72264           15.525300         18763
      0.266     0.250       628.02611           13.721974         18495
      0.299     0.250       549.27934           12.447195         18285
      0.335     0.250       480.55499           10.880282         18112
      0.376     0.250       410.48808           9.5973754         17374
      0.422     0.250       366.68254           8.6708230         17036
      0.473     0.250       313.52963           7.2773655         16469
      0.531     0.250       262.82754           6.4606277         16186
      0.596     0.250       227.28324           5.8793420         15550
      0.668     0.250       200.74391           4.9734641         15020
      0.750     0.250       162.47005           4.1529107         14080
      0.841     0.250       144.35439           3.5672536         13249
      0.944     0.250       115.29179           3.0862606         12353
      1.059     0.250       103.04470           2.8525523         11949
      1.189     0.250       84.904575           2.4252542         10965
      1.334     0.250       72.962171           2.0643808         10284
      1.496     0.250       57.016522           1.6574036          9478
      1.679     0.250       47.795913           1.4969919          8644
      1.884     0.250       40.328240           1.2834830          7975
      2.113     0.250       34.581808           1.1400977          7275
      2.371     0.250       27.513735          0.97524113          6493
      2.661     0.250       24.352255          0.90267731          6037
      2.985     0.250       18.123198          0.74051509          5400
      3.350     0.250       13.055686          0.50413641          4794
      3.758     0.250       11.543263          0.47710453          4216
      4.217     0.250       9.1018377          0.40006858          3725
      4.732     0.250       7.7683480          0.36267334          3283
      5.309     0.250       5.8343562          0.27215357          2960
      5.957     0.250       4.9392715          0.26297581          2556
      6.683     0.250       3.6288709          0.21387434          2194
      7.499     0.250       2.9311103          0.17145236          1944
      8.414     0.250       2.5486757          0.16572599          1680
      9.441     0.250       1.7441084          0.11415911          1394
      0.106     0.350       1123.0116           21.201427         20367
      0.119     0.350       1073.4818           19.966056         21029
      0.133     0.350       1000.8243           18.927021         21311
      0.150     0.350       898.80823           17.112295         21674
      0.168     0.350       837.59858           15.916992         22079
      0.188     0.350       785.34887           15.489583         22109
      0.211     0.350       687.90159           13.482468         22070
      0.237     0.350       623.04657           12.069168         21933
      0.266     0.350       562.08007           11.280665         21748
      0.299     0.350       487.51504           9.9853126         21271
      0.335     0.350       466.53585           9.7861686         21231
      0.376     0.350       402.15858           8.4526162         20497
      0.422     0.350       342.95850           7.3231492         19875
      0.473     0.350       293.72661           6.5400286         19116
      0.531     0.350       244.15773           5.2983623         18122
      0.596     0.350       209.97566           4.7520500         17278
      0.668     0.350       182.25775           3.9249646         16593
      0.750     0.350       156.15187           3.5403397         15579
      0.841     0.350       134.51697           3.3132965         14627
      0.944     0.350       113.48743           2.7996969         13534
      1.059     0.350       93.332998           2.3565238         12591
      1.189     0.350       77.060274           2.0492476         11581
      1.334     0.350       67.406553           1.8823104         10734
      1.496     0.350       55.571928           1.5745650          9773
      1.679     0.350       44.995981           1.3526449          8958
      1.884     0.350       37.563654           1.1941285          8089
      2.113     0.350       30.685716           1.0285063          7444
      2.371     0.350       24.260259          0.83027812          6609
      2.661     0.350       17.717332          0.63011393          5700
      2.985     0.350       16.109319          0.62601076          5185
      3.350     0.350       11.865042          0.47720740          4485
      3.758     0.350       10.652037          0.47864630          3997
      4.217     0.350       8.1656665          0.38052027          3531
      4.732     0.350       5.7979539          0.29572796          2999
      5.309     0.350       4.7082174          0.23572149          2718
      5.957     0.350       3.8617693          0.21739962          2260
      6.683     0.350       3.0332707          0.19220634          1994
      7.499     0.350       2.2396220          0.14630205          1640
      8.414     0.350       1.8966693          0.14332278          1419
      9.441     0.350       1.5162768          0.11094295          1252
      0.106     0.450       1052.0159           18.018824         22799
      0.119     0.450       996.01685           17.546954         23135
      0.133     0.450       922.46610           16.244959         23910
      0.150     0.450       863.48063           15.206352         24496
      0.168     0.450       788.42235           14.136447         24358
      0.188     0.450       743.48023           13.326734         24841
      0.211     0.450       657.96815           12.120656         24436
      0.237     0.450       597.14599           11.098420         24105
      0.266     0.450       525.61898           9.8076817         23590
      0.299     0.450       460.43885           8.9062204         23458
      0.335     0.450       424.52398           8.1673940         22606
      0.376     0.450       382.78526           7.7274275         21726
      0.422     0.450       320.85181           6.4116619         21106
      0.473     0.450       288.60165           5.9554971         19935
      0.531     0.450       242.44052           5.0118961         19230
      0.596     0.450       199.94801           4.1824543         17938
      0.668     0.450       170.46279           3.6888226         17018
      0.750     0.450       147.91562           3.2964768         15821
      0.841     0.450       129.16617           3.0076899         15054
      0.944     0.450       104.64286           2.5012792         13630
      1.059     0.450       88.646790           2.2234840         12545
      1.189     0.450       73.255695           1.9176074         11425
      1.334     0.450       62.153727           1.6818296         10490
      1.496     0.450       50.426054           1.4500276          9384
      1.679     0.450       41.164670           1.2294819          8458
      1.884     0.450       34.793760           1.1369611          7566
      2.113     0.450       26.636407          0.92688576          6812
      2.371     0.450       22.601168          0.83311222          6049
      2.661     0.450       17.541169          0.65211606          5423
      2.985     0.450       12.705778          0.53351324          4649
      3.350     0.450       11.566947          0.50605777          4285
      3.758     0.450       8.8451140          0.41550247          3602
      4.217     0.450       6.2454726          0.31736525          3097
      4.732     0.450       4.9661357          0.24857393          2678
      5.309     0.450       4.3284352          0.23091076          2365
      5.957     0.450       3.1864660          0.19453574          1979
      6.683     0.450       2.5594622          0.18565691          1731
      7.499     0.450       1.8664255          0.14048142          1433
      8.414     0.450       1.3518818          0.98089323E-01      1235
      9.441     0.450       1.0666099          0.83197972E-01      1073
      0.106     0.550       988.59274           16.441456         25150
      0.119     0.550       953.97509           15.677101         25634
      0.133     0.550       874.70835           14.766352         25801
      0.150     0.550       843.01629           14.305739         26093
      0.168     0.550       769.89985           13.009644         26166
      0.188     0.550       709.37703           12.222935         26185
      0.211     0.550       643.11727           11.196370         25790
      0.237     0.550       572.80801           9.9960053         25496
      0.266     0.550       495.36994           8.8032503         24778
      0.299     0.550       448.78677           8.1193663         24007
      0.335     0.550       400.24333           7.6423920         23508
      0.376     0.550       346.41859           6.6348867         22494
      0.422     0.550       318.27075           6.3420638         21580
      0.473     0.550       263.55383           5.3705095         20189
      0.531     0.550       242.81456           5.2321090         19095
      0.596     0.550       191.86037           3.9583257         17917
      0.668     0.550       158.29913           3.5410383         16416
      0.750     0.550       137.75428           3.0729365         15366
      0.841     0.550       113.87948           2.6421359         13924
      0.944     0.550       97.518813           2.3150286         12994
      1.059     0.550       83.036267           2.0977711         12003
      1.189     0.550       68.530713           1.8431338         10968
      1.334     0.550       54.115757           1.5203654          9739
      1.496     0.550       46.637280           1.3777952          8798
      1.679     0.550       38.065552           1.2449796          7933
      1.884     0.550       29.528327          0.98393450          6979
      2.113     0.550       22.436638          0.82973608          6086
      2.371     0.550       19.198141          0.74597042          5554
      2.661     0.550       15.016595          0.60967722          4922
      2.985     0.550       12.349069          0.53072850          4202
      3.350     0.550       8.9939200          0.40008481          3596
      3.758     0.550       7.1783871          0.33257814          3257
      4.217     0.550       6.0741889          0.32613077          2742
      4.732     0.550       4.7498065          0.28085202          2336
      5.309     0.550       3.6911891          0.21338510          2064
      5.957     0.550       2.7807740          0.19166497          1720
      6.683     0.550       2.1800908          0.13785563          1497
      7.499     0.550       1.6186908          0.11436866          1295
      8.414     0.550       1.4614349          0.12463371          1098
      9.441     0.550       1.0131838          0.95314358E-01       894
      0.106     0.650       962.23209           15.412255         26455
      0.119     0.650       923.88329           15.037585         26857
      0.133     0.650       876.72989           14.202502         27396
      0.150     0.650       811.29968           13.215706         27355
      0.168     0.650       758.95195           12.483081         27494
      0.188     0.650       668.38327           11.078976         27072
      0.211     0.650       626.96683           10.613137         26986
      0.237     0.650       536.10729           9.3357564         25817
      0.266     0.650       489.29093           8.7888075         25230
      0.299     0.650       430.61477           7.9534628         24466
      0.335     0.650       384.85875           6.8862037         23595
      0.376     0.650       343.20452           6.3825646         22664
      0.422     0.650       297.75334           5.7783332         21055
      0.473     0.650       254.68789           5.2414332         19806
      0.531     0.650       214.55827           4.4495232         18602
      0.596     0.650       185.94102           3.9320563         17658
      0.668     0.650       160.85582           3.4906151         16279
      0.750     0.650       134.96092           3.0149028         14919
      0.841     0.650       114.89727           2.7342668         13421
      0.944     0.650       92.282980           2.3185646         12389
      1.059     0.650       76.574597           2.0187581         11201
      1.189     0.650       61.483381           1.6655658         10147
      1.334     0.650       50.533314           1.5308457          9129
      1.496     0.650       43.171507           1.3305198          8180
      1.679     0.650       32.635302           1.1167375          7201
      1.884     0.650       28.134766           1.0049814          6568
      2.113     0.650       22.177152          0.86198443          5675
      2.371     0.650       16.948454          0.71260946          5001
      2.661     0.650       13.655139          0.58611162          4311
      2.985     0.650       10.273171          0.47004980          3805
      3.350     0.650       8.4944560          0.43040359          3268
      3.758     0.650       6.8484575          0.34087789          2863
      4.217     0.650       5.2504131          0.29614728          2511
      4.732     0.650       3.8542766          0.23652346          2100
      5.309     0.650       3.1732167          0.20455681          1774
      5.957     0.650       2.4669720          0.17189133          1552
      6.683     0.650       1.9224062          0.13649185          1338
      7.499     0.650       1.6606954          0.12263890          1143
      8.414     0.650       1.0009669          0.81748215E-01       971
      9.441     0.650      0.74149722          0.64893244E-01       779
      0.106     0.750       933.82131           14.636786         27554
      0.119     0.750       896.64776           14.012118         27900
      0.133     0.750       804.31885           12.711459         28041
      0.150     0.750       824.42135           13.390037         27990
      0.168     0.750       730.68798           11.802211         27885
      0.188     0.750       669.86264           11.093424         27432
      0.211     0.750       603.55192           10.178742         27118
      0.237     0.750       533.98922           9.0442571         26148
      0.266     0.750       487.23391           8.5390055         25309
      0.299     0.750       420.60297           7.5462000         24252
      0.335     0.750       375.99632           6.9395527         23112
      0.376     0.750       314.95975           5.9582333         21710
      0.422     0.750       285.89166           5.6099198         20559
      0.473     0.750       248.62303           5.0281750         19400
      0.531     0.750       199.71535           4.1419306         17914
      0.596     0.750       178.70377           3.7979145         16770
      0.668     0.750       147.16814           3.2541493         15505
      0.750     0.750       124.64141           2.9002155         14153
      0.841     0.750       101.13091           2.4642264         12856
      0.944     0.750       84.659273           2.1647245         11577
      1.059     0.750       68.881723           1.8602932         10526
      1.189     0.750       57.304068           1.6294791          9177
      1.334     0.750       47.190798           1.4076081          8501
      1.496     0.750       37.894337           1.2299758          7375
      1.679     0.750       33.429053           1.1513336          6729
      1.884     0.750       25.415700          0.96050651          6008
      2.113     0.750       19.837846          0.78492173          5258
      2.371     0.750       16.219599          0.66006144          4580
      2.661     0.750       13.032844          0.61041265          4038
      2.985     0.750       10.316909          0.49361863          3427
      3.350     0.750       8.0414094          0.41871625          3024
      3.758     0.750       5.9485794          0.31236153          2530
      4.217     0.750       4.4493301          0.26060933          2225
      4.732     0.750       4.1125916          0.26326773          1989
      5.309     0.750       2.9716958          0.20744992          1572
      5.957     0.750       1.9703999          0.14489231          1298
      6.683     0.750       1.8322167          0.14102611          1183
      7.499     0.750       1.0963498          0.85591902E-01       978
      8.414     0.750      0.98513022          0.93827427E-01       746
      9.441     0.750      0.65455606          0.60647241E-01       716
      0.106     0.850       915.58689           13.898724         28292
      0.119     0.850       863.41446           13.275114         28528
      0.133     0.850       812.33464           12.676580         28524
      0.150     0.850       763.51617           12.190864         28443
      0.168     0.850       722.04411           11.635507         28109
      0.188     0.850       660.76579           10.776467         27782
      0.211     0.850       574.09897           9.6455020         26842
      0.237     0.850       510.47923           8.7499828         25729
      0.266     0.850       445.27623           7.6908937         25029
      0.299     0.850       419.86383           7.5087431         23827
      0.335     0.850       371.80173           6.8016091         22899
      0.376     0.850       317.99711           6.0460530         21441
      0.422     0.850       272.03669           5.2389321         20125
      0.473     0.850       235.73534           4.9470033         18532
      0.531     0.850       199.35320           4.2670408         17492
      0.596     0.850       167.77230           3.6998486         16050
      0.668     0.850       136.75803           3.0496265         14662
      0.750     0.850       115.73073           2.8102713         13312
      0.841     0.850       102.31612           2.5197706         12294
      0.944     0.850       80.906642           2.1681665         11162
      1.059     0.850       69.896123           1.9899358          9891
      1.189     0.850       53.903610           1.6110405          8987
      1.334     0.850       41.054533           1.2853782          7888
      1.496     0.850       37.788359           1.2713343          7034
      1.679     0.850       27.918625          0.99410291          6175
      1.884     0.850       24.661147          0.93494796          5533
      2.113     0.850       17.573615          0.73136039          4733
      2.371     0.850       15.728363          0.71813143          4148
      2.661     0.850       10.593685          0.50880005          3655
      2.985     0.850       8.8869819          0.44830292          3186
      3.350     0.850       6.7304523          0.37110133          2653
      3.758     0.850       5.4757948          0.31335499          2301
      4.217     0.850       4.3519565          0.26142815          2066
      4.732     0.850       3.2965574          0.21988218          1740
      5.309     0.850       2.6622498          0.18847177          1507
      5.957     0.850       1.9717631          0.14602661          1283
      6.683     0.850       1.6573684          0.15006118          1084
      7.499     0.850       1.1313592          0.10043423           932
      8.414     0.850      0.93113338          0.89650792E-01       774
      9.441     0.850      0.65786254          0.78556507E-01       590
      0.106     0.950       907.33475           13.662346         28392
      0.119     0.950       852.11372           12.989054         28562
      0.133     0.950       788.75939           12.319416         28585
      0.150     0.950       760.28804           11.833387         28436
      0.168     0.950       670.66553           10.794666         28005
      0.188     0.950       628.47898           10.153349         27138
      0.211     0.950       557.61488           9.3880192         26406
      0.237     0.950       519.66815           8.9063669         25432
      0.266     0.950       457.00662           7.9694614         24482
      0.299     0.950       383.48585           6.7861802         23164
      0.335     0.950       340.03748           6.3634653         21873
      0.376     0.950       308.69464           5.7460710         20964
      0.422     0.950       258.72567           5.0809881         19392
      0.473     0.950       220.52361           4.6311814         18038
      0.531     0.950       191.01863           4.0249617         16615
      0.596     0.950       158.69766           3.5640218         15182
      0.668     0.950       132.33804           3.0145952         13989
      0.750     0.950       112.41763           2.6444851         12747
      0.841     0.950       92.167586           2.3391253         11454
      0.944     0.950       77.938404           2.2146049         10149
      1.059     0.950       61.392445           1.8137238          9166
      1.189     0.950       51.481024           1.5525671          8342
      1.334     0.950       42.788380           1.4216339          7352
      1.496     0.950       32.396155           1.1602596          6381
      1.679     0.950       28.590458           1.0755080          5641
      1.884     0.950       22.330002          0.88474498          4858
      2.113     0.950       17.373938          0.74122525          4445
      2.371     0.950       12.721705          0.55423159          3847
      2.661     0.950       10.483676          0.53774274          3206
      2.985     0.950       7.5554160          0.38837985          2864
      3.350     0.950       6.0196836          0.34803031          2356
      3.758     0.950       4.6769680          0.27870100          2051
      4.217     0.950       3.7066306          0.22183525          1846
      4.732     0.950       3.1336938          0.23231166          1563
      5.309     0.950       2.2264363          0.17356906          1339
      5.957     0.950       1.6690113          0.14179435          1060
      6.683     0.950       1.4240233          0.12490569           936
      7.499     0.950      0.99504306          0.87529081E-01       805
      8.414     0.950      0.97421864          0.10434610           672
      9.441     0.950      0.57964223          0.63183570E-01       531
