 # tables0/fmin20_0401z.sno_nbm   
      0.106    -0.950       1149.1686           12.847567         54310
      0.119    -0.950       1098.8547           12.308703         55278
      0.133    -0.950       1011.0369           11.438868         56031
      0.150    -0.950       945.31675           10.821999         55703
      0.168    -0.950       889.01299           10.129741         56128
      0.188    -0.950       819.18582           9.3376396         55545
      0.211    -0.950       754.60521           8.7692277         55273
      0.237    -0.950       718.15781           8.3341940         54331
      0.266    -0.950       644.73515           7.6793110         53128
      0.299    -0.950       571.42505           6.8500881         51672
      0.335    -0.950       514.79951           6.3268642         49686
      0.376    -0.950       461.15781           5.9864238         47676
      0.422    -0.950       399.91042           5.1355528         45539
      0.473    -0.950       355.72078           4.7790378         43585
      0.531    -0.950       309.37610           4.2828851         40976
      0.596    -0.950       267.44265           3.7590389         38916
      0.668    -0.950       233.91060           3.4320564         36437
      0.750    -0.950       188.99898           2.8917698         33640
      0.841    -0.950       168.45022           2.6576018         31381
      0.944    -0.950       144.87197           2.4229363         29319
      1.059    -0.950       120.71905           2.1146888         27304
      1.189    -0.950       99.680931           1.8515444         25296
      1.334    -0.950       87.839646           1.7028201         23079
      1.496    -0.950       69.548547           1.4187529         21024
      1.679    -0.950       58.504173           1.2434887         19271
      1.884    -0.950       49.943571           1.1294815         17612
      2.113    -0.950       40.134689          0.95204610         15934
      2.371    -0.950       32.526642          0.79812115         14455
      2.661    -0.950       26.009163          0.68714648         13178
      2.985    -0.950       21.626761          0.60191506         11752
      3.350    -0.950       17.648979          0.50232007         10717
      3.758    -0.950       13.604249          0.40632267          9572
      4.217    -0.950       11.716239          0.37087005          8593
      4.732    -0.950       8.7793558          0.28905461          7473
      5.309    -0.950       7.4034122          0.24840731          6790
      5.957    -0.950       6.2273398          0.23158376          6126
      6.683    -0.950       4.7766569          0.17622485          5183
      7.499    -0.950       3.6671426          0.14373062          4641
      8.414    -0.950       3.0287745          0.12107357          4125
      9.441    -0.950       2.1731586          0.97917284E-01      3567
      0.106    -0.850       739.54507           8.9860864         48464
      0.119    -0.850       730.25928           8.9704935         50048
      0.133    -0.850       698.94289           8.5412795         51002
      0.150    -0.850       642.19216           7.7973974         51564
      0.168    -0.850       620.16683           7.3706804         51908
      0.188    -0.850       586.61967           7.0159098         52335
      0.211    -0.850       557.10767           6.7297248         51871
      0.237    -0.850       526.69155           6.4416073         51608
      0.266    -0.850       484.48081           5.9060156         50796
      0.299    -0.850       443.81675           5.5964240         49375
      0.335    -0.850       414.35744           5.2559202         48191
      0.376    -0.850       367.18809           4.7364672         46136
      0.422    -0.850       321.62358           4.2045914         44531
      0.473    -0.850       291.79253           3.8888485         42416
      0.531    -0.850       259.07858           3.4758003         40313
      0.596    -0.850       226.55840           3.1581572         38262
      0.668    -0.850       197.23419           2.8741446         36202
      0.750    -0.850       171.65383           2.5393779         33870
      0.841    -0.850       152.05402           2.3717392         31613
      0.944    -0.850       127.70647           2.0587404         29351
      1.059    -0.850       111.66718           1.9142911         27589
      1.189    -0.850       94.829179           1.6968619         25215
      1.334    -0.850       80.929682           1.4842122         23581
      1.496    -0.850       70.699148           1.3698386         21484
      1.679    -0.850       57.069905           1.1638289         19700
      1.884    -0.850       48.899117           1.0492325         17960
      2.113    -0.850       39.053474          0.89784932         16281
      2.371    -0.850       33.178529          0.80246813         14938
      2.661    -0.850       27.553430          0.67847365         13393
      2.985    -0.850       22.209353          0.58434948         12154
      3.350    -0.850       18.290186          0.50624160         10960
      3.758    -0.850       13.961982          0.41007667          9804
      4.217    -0.850       11.632969          0.34809037          8779
      4.732    -0.850       9.6087858          0.30111480          7766
      5.309    -0.850       7.5693588          0.24385235          7115
      5.957    -0.850       6.1816709          0.21922760          6219
      6.683    -0.850       4.7966467          0.18658922          5431
      7.499    -0.850       3.9728342          0.16384650          4833
      8.414    -0.850       3.0386651          0.12075387          4195
      9.441    -0.850       2.6066151          0.11087373          3731
      0.106    -0.750       493.05369           5.2190048         45513
      0.119    -0.750       479.83360           5.0351338         46443
      0.133    -0.750       476.26642           4.9077747         47659
      0.150    -0.750       468.64799           4.8551539         48733
      0.168    -0.750       446.61068           4.6673604         48811
      0.188    -0.750       449.73220           4.7404990         49715
      0.211    -0.750       432.06349           4.5600647         50085
      0.237    -0.750       405.57385           4.2943183         49239
      0.266    -0.750       396.26257           4.2596821         48807
      0.299    -0.750       361.80868           3.9699290         47716
      0.335    -0.750       349.76327           3.8928998         46700
      0.376    -0.750       318.21418           3.6835833         45517
      0.422    -0.750       298.36694           3.5012445         43643
      0.473    -0.750       272.87637           3.2355990         41993
      0.531    -0.750       240.22305           2.9740486         40038
      0.596    -0.750       218.08565           2.8442098         37543
      0.668    -0.750       195.75182           2.6285976         36136
      0.750    -0.750       171.07345           2.4123739         33484
      0.841    -0.750       154.23872           2.2456701         31510
      0.944    -0.750       133.30391           2.0592586         29628
      1.059    -0.750       114.37578           1.8187232         27806
      1.189    -0.750       94.420794           1.5978646         25256
      1.334    -0.750       81.637613           1.4750001         23115
      1.496    -0.750       66.718620           1.2668909         21605
      1.679    -0.750       57.831734           1.1638039         19799
      1.884    -0.750       50.929240           1.0780584         18367
      2.113    -0.750       40.933941          0.90028481         16612
      2.371    -0.750       34.509567          0.81345165         15094
      2.661    -0.750       26.883719          0.63297520         13544
      2.985    -0.750       22.778243          0.57443523         12333
      3.350    -0.750       18.118251          0.48222698         11296
      3.758    -0.750       15.251707          0.42819171         10074
      4.217    -0.750       12.190902          0.37649599          8996
      4.732    -0.750       9.7027277          0.29268289          8121
      5.309    -0.750       7.9312423          0.26508127          7182
      5.957    -0.750       6.4026831          0.22016293          6353
      6.683    -0.750       5.1514442          0.18498666          5826
      7.499    -0.750       4.2069655          0.15671242          5083
      8.414    -0.750       3.3666168          0.14403641          4325
      9.441    -0.750       2.7344121          0.11263953          3848
      0.106    -0.650       506.70219           6.1208394         42133
      0.119    -0.650       511.40359           6.0263884         44410
      0.133    -0.650       492.80196           5.7428677         45204
      0.150    -0.650       482.87708           5.5803398         46669
      0.168    -0.650       468.68312           5.3719013         47131
      0.188    -0.650       456.94326           5.2535800         47354
      0.211    -0.650       443.73835           5.0556058         48332
      0.237    -0.650       419.36538           4.7654051         47728
      0.266    -0.650       397.69588           4.6237350         47084
      0.299    -0.650       378.96321           4.3986978         46533
      0.335    -0.650       352.73068           4.1443879         45531
      0.376    -0.650       326.07881           3.8765197         44362
      0.422    -0.650       298.87437           3.5774523         43095
      0.473    -0.650       268.58850           3.3378077         41183
      0.531    -0.650       241.15604           3.0220235         39761
      0.596    -0.650       222.35225           2.8902046         37589
      0.668    -0.650       196.12637           2.6500473         35593
      0.750    -0.650       177.81521           2.4740403         34007
      0.841    -0.650       150.25883           2.2116778         31514
      0.944    -0.650       134.85263           2.0871200         29661
      1.059    -0.650       117.56109           1.9233207         27566
      1.189    -0.650       97.533012           1.6606051         25426
      1.334    -0.650       83.556693           1.4929305         23544
      1.496    -0.650       69.149366           1.2656565         21616
      1.679    -0.650       60.443433           1.1781439         20171
      1.884    -0.650       51.197422           1.0495039         18518
      2.113    -0.650       42.415879          0.91123506         16952
      2.371    -0.650       34.775741          0.78980379         15292
      2.661    -0.650       29.446586          0.72053678         13714
      2.985    -0.650       22.712755          0.56683335         12358
      3.350    -0.650       19.723629          0.53614596         11354
      3.758    -0.650       15.595083          0.45548741         10117
      4.217    -0.650       12.806475          0.37701045          9129
      4.732    -0.650       9.6145768          0.29034762          8055
      5.309    -0.650       8.2424277          0.25759445          7342
      5.957    -0.650       6.3940502          0.22161413          6278
      6.683    -0.650       5.4135531          0.19464072          5717
      7.499    -0.650       4.6055378          0.18150913          4970
      8.414    -0.650       3.5435403          0.13886994          4462
      9.441    -0.650       2.6170418          0.11294956          3938
      0.106    -0.550       709.05636           10.493489         40657
      0.119    -0.550       682.46899           9.9023474         41821
      0.133    -0.550       635.56475           8.7739482         43331
      0.150    -0.550       634.85306           8.8425805         44398
      0.168    -0.550       605.44279           8.2857934         45279
      0.188    -0.550       560.88010           7.4329760         45912
      0.211    -0.550       536.48872           7.0347526         46261
      0.237    -0.550       499.83519           6.7281311         45530
      0.266    -0.550       469.38153           6.2311644         45482
      0.299    -0.550       427.77087           5.6907700         45190
      0.335    -0.550       389.89727           5.2246178         44264
      0.376    -0.550       360.49378           4.8381181         43460
      0.422    -0.550       331.21479           4.5377208         41806
      0.473    -0.550       299.95958           4.0650867         40500
      0.531    -0.550       263.26402           3.7446717         38550
      0.596    -0.550       237.72632           3.4531338         36804
      0.668    -0.550       210.72196           3.0376467         34897
      0.750    -0.550       181.13055           2.6627431         33200
      0.841    -0.550       157.88888           2.4070783         31314
      0.944    -0.550       141.96899           2.2740817         29122
      1.059    -0.550       122.90566           1.9652043         27728
      1.189    -0.550       107.36171           1.8000983         25704
      1.334    -0.550       88.050775           1.5290890         23485
      1.496    -0.550       76.912586           1.4150447         21938
      1.679    -0.550       63.598816           1.2833151         19924
      1.884    -0.550       53.112496           1.0876065         18633
      2.113    -0.550       45.699690           1.0023067         16962
      2.371    -0.550       35.430248          0.81985878         15201
      2.661    -0.550       30.703079          0.73399252         14168
      2.985    -0.550       24.645382          0.61501537         12708
      3.350    -0.550       20.714355          0.55354952         11501
      3.758    -0.550       16.841173          0.49897266         10256
      4.217    -0.550       13.713112          0.40208052          9389
      4.732    -0.550       10.341098          0.31482108          8172
      5.309    -0.550       9.0433761          0.28850529          7449
      5.957    -0.550       7.5569469          0.25021016          6784
      6.683    -0.550       5.6478668          0.18925014          5912
      7.499    -0.550       4.2462815          0.15350218          5095
      8.414    -0.550       3.6165236          0.14232550          4660
      9.441    -0.550       2.9187223          0.11735685          4183
      0.106    -0.450       922.98068           13.882471         38574
      0.119    -0.450       886.59191           13.160357         39931
      0.133    -0.450       847.30377           12.832245         40869
      0.150    -0.450       774.39183           11.331534         42073
      0.168    -0.450       733.56848           10.526078         42970
      0.188    -0.450       691.32441           9.9530217         43174
      0.211    -0.450       636.25896           9.1836895         43547
      0.237    -0.450       601.20012           8.6488340         43638
      0.266    -0.450       534.97149           7.3880957         43532
      0.299    -0.450       506.02290           6.9705215         42983
      0.335    -0.450       456.81523           6.4841998         42382
      0.376    -0.450       409.10176           5.8485851         41005
      0.422    -0.450       366.34335           5.1638492         39988
      0.473    -0.450       327.23666           4.7088062         38983
      0.531    -0.450       289.66759           4.2152903         37501
      0.596    -0.450       262.92259           3.9823706         36090
      0.668    -0.450       230.02915           3.3723614         34534
      0.750    -0.450       199.01296           3.0224464         32536
      0.841    -0.450       172.20993           2.8100809         30824
      0.944    -0.450       149.33396           2.4061489         28739
      1.059    -0.450       130.13372           2.1342738         27152
      1.189    -0.450       112.85535           1.9759023         25225
      1.334    -0.450       95.218556           1.7307772         23244
      1.496    -0.450       77.022471           1.4379776         21603
      1.679    -0.450       67.800029           1.3505394         20277
      1.884    -0.450       58.184998           1.1992730         18615
      2.113    -0.450       47.852291           1.0408896         17198
      2.371    -0.450       39.819145          0.87855873         15487
      2.661    -0.450       32.481857          0.78960392         14038
      2.985    -0.450       26.407009          0.64092397         12901
      3.350    -0.450       20.502632          0.52406732         11686
      3.758    -0.450       18.043808          0.50276721         10437
      4.217    -0.450       14.469724          0.41534572          9431
      4.732    -0.450       12.206178          0.37555501          8525
      5.309    -0.450       9.2020700          0.28833093          7520
      5.957    -0.450       7.4715369          0.24057588          6849
      6.683    -0.450       5.7183735          0.19114375          5981
      7.499    -0.450       5.0162360          0.17452267          5381
      8.414    -0.450       4.2156576          0.15556848          4797
      9.441    -0.450       3.0566450          0.12299560          4077
      0.106    -0.350       1145.3371           17.697389         35605
      0.119    -0.350       1115.4876           16.651905         36980
      0.133    -0.350       1043.9985           15.643353         37632
      0.150    -0.350       986.85637           15.194231         38666
      0.168    -0.350       896.07638           13.286159         39369
      0.188    -0.350       832.88485           12.294507         39633
      0.211    -0.350       791.77651           11.715249         39943
      0.237    -0.350       724.97316           10.626699         40419
      0.266    -0.350       654.42793           9.4462662         40052
      0.299    -0.350       603.70722           8.6642360         40238
      0.335    -0.350       542.66225           8.0201665         39012
      0.376    -0.350       490.96110           7.2957830         38443
      0.422    -0.350       425.33851           6.4940972         37497
      0.473    -0.350       383.48033           6.1199449         36450
      0.531    -0.350       333.53429           5.0205448         35172
      0.596    -0.350       296.67491           4.5678267         34016
      0.668    -0.350       261.63763           4.0107526         32481
      0.750    -0.350       225.43143           3.5101762         30900
      0.841    -0.350       191.04852           3.1094110         29194
      0.944    -0.350       170.04398           2.7674355         27616
      1.059    -0.350       144.48120           2.5023725         26033
      1.189    -0.350       123.29242           2.1974826         24386
      1.334    -0.350       103.87074           1.9090870         22697
      1.496    -0.350       89.275146           1.6805543         21429
      1.679    -0.350       74.762340           1.4831383         19535
      1.884    -0.350       64.483808           1.3794358         18224
      2.113    -0.350       54.171875           1.1953866         16574
      2.371    -0.350       43.650051           1.0138201         15225
      2.661    -0.350       36.490026          0.87302789         13971
      2.985    -0.350       28.309408          0.69496748         12873
      3.350    -0.350       23.388035          0.61496495         11559
      3.758    -0.350       20.438230          0.54297694         10576
      4.217    -0.350       15.702670          0.44157231          9413
      4.732    -0.350       12.444840          0.38622569          8244
      5.309    -0.350       10.158535          0.31971963          7504
      5.957    -0.350       8.0743298          0.26298584          6671
      6.683    -0.350       6.8308596          0.24450847          6009
      7.499    -0.350       5.1520333          0.17704290          5358
      8.414    -0.350       4.3920641          0.16489876          4884
      9.441    -0.350       3.5954936          0.13008670          4222
      0.106    -0.250       1607.8305           23.980763         32317
      0.119    -0.250       1556.4890           23.231166         33309
      0.133    -0.250       1418.7191           21.238054         33913
      0.150    -0.250       1380.1406           20.754041         34958
      0.168    -0.250       1217.0342           18.003824         35078
      0.188    -0.250       1142.1411           17.120462         35821
      0.211    -0.250       1061.8469           15.715695         35766
      0.237    -0.250       960.81491           14.529463         35837
      0.266    -0.250       836.07597           12.669307         35337
      0.299    -0.250       742.71035           11.340668         34840
      0.335    -0.250       705.60401           11.161566         34816
      0.376    -0.250       599.45122           9.5493400         33843
      0.422    -0.250       523.52363           8.4085991         32801
      0.473    -0.250       466.91726           7.4943942         32659
      0.531    -0.250       415.18419           7.0045641         31393
      0.596    -0.250       358.13386           5.7934408         30318
      0.668    -0.250       307.30294           5.2653915         28902
      0.750    -0.250       258.44874           4.4965145         27481
      0.841    -0.250       231.10686           4.2445304         26662
      0.944    -0.250       199.12678           3.5102941         25196
      1.059    -0.250       161.92031           2.9723405         23725
      1.189    -0.250       140.05823           2.7476916         22323
      1.334    -0.250       113.50807           2.2509312         21200
      1.496    -0.250       101.15795           2.0367348         19711
      1.679    -0.250       82.577601           1.7727731         18213
      1.884    -0.250       69.014943           1.5580628         17030
      2.113    -0.250       57.051804           1.2985965         15684
      2.371    -0.250       46.226641           1.0792462         14501
      2.661    -0.250       39.791223          0.99212990         13440
      2.985    -0.250       31.903092          0.79983809         12208
      3.350    -0.250       25.607818          0.69578458         11143
      3.758    -0.250       22.110503          0.61937829         10105
      4.217    -0.250       17.640742          0.50532372          9146
      4.732    -0.250       13.784872          0.41410367          8254
      5.309    -0.250       11.522390          0.36454526          7490
      5.957    -0.250       9.5398679          0.30684834          6666
      6.683    -0.250       7.7797535          0.27445203          6162
      7.499    -0.250       6.3779926          0.23385568          5346
      8.414    -0.250       4.6819938          0.17843659          4769
      9.441    -0.250       4.3543247          0.17300676          4342
      0.106    -0.150       2613.9284           41.358093         26979
      0.119    -0.150       2381.8231           38.055270         27537
      0.133    -0.150       2257.8938           35.911118         27801
      0.150    -0.150       1997.8190           32.972495         27679
      0.168    -0.150       1847.8861           31.055638         28017
      0.188    -0.150       1678.6524           27.933995         28272
      0.211    -0.150       1518.5779           25.552734         27893
      0.237    -0.150       1351.7846           23.233661         27754
      0.266    -0.150       1188.3730           20.854999         27628
      0.299    -0.150       1064.0161           18.825769         27101
      0.335    -0.150       936.50162           17.735127         26778
      0.376    -0.150       811.75023           15.777733         26112
      0.422    -0.150       671.84458           12.400395         25156
      0.473    -0.150       603.65646           11.990744         24513
      0.531    -0.150       497.98004           9.8579337         23805
      0.596    -0.150       426.13536           8.3083497         22956
      0.668    -0.150       356.53660           7.1782272         21997
      0.750    -0.150       301.01807           6.1976413         21284
      0.841    -0.150       257.21722           5.7836252         20313
      0.944    -0.150       219.85475           4.6201139         19482
      1.059    -0.150       187.04127           4.3178563         18475
      1.189    -0.150       151.07323           3.4231923         17492
      1.334    -0.150       130.12065           3.0071231         16597
      1.496    -0.150       106.71180           2.6073799         15582
      1.679    -0.150       88.017243           2.1226216         14608
      1.884    -0.150       74.379451           1.9464902         13559
      2.113    -0.150       58.291815           1.4422551         12569
      2.371    -0.150       51.297048           1.4862841         11812
      2.661    -0.150       42.123206           1.1169964         10795
      2.985    -0.150       33.727854          0.96102202         10023
      3.350    -0.150       28.611594          0.84660054          9142
      3.758    -0.150       24.723107          0.79684135          8422
      4.217    -0.150       19.007200          0.62225539          7845
      4.732    -0.150       15.159894          0.49546003          6903
      5.309    -0.150       12.315454          0.41326247          6273
      5.957    -0.150       9.2633438          0.32231209          5669
      6.683    -0.150       8.2365104          0.32793266          5208
      7.499    -0.150       6.8196054          0.28086351          4569
      8.414    -0.150       5.4994850          0.20855605          4170
      9.441    -0.150       4.6437612          0.20272098          3650
      0.106    -0.050       4555.6197           128.41185         13553
      0.119    -0.050       3999.6283           116.14885         13246
      0.133    -0.050       3668.6470           103.90670         13306
      0.150    -0.050       3314.6581           104.58600         13095
      0.168    -0.050       2995.9556           101.26516         13048
      0.188    -0.050       2546.8274           86.615654         12918
      0.211    -0.050       2301.3539           75.738946         12845
      0.237    -0.050       1999.0043           70.898534         12612
      0.266    -0.050       1733.6403           60.961450         12307
      0.299    -0.050       1464.1073           54.950535         11671
      0.335    -0.050       1282.1235           44.628052         11634
      0.376    -0.050       1139.3810           42.453804         11385
      0.422    -0.050       895.51143           38.379990         10781
      0.473    -0.050       737.65774           25.961331         10545
      0.531    -0.050       612.29630           22.495396         10161
      0.596    -0.050       511.87852           21.229636          9532
      0.668    -0.050       399.16597           14.988516          9206
      0.750    -0.050       357.77084           15.072935          8892
      0.841    -0.050       282.98913           14.625559          8144
      0.944    -0.050       254.11255           14.508752          7944
      1.059    -0.050       198.53553           9.2065057          7633
      1.189    -0.050       175.26251           8.8716429          7187
      1.334    -0.050       142.22811           6.2221234          6799
      1.496    -0.050       111.97758           4.9836393          6430
      1.679    -0.050       90.225835           4.4867699          6009
      1.884    -0.050       79.813915           4.3883199          5553
      2.113    -0.050       68.890758           3.7681675          5335
      2.371    -0.050       53.817240           2.8699850          4877
      2.661    -0.050       46.796157           2.6006850          4607
      2.985    -0.050       36.688547           2.1914755          4125
      3.350    -0.050       29.982851           1.6276693          3837
      3.758    -0.050       26.057372           1.5082931          3765
      4.217    -0.050       19.853474           1.1920071          3333
      4.732    -0.050       19.129479           1.3164561          3162
      5.309    -0.050       13.814287          0.89077372          2928
      5.957    -0.050       11.974883          0.97790829          2538
      6.683    -0.050       9.7678227          0.58376206          2429
      7.499    -0.050       7.9138869          0.55204010          2182
      8.414    -0.050       5.5850673          0.41299234          1912
      9.441    -0.050       4.8359932          0.32831238          1756
      0.106     0.050       4555.1650           127.12082         13219
      0.119     0.050       4339.6896           125.78959         13419
      0.133     0.050       3692.6764           109.00896         13026
      0.150     0.050       3318.1863           100.87346         12984
      0.168     0.050       3035.2458           100.27916         13034
      0.188     0.050       2690.7492           85.535841         13056
      0.211     0.050       2264.8915           78.222850         12589
      0.237     0.050       2035.2830           69.015103         12495
      0.266     0.050       1807.8371           64.679913         12159
      0.299     0.050       1497.7143           55.252928         11788
      0.335     0.050       1241.4051           41.469527         11591
      0.376     0.050       1040.9946           39.995578         11031
      0.422     0.050       894.91031           42.442577         10635
      0.473     0.050       745.51697           30.665690         10481
      0.531     0.050       615.93957           24.661573          9989
      0.596     0.050       482.82344           19.033357          9488
      0.668     0.050       394.16938           16.747087          9068
      0.750     0.050       348.38778           15.491927          8800
      0.841     0.050       297.18635           12.936785          8266
      0.944     0.050       243.32886           13.821446          7924
      1.059     0.050       202.52540           9.2076112          7491
      1.189     0.050       162.06101           7.7105583          7137
      1.334     0.050       133.54393           6.1319967          6817
      1.496     0.050       107.69393           4.7072261          6352
      1.679     0.050       92.434680           4.7171132          5959
      1.884     0.050       79.933273           4.2378295          5609
      2.113     0.050       69.945742           3.5292633          5313
      2.371     0.050       51.397848           2.7786578          4827
      2.661     0.050       45.765531           2.4022672          4587
      2.985     0.050       37.260003           2.1132862          4247
      3.350     0.050       30.611618           1.7856741          3955
      3.758     0.050       23.562445           1.4452576          3670
      4.217     0.050       20.372264           1.3160292          3371
      4.732     0.050       18.543914           1.2757688          3101
      5.309     0.050       13.004489          0.82410426          2767
      5.957     0.050       11.561673          0.80842576          2559
      6.683     0.050       9.9041827          0.60979920          2384
      7.499     0.050       8.2328349          0.63787416          2130
      8.414     0.050       5.7935948          0.43059010          1884
      9.441     0.050       4.6983571          0.32558846          1728
      0.106     0.150       3269.3974           51.209540         27550
      0.119     0.150       2879.6034           45.883605         27904
      0.133     0.150       2678.6640           43.979713         28093
      0.150     0.150       2311.5145           38.793121         27805
      0.168     0.150       2091.2958           35.507434         28074
      0.188     0.150       1888.7678           32.166098         28181
      0.211     0.150       1656.3817           29.339984         27775
      0.237     0.150       1498.1648           26.494236         27949
      0.266     0.150       1275.1768           23.382428         27310
      0.299     0.150       1106.2226           20.626338         27004
      0.335     0.150       948.60789           18.344606         26629
      0.376     0.150       802.42620           15.964529         25514
      0.422     0.150       668.05598           13.048236         24815
      0.473     0.150       575.24586           12.468598         24054
      0.531     0.150       496.77282           10.095979         23448
      0.596     0.150       420.63364           8.8745027         22832
      0.668     0.150       367.82265           8.2425769         21977
      0.750     0.150       288.91433           6.1256868         20943
      0.841     0.150       256.40363           5.6052526         19862
      0.944     0.150       208.37627           4.7465708         18834
      1.059     0.150       181.89919           4.0731592         18084
      1.189     0.150       142.63288           3.3103726         17437
      1.334     0.150       132.72910           3.2494715         16231
      1.496     0.150       103.13913           2.4155461         15362
      1.679     0.150       88.723027           2.2188478         14341
      1.884     0.150       73.901826           1.9278747         13404
      2.113     0.150       61.892866           1.6801081         12564
      2.371     0.150       46.768700           1.1815428         11628
      2.661     0.150       42.925196           1.1822654         10687
      2.985     0.150       36.962172           1.0878924         10077
      3.350     0.150       29.440683          0.85196024          9110
      3.758     0.150       23.921984          0.74235442          8293
      4.217     0.150       19.034948          0.59677239          7534
      4.732     0.150       15.223000          0.49111617          6908
      5.309     0.150       12.086787          0.42484951          6253
      5.957     0.150       10.739978          0.41094971          5687
      6.683     0.150       8.1528777          0.29113832          5181
      7.499     0.150       6.6116995          0.25554987          4542
      8.414     0.150       5.2547149          0.21429311          4097
      9.441     0.150       4.2613868          0.18900348          3675
      0.106     0.250       2424.2727           33.326334         34840
      0.119     0.250       2310.1749           32.074236         35781
      0.133     0.250       2072.0476           29.681047         36066
      0.150     0.250       1844.3717           26.369497         36349
      0.168     0.250       1701.2699           24.966508         36486
      0.188     0.250       1529.2561           22.483912         36974
      0.211     0.250       1357.0781           20.215697         37232
      0.237     0.250       1223.2561           18.696372         36631
      0.266     0.250       1072.2273           16.364860         36529
      0.299     0.250       972.82073           15.507078         35878
      0.335     0.250       816.85677           13.255887         35151
      0.376     0.250       710.41722           11.562707         34477
      0.422     0.250       618.85243           10.121527         33815
      0.473     0.250       529.46309           8.9232255         33033
      0.531     0.250       447.77940           7.9078047         31311
      0.596     0.250       389.91542           6.8455789         30467
      0.668     0.250       331.91500           5.8657372         29237
      0.750     0.250       275.53859           5.0699600         27740
      0.841     0.250       233.79340           4.1094635         26561
      0.944     0.250       192.95088           3.5117898         24999
      1.059     0.250       165.88730           3.1081139         23903
      1.189     0.250       142.48522           2.8093609         22184
      1.334     0.250       122.33507           2.4143210         21221
      1.496     0.250       101.73640           2.2156900         19444
      1.679     0.250       82.744871           1.7172297         18149
      1.884     0.250       68.585943           1.5371774         16715
      2.113     0.250       59.327098           1.3753077         15528
      2.371     0.250       46.460052           1.1309488         14549
      2.661     0.250       39.094051          0.96685475         13292
      2.985     0.250       33.138452          0.85553744         12169
      3.350     0.250       26.317127          0.70277737         10950
      3.758     0.250       21.180107          0.59526056         10115
      4.217     0.250       16.664041          0.49502741          8984
      4.732     0.250       14.352106          0.41613527          8321
      5.309     0.250       11.501235          0.36950453          7408
      5.957     0.250       9.4658122          0.31042425          6637
      6.683     0.250       7.1101273          0.23239843          5913
      7.499     0.250       5.8652816          0.21701799          5280
      8.414     0.250       4.5478272          0.15623284          4805
      9.441     0.250       3.6090773          0.13311838          4242
      0.106     0.350       2167.0509           27.524585         40744
      0.119     0.350       2025.4752           25.919595         41928
      0.133     0.350       1901.2468           24.645605         42501
      0.150     0.350       1625.6931           21.561531         42506
      0.168     0.350       1499.1459           20.145607         43056
      0.188     0.350       1361.6110           18.311084         43374
      0.211     0.350       1234.2096           16.559917         43604
      0.237     0.350       1090.1486           14.971924         42776
      0.266     0.350       1000.7275           13.836882         42988
      0.299     0.350       871.96612           12.445315         42098
      0.335     0.350       770.36006           11.175508         41028
      0.376     0.350       664.54615           9.6497782         40134
      0.422     0.350       578.87695           8.6912214         39007
      0.473     0.350       515.37019           8.0223582         37553
      0.531     0.350       442.43309           6.7367517         36509
      0.596     0.350       366.96127           5.8353393         34555
      0.668     0.350       316.80339           5.0460410         32995
      0.750     0.350       271.87973           4.2604845         31566
      0.841     0.350       230.33685           3.9000134         29444
      0.944     0.350       195.34781           3.4221988         28144
      1.059     0.350       162.37632           2.8843591         26192
      1.189     0.350       138.71731           2.6109197         24390
      1.334     0.350       114.23940           2.2112544         22577
      1.496     0.350       96.568890           1.9029273         21108
      1.679     0.350       80.945082           1.6944054         19493
      1.884     0.350       65.047820           1.3922936         17894
      2.113     0.350       52.135961           1.1824769         16448
      2.371     0.350       43.455535          0.99132370         15136
      2.661     0.350       37.048976          0.92925839         13995
      2.985     0.350       30.103758          0.74518163         12823
      3.350     0.350       23.372613          0.63111276         11414
      3.758     0.350       19.689132          0.53198478         10413
      4.217     0.350       15.431261          0.46378243          9363
      4.732     0.350       12.675461          0.39123469          8324
      5.309     0.350       10.570128          0.31487719          7728
      5.957     0.350       8.1264022          0.27297830          6713
      6.683     0.350       6.2204320          0.20733113          5997
      7.499     0.350       5.2358973          0.18860957          5332
      8.414     0.350       3.9859921          0.14781761          4714
      9.441     0.350       3.4267543          0.14310156          4168
      0.106     0.450       1989.5587           23.726790         45438
      0.119     0.450       1892.0036           22.684322         46718
      0.133     0.450       1730.9441           20.963507         47594
      0.150     0.450       1568.7056           19.260065         47945
      0.168     0.450       1408.0132           17.376164         47776
      0.188     0.450       1312.3795           16.578299         48433
      0.211     0.450       1192.5146           15.121341         47857
      0.237     0.450       1068.7202           13.566141         48263
      0.266     0.450       957.29508           12.445481         47201
      0.299     0.450       861.57987           11.603363         46541
      0.335     0.450       734.68146           10.191028         45013
      0.376     0.450       646.48554           8.9633610         44106
      0.422     0.450       556.99702           7.7083596         42729
      0.473     0.450       474.22809           6.9411326         40446
      0.531     0.450       425.95617           6.2684775         38988
      0.596     0.450       362.66692           5.4196787         37623
      0.668     0.450       305.57841           4.6165759         35497
      0.750     0.450       260.43731           4.1265932         33276
      0.841     0.450       219.58005           3.5211717         31377
      0.944     0.450       182.67054           3.0368280         29238
      1.059     0.450       157.42765           2.7581532         27492
      1.189     0.450       137.37802           2.5233656         25513
      1.334     0.450       109.34765           2.0666603         23787
      1.496     0.450       88.574282           1.7255298         21655
      1.679     0.450       76.869594           1.5753392         19911
      1.884     0.450       60.460388           1.3015342         18392
      2.113     0.450       50.451859           1.1489303         16907
      2.371     0.450       41.411991          0.96345758         15456
      2.661     0.450       34.017118          0.85391700         13820
      2.985     0.450       28.320805          0.73689003         12705
      3.350     0.450       23.089203          0.60587345         11736
      3.758     0.450       18.903045          0.52595594         10378
      4.217     0.450       14.697187          0.44673804          9433
      4.732     0.450       12.029026          0.34974460          8433
      5.309     0.450       9.1792612          0.29546177          7580
      5.957     0.450       7.6278246          0.24309715          6821
      6.683     0.450       6.1853982          0.21721041          5976
      7.499     0.450       4.8610339          0.17942605          5308
      8.414     0.450       4.1213003          0.16335150          4680
      9.441     0.450       3.1128503          0.12947456          4235
      0.106     0.550       1914.3618           21.692221         49748
      0.119     0.550       1814.0532           20.659165         51109
      0.133     0.550       1642.4438           18.949849         50860
      0.150     0.550       1528.1543           17.941748         51564
      0.168     0.550       1391.8164           16.379435         52022
      0.188     0.550       1257.5374           15.051967         52227
      0.211     0.550       1137.1435           13.623044         52294
      0.237     0.550       1027.5969           12.689439         51250
      0.266     0.550       897.98542           11.115674         50231
      0.299     0.550       799.61556           9.9946608         49342
      0.335     0.550       732.47608           9.4607971         47830
      0.376     0.550       622.69397           8.3185352         45764
      0.422     0.550       547.56054           7.3319932         44639
      0.473     0.550       476.30080           6.6326396         42454
      0.531     0.550       406.25419           5.6715680         40524
      0.596     0.550       351.50663           5.1391241         38680
      0.668     0.550       288.19076           4.2768723         36332
      0.750     0.550       252.01739           3.9035856         34208
      0.841     0.550       212.04061           3.3868572         32013
      0.944     0.550       181.58953           3.0039359         30314
      1.059     0.550       154.59553           2.6475426         28262
      1.189     0.550       130.68197           2.4189197         25910
      1.334     0.550       103.99183           1.9648707         23875
      1.496     0.550       88.861587           1.7684077         22128
      1.679     0.550       74.006704           1.5006047         20664
      1.884     0.550       58.739188           1.2737349         18900
      2.113     0.550       46.398700           1.0304234         17000
      2.371     0.550       39.669828          0.93282892         15622
      2.661     0.550       33.078387          0.81859600         14104
      2.985     0.550       25.540981          0.66484533         12806
      3.350     0.550       19.601520          0.50901287         11412
      3.758     0.550       17.269488          0.47369721         10558
      4.217     0.550       13.640443          0.39321597          9368
      4.732     0.550       11.532918          0.35114297          8374
      5.309     0.550       9.3771646          0.30147285          7531
      5.957     0.550       7.5815389          0.26875882          6704
      6.683     0.550       5.7553188          0.20449773          5775
      7.499     0.550       4.6653420          0.17502517          5311
      8.414     0.550       3.6910118          0.14027544          4675
      9.441     0.550       3.1280852          0.12856555          4173
      0.106     0.650       1824.7243           19.730136         52613
      0.119     0.650       1755.6931           19.131937         53885
      0.133     0.650       1629.0425           18.262661         54148
      0.150     0.650       1485.2152           16.793421         54878
      0.168     0.650       1336.4478           15.244235         54637
      0.188     0.650       1223.8765           14.150754         54838
      0.211     0.650       1094.6016           12.753278         54153
      0.237     0.650       996.18163           11.685192         53338
      0.266     0.650       889.13454           10.651456         52443
      0.299     0.650       791.13329           9.9140888         50856
      0.335     0.650       704.14976           8.8883612         49693
      0.376     0.650       610.52023           7.9138788         47601
      0.422     0.650       528.62371           7.0020109         45479
      0.473     0.650       464.13692           6.3607614         43061
      0.531     0.650       393.35414           5.4432233         41368
      0.596     0.650       338.23624           4.8421378         38701
      0.668     0.650       288.51054           4.2708394         36506
      0.750     0.650       243.22836           3.7546082         34365
      0.841     0.650       211.80403           3.3593226         32298
      0.944     0.650       170.02286           2.8713332         29777
      1.059     0.650       146.65613           2.4690866         28278
      1.189     0.650       122.48511           2.2514811         25586
      1.334     0.650       101.58453           1.9119619         23969
      1.496     0.650       85.356288           1.6864993         21997
      1.679     0.650       66.479340           1.4228475         20082
      1.884     0.650       56.215017           1.2080313         18438
      2.113     0.650       46.606562           1.0846147         16642
      2.371     0.650       35.566488          0.86639083         15255
      2.661     0.650       29.281937          0.72823995         13788
      2.985     0.650       24.850317          0.64072389         12444
      3.350     0.650       20.349000          0.56155053         11084
      3.758     0.650       16.650642          0.48815082         10040
      4.217     0.650       12.526919          0.37052961          8995
      4.732     0.650       10.336990          0.33811809          8033
      5.309     0.650       8.9139390          0.29677975          7198
      5.957     0.650       6.3504540          0.22084336          6328
      6.683     0.650       5.3536587          0.19904255          5653
      7.499     0.650       4.4451701          0.16272924          5092
      8.414     0.650       3.4157474          0.13142330          4546
      9.441     0.650       2.6736297          0.97322866E-01      4076
      0.106     0.750       1838.6463           19.352938         55882
      0.119     0.750       1708.7273           18.140121         56552
      0.133     0.750       1584.7466           17.262537         57066
      0.150     0.750       1425.5021           15.557317         57207
      0.168     0.750       1290.0051           14.176107         56594
      0.188     0.750       1175.1857           13.326987         56187
      0.211     0.750       1100.3696           12.514003         55865
      0.237     0.750       1006.9914           11.664741         55483
      0.266     0.750       862.26520           10.283586         53786
      0.299     0.750       787.42641           9.5148392         51984
      0.335     0.750       684.62952           8.5136707         50209
      0.376     0.750       597.85435           7.6921453         48168
      0.422     0.750       521.42644           6.8475299         46119
      0.473     0.750       450.10353           6.1513689         43747
      0.531     0.750       377.97130           5.3816522         41256
      0.596     0.750       327.87899           4.6903356         39330
      0.668     0.750       281.33387           4.2154545         36769
      0.750     0.750       234.49729           3.6323388         34500
      0.841     0.750       200.80001           3.1462295         32152
      0.944     0.750       166.18913           2.7733599         30014
      1.059     0.750       141.82599           2.4523638         27585
      1.189     0.750       116.09131           2.1889181         25183
      1.334     0.750       96.676762           1.8742368         23606
      1.496     0.750       78.853130           1.5832363         21274
      1.679     0.750       65.782346           1.3999897         19795
      1.884     0.750       52.920688           1.2222453         17817
      2.113     0.750       43.834631           1.0077570         16238
      2.371     0.750       35.364772          0.86960737         14919
      2.661     0.750       29.618557          0.76902526         13175
      2.985     0.750       23.629443          0.64206394         12111
      3.350     0.750       18.824472          0.51577682         11058
      3.758     0.750       14.884610          0.42289643          9688
      4.217     0.750       11.852666          0.38080404          8670
      4.732     0.750       9.8253109          0.31858185          7930
      5.309     0.750       7.3527910          0.23289705          6895
      5.957     0.750       6.4149034          0.22207345          6249
      6.683     0.750       4.8644781          0.17644817          5519
      7.499     0.750       3.7669949          0.13916551          4852
      8.414     0.750       3.2317952          0.12721479          4201
      9.441     0.750       2.5894847          0.11167292          3909
      0.106     0.850       1785.6029           18.459137         57187
      0.119     0.850       1666.3592           17.429063         58037
      0.133     0.850       1579.8820           16.853989         58928
      0.150     0.850       1429.3866           15.371671         58273
      0.168     0.850       1294.8663           14.208383         57978
      0.188     0.850       1154.4019           12.819935         57716
      0.211     0.850       1070.4315           12.090093         56982
      0.237     0.850       975.06990           11.270451         56266
      0.266     0.850       885.46670           10.290497         54309
      0.299     0.850       768.54856           9.1423508         53141
      0.335     0.850       664.65607           8.1072859         51049
      0.376     0.850       576.35213           7.2995335         48553
      0.422     0.850       512.80712           6.6675963         46864
      0.473     0.850       442.20910           5.9960244         44006
      0.531     0.850       373.75837           5.1051637         41608
      0.596     0.850       312.95119           4.5474732         39392
      0.668     0.850       271.96173           4.0532940         36685
      0.750     0.850       230.30607           3.5482475         34786
      0.841     0.850       193.33636           3.0733279         32082
      0.944     0.850       160.47317           2.7118510         29751
      1.059     0.850       133.45681           2.4208985         27195
      1.189     0.850       108.05143           2.0029415         25439
      1.334     0.850       92.551739           1.8113718         23612
      1.496     0.850       75.206990           1.5542827         21392
      1.679     0.850       61.679682           1.3096216         19898
      1.884     0.850       51.378915           1.1715161         17838
      2.113     0.850       44.191734           1.0555561         16269
      2.371     0.850       33.441298          0.81735784         14964
      2.661     0.850       29.035699          0.75514731         13571
      2.985     0.850       22.288881          0.61133477         12182
      3.350     0.850       17.319129          0.50291332         10950
      3.758     0.850       14.354887          0.42905898          9587
      4.217     0.850       11.752178          0.38923476          8715
      4.732     0.850       9.4089245          0.29182074          7841
      5.309     0.850       7.6576140          0.26099991          6946
      5.957     0.850       6.4589944          0.22579595          6285
      6.683     0.850       5.0870562          0.19301809          5448
      7.499     0.850       4.2364225          0.17118447          4898
      8.414     0.850       3.1931855          0.12161988          4304
      9.441     0.850       2.3734398          0.98578317E-01      3704
      0.106     0.950       1752.7483           17.863186         58971
      0.119     0.950       1658.0492           16.984806         59868
      0.133     0.950       1518.6649           15.875418         59932
      0.150     0.950       1398.5828           14.762476         59553
      0.168     0.950       1284.8580           13.794929         59565
      0.188     0.950       1176.1773           12.900192         58814
      0.211     0.950       1060.8695           11.845590         58002
      0.237     0.950       932.14145           10.537812         56392
      0.266     0.950       843.36584           9.7839443         54832
      0.299     0.950       739.41287           8.7975590         53578
      0.335     0.950       656.44489           7.9443269         51299
      0.376     0.950       587.88702           7.4013195         48986
      0.422     0.950       502.63325           6.6710572         46739
      0.473     0.950       433.59864           5.7636305         44280
      0.531     0.950       367.66049           5.1622617         41692
      0.596     0.950       306.25135           4.3517976         39220
      0.668     0.950       259.79327           3.9721189         36629
      0.750     0.950       223.50814           3.3826594         34572
      0.841     0.950       183.69362           3.0293460         31656
      0.944     0.950       155.39866           2.6299978         29387
      1.059     0.950       131.61342           2.3427514         27559
      1.189     0.950       110.70753           2.0670428         25195
      1.334     0.950       91.358960           1.8019009         23239
      1.496     0.950       73.742001           1.5323740         21151
      1.679     0.950       60.883415           1.3152591         19478
      1.884     0.950       49.835451           1.1290255         17487
      2.113     0.950       40.888325          0.98126820         16288
      2.371     0.950       32.749250          0.83049404         14751
      2.661     0.950       26.193990          0.69149623         13024
      2.985     0.950       21.153682          0.59391593         11766
      3.350     0.950       16.598577          0.45690864         10698
      3.758     0.950       14.389972          0.43163650          9645
      4.217     0.950       11.984947          0.38923677          8675
      4.732     0.950       9.5306822          0.31068199          7853
      5.309     0.950       7.3961074          0.25201498          6920
      5.957     0.950       5.6163167          0.21522583          5903
      6.683     0.950       4.8355624          0.17389291          5383
      7.499     0.950       3.4104070          0.12610250          4649
      8.414     0.950       3.0172665          0.12052664          4217
      9.441     0.950       2.2732356          0.95318157E-01      3596
