 # tables0/fmin20_0401z.sno_nbe   
      0.106    -0.950       467.13210           7.6832014         25742
      0.119    -0.950       461.07451           7.5128625         26073
      0.133    -0.950       424.68192           6.9457745         25975
      0.150    -0.950       411.65059           6.8887020         25770
      0.168    -0.950       373.45400           6.1729795         25746
      0.188    -0.950       359.05858           6.0204829         25391
      0.211    -0.950       311.62758           5.2342121         24557
      0.237    -0.950       280.67160           4.7943998         23663
      0.266    -0.950       256.25384           4.3950041         22672
      0.299    -0.950       243.55874           4.3075631         22045
      0.335    -0.950       212.27322           3.8818028         20952
      0.376    -0.950       190.84415           3.5774726         19738
      0.422    -0.950       168.62983           3.2796587         18200
      0.473    -0.950       146.65305           3.0232411         17207
      0.531    -0.950       118.72310           2.4696216         15500
      0.596    -0.950       108.02624           2.4025354         14605
      0.668    -0.950       93.857702           2.1476387         13290
      0.750    -0.950       78.250805           1.9596929         11988
      0.841    -0.950       62.908006           1.6691807         10984
      0.944    -0.950       54.289964           1.4929403          9823
      1.059    -0.950       42.676104           1.2276364          8786
      1.189    -0.950       36.538710           1.1161303          7811
      1.334    -0.950       28.463266          0.90520235          6944
      1.496    -0.950       23.379872          0.84422371          6283
      1.679    -0.950       19.835166          0.74041312          5483
      1.884    -0.950       15.385922          0.63246394          4854
      2.113    -0.950       12.670917          0.56797183          4188
      2.371    -0.950       9.3396897          0.42075149          3736
      2.661    -0.950       7.5877127          0.38151398          3164
      2.985    -0.950       5.9105703          0.31854613          2674
      3.350    -0.950       5.2100656          0.31173605          2344
      3.758    -0.950       4.1086340          0.27031782          2047
      4.217    -0.950       2.6978570          0.18265227          1751
      4.732    -0.950       2.3791638          0.17713765          1504
      5.309    -0.950       1.5836130          0.12754299          1257
      5.957    -0.950       1.3459892          0.10704474          1085
      6.683    -0.950       1.0700043          0.91793103E-01       884
      7.499    -0.950      0.76369525          0.65369684E-01       761
      8.414    -0.950      0.56483990          0.58428073E-01       615
      9.441    -0.950      0.45660422          0.48354161E-01       570
      0.106    -0.850       324.27466           5.8050972         23598
      0.119    -0.850       308.84523           5.5002812         24203
      0.133    -0.850       300.80283           5.3021160         24507
      0.150    -0.850       293.89450           5.1358943         24583
      0.168    -0.850       265.83078           4.5638173         24515
      0.188    -0.850       260.76954           4.6788914         24067
      0.211    -0.850       244.74238           4.2729277         24097
      0.237    -0.850       228.63405           3.8913472         23305
      0.266    -0.850       205.21808           3.6532332         22375
      0.299    -0.850       191.54356           3.4609824         21781
      0.335    -0.850       181.22683           3.3383787         20693
      0.376    -0.850       153.31913           2.8187269         19851
      0.422    -0.850       136.83136           2.6954065         18347
      0.473    -0.850       124.30428           2.4604023         17506
      0.531    -0.850       108.55387           2.2468616         16243
      0.596    -0.850       93.949284           2.0467133         15048
      0.668    -0.850       84.562818           1.9796141         13940
      0.750    -0.850       69.824085           1.6437445         12763
      0.841    -0.850       61.866363           1.5381624         11554
      0.944    -0.850       50.674636           1.3188111         10428
      1.059    -0.850       43.707423           1.1929314          9478
      1.189    -0.850       35.120271           1.0177964          8453
      1.334    -0.850       29.594273          0.90108156          7623
      1.496    -0.850       22.810657          0.75391504          6660
      1.679    -0.850       19.315474          0.66305588          5958
      1.884    -0.850       15.462931          0.56744796          5225
      2.113    -0.850       13.023194          0.53469246          4580
      2.371    -0.850       10.475647          0.44786677          4010
      2.661    -0.850       7.7160180          0.35319547          3502
      2.985    -0.850       6.6793943          0.33497865          3068
      3.350    -0.850       4.7213609          0.25184493          2604
      3.758    -0.850       4.1744032          0.22386595          2250
      4.217    -0.850       3.2739082          0.20174052          1952
      4.732    -0.850       2.3426419          0.15506490          1550
      5.309    -0.850       1.8440156          0.14312480          1396
      5.957    -0.850       1.5541820          0.12660793          1224
      6.683    -0.850       1.0669181          0.91962623E-01       957
      7.499    -0.850      0.89551340          0.76066763E-01       825
      8.414    -0.850      0.74318706          0.82752839E-01       698
      9.441    -0.850      0.50040882          0.61395340E-01       579
      0.106    -0.750       217.70208           3.3621263         22168
      0.119    -0.750       219.64421           3.3209061         22947
      0.133    -0.750       216.35944           3.2607873         23182
      0.150    -0.750       216.32978           3.2952739         23396
      0.168    -0.750       204.77023           3.0961927         23621
      0.188    -0.750       202.77786           3.0611554         23505
      0.211    -0.750       198.00237           3.0211032         23454
      0.237    -0.750       189.03352           2.9415675         22997
      0.266    -0.750       177.31087           2.7778591         22390
      0.299    -0.750       161.15728           2.6370194         21489
      0.335    -0.750       157.23066           2.5384476         20917
      0.376    -0.750       137.67843           2.3588628         19700
      0.422    -0.750       125.08073           2.1535930         18923
      0.473    -0.750       116.89799           2.1124606         17902
      0.531    -0.750       103.93063           1.9345203         16777
      0.596    -0.750       90.701047           1.7948641         15437
      0.668    -0.750       81.930042           1.6639741         14527
      0.750    -0.750       72.545901           1.5971880         13106
      0.841    -0.750       60.481718           1.3901975         11891
      0.944    -0.750       51.532211           1.2213781         10969
      1.059    -0.750       44.189458           1.1496782         10053
      1.189    -0.750       38.999880           1.0926408          9087
      1.334    -0.750       30.384449          0.86875857          8150
      1.496    -0.750       24.885490          0.76252754          7254
      1.679    -0.750       22.097929          0.71849040          6578
      1.884    -0.750       17.372343          0.60807510          5693
      2.113    -0.750       14.440772          0.54400322          5053
      2.371    -0.750       11.891819          0.48910578          4387
      2.661    -0.750       9.1274046          0.38325903          3796
      2.985    -0.750       7.0014660          0.32676187          3284
      3.350    -0.750       5.5336468          0.27411842          2894
      3.758    -0.750       4.2024776          0.22891479          2490
      4.217    -0.750       3.3080475          0.19711576          2063
      4.732    -0.750       2.5362378          0.16025402          1801
      5.309    -0.750       2.1153369          0.14112944          1668
      5.957    -0.750       1.5286801          0.11407583          1364
      6.683    -0.750       1.2282508          0.85828200E-01      1119
      7.499    -0.750      0.98035137          0.73994077E-01       969
      8.414    -0.750      0.70303658          0.59346441E-01       811
      9.441    -0.750      0.52081384          0.45495386E-01       652
      0.106    -0.650       231.20433           3.9659202         21257
      0.119    -0.650       229.76514           3.9276415         21963
      0.133    -0.650       222.80844           3.6294890         22457
      0.150    -0.650       225.19035           3.6679262         22861
      0.168    -0.650       216.31770           3.4852991         23060
      0.188    -0.650       207.01937           3.3220874         22994
      0.211    -0.650       200.63610           3.2873915         23099
      0.237    -0.650       194.58642           3.2487759         22470
      0.266    -0.650       180.53712           2.9483588         22218
      0.299    -0.650       171.62794           2.9604822         21478
      0.335    -0.650       157.68161           2.6997678         21088
      0.376    -0.650       140.52200           2.4349487         20285
      0.422    -0.650       130.35613           2.3691147         19261
      0.473    -0.650       118.63701           2.2194280         18213
      0.531    -0.650       107.62230           1.9983783         17344
      0.596    -0.650       96.786059           1.8870879         16073
      0.668    -0.650       82.785144           1.6604523         15092
      0.750    -0.650       71.791297           1.5211294         13765
      0.841    -0.650       64.035424           1.4219081         12794
      0.944    -0.650       55.564712           1.3198173         11968
      1.059    -0.650       48.211216           1.1701770         10670
      1.189    -0.650       41.794052           1.0799671          9668
      1.334    -0.650       34.406373          0.95613369          8777
      1.496    -0.650       27.835298          0.83445261          7683
      1.679    -0.650       23.883269          0.76214848          6930
      1.884    -0.650       17.935220          0.57632076          6194
      2.113    -0.650       15.067077          0.52842399          5452
      2.371    -0.650       13.378018          0.50061890          4946
      2.661    -0.650       10.277973          0.44918401          4265
      2.985    -0.650       7.7753435          0.34250893          3612
      3.350    -0.650       6.8621220          0.31552301          3245
      3.758    -0.650       5.2051299          0.25493393          2769
      4.217    -0.650       3.8482885          0.22990625          2288
      4.732    -0.650       3.2774631          0.20823571          2074
      5.309    -0.650       2.2959984          0.14000209          1789
      5.957    -0.650       1.9553069          0.13880033          1542
      6.683    -0.650       1.3836677          0.10848165          1249
      7.499    -0.650       1.0225916          0.76591311E-01      1074
      8.414    -0.650      0.89513234          0.74822343E-01       885
      9.441    -0.650      0.60592317          0.54920352E-01       778
      0.106    -0.550       312.36334           6.3205701         20164
      0.119    -0.550       301.75918           6.0728365         20932
      0.133    -0.550       289.02276           5.6929149         21496
      0.150    -0.550       280.81065           5.5063919         21979
      0.168    -0.550       259.68393           5.0626349         22037
      0.188    -0.550       253.61565           4.8772345         22246
      0.211    -0.550       240.05367           4.7100901         22294
      0.237    -0.550       221.33623           4.1937237         22006
      0.266    -0.550       205.39836           3.8985698         21595
      0.299    -0.550       188.34282           3.5494694         21137
      0.335    -0.550       175.90032           3.3809346         20923
      0.376    -0.550       159.83758           3.0194852         19833
      0.422    -0.550       146.05599           2.8760251         19102
      0.473    -0.550       130.25196           2.5573025         18219
      0.531    -0.550       122.12359           2.4419316         17601
      0.596    -0.550       104.20334           2.2358894         16390
      0.668    -0.550       89.390289           1.9017651         15380
      0.750    -0.550       80.251468           1.6919079         14346
      0.841    -0.550       70.550668           1.6532066         13382
      0.944    -0.550       60.242803           1.4263303         12367
      1.059    -0.550       48.902434           1.2536564         11209
      1.189    -0.550       40.309776           1.0398369         10099
      1.334    -0.550       35.815001          0.99234396          9187
      1.496    -0.550       30.079247          0.87102119          8362
      1.679    -0.550       25.032686          0.77564775          7357
      1.884    -0.550       20.198070          0.68401406          6706
      2.113    -0.550       17.513351          0.59533851          5983
      2.371    -0.550       13.970362          0.52809468          5371
      2.661    -0.550       10.895837          0.42999245          4678
      2.985    -0.550       8.9948394          0.41673082          4045
      3.350    -0.550       7.1487219          0.31895985          3567
      3.758    -0.550       5.6679090          0.27403535          3025
      4.217    -0.550       4.2793128          0.20728741          2634
      4.732    -0.550       3.7584362          0.21089498          2369
      5.309    -0.550       2.7501342          0.16697117          2049
      5.957    -0.550       1.9980227          0.12514716          1652
      6.683    -0.550       1.7868933          0.12963745          1441
      7.499    -0.550       1.4954462          0.10704923          1242
      8.414    -0.550       1.0541964          0.86009178E-01      1029
      9.441    -0.550      0.81914860          0.67700906E-01       909
      0.106    -0.450       376.10787           7.8723893         19219
      0.119    -0.450       372.81712           7.5840061         19806
      0.133    -0.450       354.52794           7.1930277         20322
      0.150    -0.450       344.90696           7.0780802         20927
      0.168    -0.450       321.79029           6.3776547         21079
      0.188    -0.450       314.53814           6.3335743         21122
      0.211    -0.450       278.01831           5.4570226         21330
      0.237    -0.450       265.76924           5.3167074         21218
      0.266    -0.450       235.58444           4.7023798         21075
      0.299    -0.450       212.20002           4.0789259         20345
      0.335    -0.450       201.58571           4.0657069         20222
      0.376    -0.450       178.55015           3.6617829         19655
      0.422    -0.450       157.13539           3.1605856         18861
      0.473    -0.450       142.63375           2.9917402         18147
      0.531    -0.450       139.09080           2.9444492         17768
      0.596    -0.450       118.80932           2.5162161         16806
      0.668    -0.450       98.449617           2.0983079         15909
      0.750    -0.450       84.458511           1.8508171         14501
      0.841    -0.450       77.063406           1.8059855         13512
      0.944    -0.450       62.753195           1.4780852         12612
      1.059    -0.450       57.365851           1.4345915         11735
      1.189    -0.450       47.759128           1.2437234         10768
      1.334    -0.450       39.573244           1.0910263          9980
      1.496    -0.450       35.200961          0.96716233          9064
      1.679    -0.450       27.958773          0.82834358          8179
      1.884    -0.450       23.187564          0.73260358          7220
      2.113    -0.450       19.400078          0.68734041          6392
      2.371    -0.450       14.302483          0.51396492          5816
      2.661    -0.450       12.850374          0.48076656          5119
      2.985    -0.450       10.555982          0.40715030          4603
      3.350    -0.450       7.2851984          0.30883591          3859
      3.758    -0.450       6.5573955          0.31143216          3472
      4.217    -0.450       5.2367643          0.25807652          3028
      4.732    -0.450       4.1501488          0.20944785          2592
      5.309    -0.450       2.8783459          0.16321051          2196
      5.957    -0.450       2.5002689          0.14515337          1927
      6.683    -0.450       1.8221327          0.10542008          1641
      7.499    -0.450       1.2826318          0.83861522E-01      1373
      8.414    -0.450       1.0352220          0.69751616E-01      1153
      9.441    -0.450      0.82507086          0.62884717E-01       952
      0.106    -0.350       476.55527           10.218570         17626
      0.119    -0.350       468.29386           10.044378         18094
      0.133    -0.350       435.29055           9.1474515         18753
      0.150    -0.350       418.11393           8.7459514         19069
      0.168    -0.350       404.38311           8.1363677         19523
      0.188    -0.350       366.69051           7.6418148         19677
      0.211    -0.350       353.32176           7.3732148         19881
      0.237    -0.350       319.99222           6.4750018         19872
      0.266    -0.350       293.36451           6.2595438         19625
      0.299    -0.350       259.13779           5.2647271         19677
      0.335    -0.350       245.03300           5.1832688         19277
      0.376    -0.350       212.90494           4.4307537         18706
      0.422    -0.350       194.38813           4.4436861         18142
      0.473    -0.350       172.08420           3.7830530         17647
      0.531    -0.350       151.12027           3.3127658         16956
      0.596    -0.350       130.37067           2.8956573         16109
      0.668    -0.350       115.05963           2.5394595         15346
      0.750    -0.350       103.81770           2.3998961         14620
      0.841    -0.350       85.884432           2.0769807         13483
      0.944    -0.350       76.461397           1.8605562         12801
      1.059    -0.350       63.462648           1.6138814         12034
      1.189    -0.350       56.083283           1.4747051         10965
      1.334    -0.350       46.323927           1.2344446         10230
      1.496    -0.350       39.593866           1.1114215          9353
      1.679    -0.350       32.069260          0.94609470          8438
      1.884    -0.350       26.576678          0.79618665          7792
      2.113    -0.350       21.772375          0.71660813          6888
      2.371    -0.350       18.406850          0.61410018          6191
      2.661    -0.350       15.238674          0.58176780          5603
      2.985    -0.350       11.792867          0.44278637          4923
      3.350    -0.350       9.0811924          0.36321084          4311
      3.758    -0.350       7.7668283          0.34113779          3894
      4.217    -0.350       6.3663308          0.28627214          3368
      4.732    -0.350       4.8326790          0.23546343          2950
      5.309    -0.350       4.0042514          0.22543906          2515
      5.957    -0.350       2.8863791          0.15632321          2207
      6.683    -0.350       2.8437829          0.18153305          1876
      7.499    -0.350       1.6548282          0.99734802E-01      1649
      8.414    -0.350       1.5244780          0.11012541          1362
      9.441    -0.350       1.0815063          0.81999163E-01      1192
      0.106    -0.250       671.36945           14.384738         16109
      0.119    -0.250       660.85725           13.970600         16523
      0.133    -0.250       612.81942           12.570149         16860
      0.150    -0.250       606.05508           12.948456         17203
      0.168    -0.250       539.25459           11.064676         17344
      0.188    -0.250       499.67309           10.532593         17468
      0.211    -0.250       466.15532           9.9203993         17680
      0.237    -0.250       428.36352           9.4238672         17515
      0.266    -0.250       385.39531           8.6962591         17361
      0.299    -0.250       340.48094           7.2507931         17192
      0.335    -0.250       319.37736           6.7368326         17134
      0.376    -0.250       269.99066           6.1057067         16508
      0.422    -0.250       240.62784           5.4358800         16333
      0.473    -0.250       211.36610           4.8567898         15929
      0.531    -0.250       189.40918           4.8177766         15059
      0.596    -0.250       167.28441           4.1699202         14861
      0.668    -0.250       140.76370           3.4213370         14312
      0.750    -0.250       119.53247           2.9894451         13512
      0.841    -0.250       106.35767           2.7636017         12804
      0.944    -0.250       87.833364           2.2555022         11957
      1.059    -0.250       78.000128           2.2349154         11437
      1.189    -0.250       63.082563           1.7381653         10608
      1.334    -0.250       55.386965           1.5830500          9975
      1.496    -0.250       45.464576           1.3478529          9365
      1.679    -0.250       36.388655           1.0861885          8658
      1.884    -0.250       31.748680           1.0322760          7844
      2.113    -0.250       25.343016          0.85729908          7074
      2.371    -0.250       21.719507          0.76202956          6514
      2.661    -0.250       16.004702          0.55351466          5864
      2.985    -0.250       13.577964          0.50525550          5156
      3.350    -0.250       11.080121          0.45689796          4725
      3.758    -0.250       9.1577115          0.37279259          4209
      4.217    -0.250       7.0664333          0.33513305          3719
      4.732    -0.250       5.3208086          0.23847604          3209
      5.309    -0.250       4.4971639          0.22069606          2916
      5.957    -0.250       3.4655977          0.16873245          2485
      6.683    -0.250       3.2170210          0.18522858          2208
      7.499    -0.250       2.0941249          0.12764293          1882
      8.414    -0.250       1.6967243          0.10865952          1565
      9.441    -0.250       1.2705422          0.80685331E-01      1393
      0.106    -0.150       1147.3179           25.125433         13253
      0.119    -0.150       1088.5419           24.962338         13328
      0.133    -0.150       963.78846           22.427384         13564
      0.150    -0.150       916.70485           21.263719         13869
      0.168    -0.150       833.45986           20.313863         13829
      0.188    -0.150       798.23079           19.385088         13937
      0.211    -0.150       680.89772           16.294804         13584
      0.237    -0.150       588.58346           14.464228         13555
      0.266    -0.150       542.09300           13.653685         13859
      0.299    -0.150       463.16223           12.018944         13161
      0.335    -0.150       400.74911           10.118005         12956
      0.376    -0.150       373.07290           10.306397         12761
      0.422    -0.150       331.57238           8.8044688         12726
      0.473    -0.150       269.58443           7.2583233         12278
      0.531    -0.150       235.78403           6.5375574         11816
      0.596    -0.150       204.17630           6.0373615         11334
      0.668    -0.150       165.40824           4.7614570         10857
      0.750    -0.150       139.32620           4.2579912         10401
      0.841    -0.150       122.27062           3.8712900          9887
      0.944    -0.150       100.84992           3.0455180          9624
      1.059    -0.150       82.987519           2.5803098          8868
      1.189    -0.150       71.909574           2.2828361          8498
      1.334    -0.150       61.836079           2.0499736          7983
      1.496    -0.150       53.981230           1.8963820          7639
      1.679    -0.150       38.033825           1.3437993          6972
      1.884    -0.150       34.385222           1.2438848          6432
      2.113    -0.150       28.446517           1.0754516          6038
      2.371    -0.150       24.362631          0.87573063          5585
      2.661    -0.150       19.767807          0.81734145          5047
      2.985    -0.150       15.767674          0.69552318          4712
      3.350    -0.150       13.351199          0.59282269          4323
      3.758    -0.150       10.831629          0.50640307          3789
      4.217    -0.150       8.7408341          0.41285912          3462
      4.732    -0.150       7.0613410          0.34576482          3098
      5.309    -0.150       5.3973040          0.28661119          2742
      5.957    -0.150       4.9590502          0.27412429          2506
      6.683    -0.150       3.4801791          0.17788666          2159
      7.499    -0.150       2.8987971          0.17887514          1824
      8.414    -0.150       2.3630693          0.14328462          1670
      9.441    -0.150       1.8532794          0.11492582          1496
      0.106    -0.050       1964.5812           88.424426          6427
      0.119    -0.050       1765.3094           70.904347          6456
      0.133    -0.050       1519.5847           65.393680          6532
      0.150    -0.050       1447.4460           64.747215          6402
      0.168    -0.050       1309.4824           64.388485          6389
      0.188    -0.050       1118.7532           45.515586          6215
      0.211    -0.050       1041.6522           50.653741          6187
      0.237    -0.050       869.41622           40.353881          6031
      0.266    -0.050       882.01510           48.812319          5993
      0.299    -0.050       698.31408           36.019365          5792
      0.335    -0.050       564.94395           31.622536          5565
      0.376    -0.050       509.83707           29.824805          5664
      0.422    -0.050       453.57329           27.180827          5365
      0.473    -0.050       351.06341           16.839988          5228
      0.531    -0.050       289.97753           16.138660          4920
      0.596    -0.050       256.19489           14.912950          4817
      0.668    -0.050       223.18399           12.367608          4669
      0.750    -0.050       176.08341           9.3564194          4343
      0.841    -0.050       130.82187           7.5915533          4259
      0.944    -0.050       128.82249           7.7356075          4171
      1.059    -0.050       92.133078           6.0850257          3761
      1.189    -0.050       83.175259           4.8213085          3571
      1.334    -0.050       66.823374           4.6799527          3388
      1.496    -0.050       57.037708           4.4138508          3174
      1.679    -0.050       49.671637           3.3658497          3066
      1.884    -0.050       37.253209           2.5544386          2789
      2.113    -0.050       31.772830           2.2263690          2603
      2.371    -0.050       25.170267           1.5037570          2537
      2.661    -0.050       21.021221           1.5970734          2311
      2.985    -0.050       16.883908           1.1478938          2105
      3.350    -0.050       14.793235           1.0903061          1937
      3.758    -0.050       11.401514           1.0501313          1763
      4.217    -0.050       10.100562          0.89202088          1640
      4.732    -0.050       8.1395492          0.72494817          1444
      5.309    -0.050       6.4197521          0.47128810          1324
      5.957    -0.050       5.4026421          0.45085367          1254
      6.683    -0.050       4.3788448          0.34149295          1041
      7.499    -0.050       3.5745928          0.31418915           977
      8.414    -0.050       2.3152528          0.23458112           827
      9.441    -0.050       2.2702833          0.21656239           790
      0.106     0.050       2045.0902           87.732180          6351
      0.119     0.050       1785.6733           74.065098          6335
      0.133     0.050       1495.2813           65.409961          6406
      0.150     0.050       1551.0963           69.475905          6331
      0.168     0.050       1256.6954           61.168815          6353
      0.188     0.050       1118.8232           45.911233          6190
      0.211     0.050       973.51643           47.271101          6136
      0.237     0.050       872.12057           43.406992          5964
      0.266     0.050       847.30564           44.542994          6061
      0.299     0.050       704.30592           40.345776          5854
      0.335     0.050       590.68876           28.174682          5713
      0.376     0.050       541.22315           30.786658          5491
      0.422     0.050       450.12245           25.964382          5392
      0.473     0.050       340.49465           15.985553          5129
      0.531     0.050       294.40220           16.291259          4991
      0.596     0.050       224.51875           11.395436          4684
      0.668     0.050       211.99446           13.751692          4503
      0.750     0.050       171.96995           8.9140357          4311
      0.841     0.050       130.10266           7.1514969          4237
      0.944     0.050       114.30741           6.9378218          4069
      1.059     0.050       95.063758           6.4572661          3728
      1.189     0.050       93.008981           7.3390415          3595
      1.334     0.050       63.470470           4.3711453          3418
      1.496     0.050       57.441556           4.6804847          3139
      1.679     0.050       47.648148           3.5172150          3066
      1.884     0.050       34.895695           2.4823296          2825
      2.113     0.050       33.898911           2.4324299          2640
      2.371     0.050       24.262538           1.4813431          2438
      2.661     0.050       23.910070           1.7804323          2323
      2.985     0.050       17.316061           1.4154167          2127
      3.350     0.050       14.024322           1.1327202          1947
      3.758     0.050       10.194932          0.71008048          1746
      4.217     0.050       9.3848650          0.83593699          1590
      4.732     0.050       7.8296379          0.68675510          1516
      5.309     0.050       6.6300147          0.55572375          1365
      5.957     0.050       4.8062380          0.42357846          1259
      6.683     0.050       4.0440786          0.33435503          1122
      7.499     0.050       2.9520346          0.28462354           963
      8.414     0.050       2.4496521          0.22179206           868
      9.441     0.050       1.9126560          0.19477691           765
      0.106     0.150       1284.1987           30.557450         13290
      0.119     0.150       1230.3718           28.533981         13479
      0.133     0.150       1097.8892           25.522287         13559
      0.150     0.150       999.40283           23.240406         13822
      0.168     0.150       898.21990           21.405383         13727
      0.188     0.150       818.14238           20.807281         13631
      0.211     0.150       736.75803           17.924318         13673
      0.237     0.150       653.22131           16.250316         13682
      0.266     0.150       577.35753           14.554962         13379
      0.299     0.150       485.73828           13.100284         13023
      0.335     0.150       439.93158           11.688814         13143
      0.376     0.150       375.56859           10.709869         12811
      0.422     0.150       317.77909           8.6868807         12421
      0.473     0.150       261.10177           7.3324716         12122
      0.531     0.150       250.47053           7.5204855         11612
      0.596     0.150       197.00322           5.7727368         11225
      0.668     0.150       170.49522           5.4552393         10832
      0.750     0.150       141.84794           4.1970867         10392
      0.841     0.150       124.77571           3.9965734         10020
      0.944     0.150       98.441899           3.1136844          9535
      1.059     0.150       86.869241           2.7901246          8937
      1.189     0.150       71.763617           2.2392588          8515
      1.334     0.150       59.224814           1.9967498          7913
      1.496     0.150       48.161121           1.5718374          7585
      1.679     0.150       40.317435           1.3641614          6972
      1.884     0.150       34.427702           1.2988050          6465
      2.113     0.150       29.346654           1.1312274          5989
      2.371     0.150       22.792589          0.84965295          5542
      2.661     0.150       19.458069          0.80726863          5039
      2.985     0.150       14.974969          0.56959513          4521
      3.350     0.150       13.125986          0.56760767          4114
      3.758     0.150       10.507640          0.45025209          3799
      4.217     0.150       8.2263700          0.35392417          3468
      4.732     0.150       6.6955780          0.32679670          3073
      5.309     0.150       5.8895921          0.32390995          2784
      5.957     0.150       4.6406332          0.24554257          2393
      6.683     0.150       3.7189598          0.20378768          2151
      7.499     0.150       2.4484876          0.13199634          1794
      8.414     0.150       2.0511001          0.12464035          1569
      9.441     0.150       1.7039499          0.11012816          1426
      0.106     0.250       992.85656           19.833573         17064
      0.119     0.250       946.07140           18.990317         17447
      0.133     0.250       869.04085           17.811370         17497
      0.150     0.250       807.89675           17.004966         17838
      0.168     0.250       742.16784           15.557435         17781
      0.188     0.250       666.19242           14.236479         17910
      0.211     0.250       581.32079           12.308351         17963
      0.237     0.250       520.04476           11.134495         17851
      0.266     0.250       462.73322           10.114799         17547
      0.299     0.250       419.64546           9.5159916         17618
      0.335     0.250       356.79317           8.2968347         17025
      0.376     0.250       311.72841           7.1187832         16632
      0.422     0.250       287.78127           6.8920196         16227
      0.473     0.250       232.97220           5.6349100         15999
      0.531     0.250       211.28331           5.3208580         15109
      0.596     0.250       166.80721           3.8867577         14691
      0.668     0.250       153.60528           3.8163531         14148
      0.750     0.250       127.54714           3.3909357         13393
      0.841     0.250       113.66108           3.0780432         12917
      0.944     0.250       87.907128           2.2694045         12086
      1.059     0.250       74.044491           2.0111360         11264
      1.189     0.250       61.681563           1.7460802         10560
      1.334     0.250       53.957363           1.6003251          9853
      1.496     0.250       44.254211           1.3351907          9002
      1.679     0.250       39.152508           1.2524479          8357
      1.884     0.250       30.155693          0.99459422          7641
      2.113     0.250       25.773817          0.89781411          6989
      2.371     0.250       21.079907          0.74885341          6310
      2.661     0.250       16.537067          0.60196968          5725
      2.985     0.250       14.212725          0.56397088          5168
      3.350     0.250       11.839954          0.52946618          4728
      3.758     0.250       8.8358929          0.39689271          4069
      4.217     0.250       6.8618656          0.29874104          3636
      4.732     0.250       5.8018167          0.26825174          3207
      5.309     0.250       4.0294946          0.21076568          2736
      5.957     0.250       3.3507565          0.19429760          2403
      6.683     0.250       2.7576594          0.14350534          2124
      7.499     0.250       2.3564269          0.13374482          1881
      8.414     0.250       1.8021683          0.10552802          1577
      9.441     0.250       1.4280299          0.10183483          1361
      0.106     0.350       890.28149           16.273023         20132
      0.119     0.350       861.64471           16.274886         20248
      0.133     0.350       788.81147           14.778358         20733
      0.150     0.350       737.33183           14.228308         21019
      0.168     0.350       683.65363           13.051977         21328
      0.188     0.350       594.87194           11.713333         21122
      0.211     0.350       535.71051           10.275534         21262
      0.237     0.350       475.76364           9.6811052         21028
      0.266     0.350       432.61875           8.7175670         20560
      0.299     0.350       382.32911           7.7937492         20343
      0.335     0.350       331.81227           6.7257843         19876
      0.376     0.350       295.76153           6.2107730         19433
      0.422     0.350       244.33421           5.0130734         18743
      0.473     0.350       216.49512           4.6165985         18059
      0.531     0.350       194.31019           4.2337611         17310
      0.596     0.350       162.83171           3.5915980         16393
      0.668     0.350       142.36962           3.3010706         15679
      0.750     0.350       121.81828           2.9333394         14687
      0.841     0.350       103.41368           2.5830718         13626
      0.944     0.350       89.064746           2.2646114         12992
      1.059     0.350       70.051041           1.8114974         11926
      1.189     0.350       58.270849           1.5801354         11044
      1.334     0.350       50.671695           1.4132617         10357
      1.496     0.350       43.867409           1.3008279          9314
      1.679     0.350       32.624246           1.0255898          8420
      1.884     0.350       29.151905           1.0086852          7533
      2.113     0.350       23.280001          0.77738608          6869
      2.371     0.350       18.312247          0.69509184          6086
      2.661     0.350       14.792411          0.56609870          5373
      2.985     0.350       11.408373          0.42103910          4953
      3.350     0.350       9.5157643          0.40982040          4307
      3.758     0.350       7.7782524          0.33118811          3850
      4.217     0.350       6.2005642          0.29185153          3290
      4.732     0.350       4.8815517          0.24981210          2925
      5.309     0.350       4.1927384          0.22253681          2626
      5.957     0.350       3.1656090          0.17804910          2262
      6.683     0.350       2.1665107          0.12925063          1915
      7.499     0.350       1.8567891          0.11706490          1664
      8.414     0.350       1.4178045          0.91382306E-01      1346
      9.441     0.350       1.1728386          0.88102128E-01      1189
      0.106     0.450       786.71863           13.594422         22160
      0.119     0.450       790.30499           13.729850         22805
      0.133     0.450       689.57662           11.898442         22951
      0.150     0.450       674.79709           12.188287         23415
      0.168     0.450       628.98834           11.321302         23452
      0.188     0.450       561.51949           10.313384         23256
      0.211     0.450       512.34967           9.1012384         23237
      0.237     0.450       442.96490           8.1942645         22762
      0.266     0.450       386.61627           7.1809259         22458
      0.299     0.450       354.44134           6.8558179         22145
      0.335     0.450       312.49743           6.1798869         21435
      0.376     0.450       282.35633           5.3546305         21092
      0.422     0.450       237.49334           4.7907440         19724
      0.473     0.450       209.07463           4.3169299         18858
      0.531     0.450       178.84926           3.7901577         18169
      0.596     0.450       161.05414           3.4402689         17082
      0.668     0.450       134.28986           2.9604430         16059
      0.750     0.450       108.56592           2.4370347         14967
      0.841     0.450       97.219374           2.3820335         14056
      0.944     0.450       81.566220           1.9689288         13124
      1.059     0.450       67.933270           1.7293095         12009
      1.189     0.450       54.164159           1.4326562         10872
      1.334     0.450       45.804410           1.3333514          9943
      1.496     0.450       39.428274           1.2217104          8878
      1.679     0.450       30.858536          0.93177797          8157
      1.884     0.450       24.731991          0.85588608          7068
      2.113     0.450       19.942578          0.73435105          6470
      2.371     0.450       16.343275          0.63455018          5686
      2.661     0.450       13.478822          0.52508087          5056
      2.985     0.450       10.301320          0.43038145          4378
      3.350     0.450       8.5638792          0.40040395          3889
      3.758     0.450       6.8060949          0.30984028          3481
      4.217     0.450       5.2305950          0.23755174          3131
      4.732     0.450       4.1113610          0.22623930          2566
      5.309     0.450       3.5302712          0.21073918          2246
      5.957     0.450       2.6825186          0.17249340          1920
      6.683     0.450       2.1148457          0.13734631          1665
      7.499     0.450       1.5047317          0.95397642E-01      1405
      8.414     0.450       1.1083202          0.89984940E-01      1127
      9.441     0.450      0.80317884          0.56326678E-01      1032
      0.106     0.550       741.50276           12.269389         23928
      0.119     0.550       722.20278           11.888241         24735
      0.133     0.550       679.51929           11.333450         24899
      0.150     0.550       651.45060           11.077994         25068
      0.168     0.550       572.63811           9.5351025         25200
      0.188     0.550       533.55375           9.1131624         24937
      0.211     0.550       491.11742           8.4041646         24641
      0.237     0.550       436.30998           7.5648584         24483
      0.266     0.550       381.94421           6.7588638         23606
      0.299     0.550       347.11359           6.3906596         23244
      0.335     0.550       307.63708           5.6802565         22035
      0.376     0.550       266.62202           5.1185900         21388
      0.422     0.550       235.29235           4.6340335         20450
      0.473     0.550       201.29532           4.0546716         19537
      0.531     0.550       176.71120           3.6415705         18342
      0.596     0.550       146.40390           3.1890279         17173
      0.668     0.550       126.11079           2.7614744         15916
      0.750     0.550       110.72308           2.6122359         14787
      0.841     0.550       90.236658           2.1819894         13634
      0.944     0.550       75.661087           1.9302394         12640
      1.059     0.550       62.570172           1.6357153         11668
      1.189     0.550       51.370103           1.4109363         10468
      1.334     0.550       40.617867           1.1864756          9402
      1.496     0.550       35.682087           1.1144252          8638
      1.679     0.550       28.304959          0.92801249          7704
      1.884     0.550       23.182118          0.82420935          6784
      2.113     0.550       18.756623          0.71169677          5994
      2.371     0.550       15.692687          0.63531468          5316
      2.661     0.550       12.838408          0.57459179          4786
      2.985     0.550       9.4098718          0.39755555          4266
      3.350     0.550       7.1212614          0.33299534          3507
      3.758     0.550       6.0083662          0.29103501          3092
      4.217     0.550       4.7788375          0.24800611          2660
      4.732     0.550       4.1342870          0.23937741          2411
      5.309     0.550       2.7428453          0.15805930          2013
      5.957     0.550       2.0659393          0.12326637          1685
      6.683     0.550       1.7372286          0.13099577          1467
      7.499     0.550       1.1711303          0.83484063E-01      1235
      8.414     0.550      0.98417049          0.78714577E-01      1045
      9.441     0.550      0.70650486          0.55592943E-01       859
      0.106     0.650       754.31178           11.944114         25554
      0.119     0.650       722.70753           11.568782         25899
      0.133     0.650       645.01165           10.568515         25997
      0.150     0.650       630.33754           10.405944         26342
      0.168     0.650       555.42594           9.0532945         26506
      0.188     0.650       513.14705           8.3694220         26050
      0.211     0.650       463.95558           7.8918578         25758
      0.237     0.650       402.84299           6.8720455         24866
      0.266     0.650       359.09834           6.2530684         24244
      0.299     0.650       330.29352           5.9050338         23284
      0.335     0.650       297.01234           5.3486062         22662
      0.376     0.650       259.11623           4.7993781         21358
      0.422     0.650       230.84177           4.4148601         20343
      0.473     0.650       193.03412           3.8741738         18987
      0.531     0.650       166.49124           3.3847314         17939
      0.596     0.650       144.12406           3.0175716         16404
      0.668     0.650       120.06723           2.6781454         15660
      0.750     0.650       103.52386           2.4516517         14121
      0.841     0.650       86.624763           2.0543633         13182
      0.944     0.650       71.069043           1.8352778         11917
      1.059     0.650       61.562306           1.5831624         11055
      1.189     0.650       49.552153           1.4202028          9950
      1.334     0.650       39.580545           1.1646876          8762
      1.496     0.650       31.554760          0.99425240          7701
      1.679     0.650       26.242850          0.91601144          7084
      1.884     0.650       19.615812          0.69565399          6113
      2.113     0.650       15.802348          0.57993190          5494
      2.371     0.650       12.945944          0.50815202          4760
      2.661     0.650       9.9995567          0.41218057          4296
      2.985     0.650       8.5016842          0.41370691          3729
      3.350     0.650       6.7069456          0.36346097          3143
      3.758     0.650       5.6816044          0.29052955          2774
      4.217     0.650       3.7912219          0.21129596          2293
      4.732     0.650       3.1106390          0.20340051          1949
      5.309     0.650       2.2811305          0.14827965          1752
      5.957     0.650       1.7049319          0.12006819          1433
      6.683     0.650       1.4079920          0.99285737E-01      1238
      7.499     0.650       1.2246444          0.10868811          1043
      8.414     0.650      0.72442380          0.60375385E-01       903
      9.441     0.650      0.60368816          0.54750866E-01       720
      0.106     0.750       692.30805           10.921022         26311
      0.119     0.750       686.37528           10.683374         26745
      0.133     0.750       643.21225           10.256524         26898
      0.150     0.750       608.64347           9.6176761         26958
      0.168     0.750       536.86754           8.6203734         26717
      0.188     0.750       497.68630           8.2121478         26534
      0.211     0.750       442.92070           7.2960585         25887
      0.237     0.750       402.89342           6.6818326         25216
      0.266     0.750       369.76413           6.4424025         24310
      0.299     0.750       308.57944           5.2840351         23241
      0.335     0.750       291.68618           5.2224922         22514
      0.376     0.750       248.08261           4.6575715         20929
      0.422     0.750       213.47515           4.0453158         19764
      0.473     0.750       183.41483           3.6279684         18685
      0.531     0.750       154.29223           3.2005170         17253
      0.596     0.750       134.04902           2.9319527         15932
      0.668     0.750       112.26911           2.5467213         14648
      0.750     0.750       97.941519           2.3373442         13432
      0.841     0.750       79.346335           1.9668423         12499
      0.944     0.750       68.317034           1.7729644         11367
      1.059     0.750       53.958638           1.5165843         10094
      1.189     0.750       45.759123           1.3020764          9188
      1.334     0.750       37.325667           1.1653565          8203
      1.496     0.750       30.307834           1.0163470          7345
      1.679     0.750       23.610656          0.84301777          6364
      1.884     0.750       18.003285          0.67376887          5661
      2.113     0.750       15.174478          0.57948152          5011
      2.371     0.750       11.804188          0.49609407          4287
      2.661     0.750       8.5481289          0.36894389          3784
      2.985     0.750       6.9434780          0.33934346          3198
      3.350     0.750       5.7471528          0.30464639          2848
      3.758     0.750       4.3256345          0.22805973          2487
      4.217     0.750       3.7124393          0.21470561          2150
      4.732     0.750       3.0215866          0.20478167          1777
      5.309     0.750       2.1088528          0.14350570          1553
      5.957     0.750       1.6366444          0.11746905          1260
      6.683     0.750       1.4110598          0.12268471          1104
      7.499     0.750      0.94059956          0.71855985E-01       928
      8.414     0.750      0.67899619          0.60205521E-01       731
      9.441     0.750      0.58950301          0.53017539E-01       675
      0.106     0.850       698.62381           10.628015         27565
      0.119     0.850       678.49784           10.269468         27462
      0.133     0.850       630.93730           9.8304269         27609
      0.150     0.850       580.92215           9.1135519         27439
      0.168     0.850       530.93021           8.4061982         27107
      0.188     0.850       470.34331           7.5477100         26494
      0.211     0.850       430.53725           7.0139971         25701
      0.237     0.850       385.47632           6.2220358         25124
      0.266     0.850       347.37707           5.8787402         24021
      0.299     0.850       324.69337           5.5803097         23296
      0.335     0.850       273.06297           4.8946860         21978
      0.376     0.850       235.84864           4.3500173         20699
      0.422     0.850       209.45875           3.9812139         19362
      0.473     0.850       176.11907           3.4488593         18081
      0.531     0.850       152.40640           3.2992429         16812
      0.596     0.850       128.45850           2.8497424         15429
      0.668     0.850       106.15149           2.5126474         14149
      0.750     0.850       89.441264           2.1782232         12978
      0.841     0.850       73.345645           1.8674248         11486
      0.944     0.850       61.820935           1.7058291         10613
      1.059     0.850       52.327926           1.5415651          9680
      1.189     0.850       42.497297           1.2976120          8373
      1.334     0.850       35.050123           1.1705924          7697
      1.496     0.850       26.515966          0.90622150          6781
      1.679     0.850       21.364947          0.79813875          5990
      1.884     0.850       16.816248          0.64060621          5348
      2.113     0.850       13.867823          0.57794101          4523
      2.371     0.850       11.007465          0.48868508          3974
      2.661     0.850       9.0265127          0.45490232          3510
      2.985     0.850       7.1577694          0.37898989          3104
      3.350     0.850       4.7604752          0.26948288          2550
      3.758     0.850       4.3639305          0.26447760          2240
      4.217     0.850       3.2674651          0.21712885          1887
      4.732     0.850       2.9450777          0.19855800          1677
      5.309     0.850       2.0712308          0.15000271          1387
      5.957     0.850       1.3188740          0.93201725E-01      1161
      6.683     0.850       1.0446011          0.88153459E-01      1004
      7.499     0.850       1.0275782          0.10464895           843
      8.414     0.850      0.65770335          0.66550033E-01       680
      9.441     0.850      0.45593568          0.50476805E-01       567
      0.106     0.950       691.68691           10.251456         27524
      0.119     0.950       640.83189           9.6977771         27454
      0.133     0.950       619.09871           9.4463450         27820
      0.150     0.950       572.94362           8.7122977         27603
      0.168     0.950       523.91602           8.2290859         27037
      0.188     0.950       472.69722           7.5931242         26206
      0.211     0.950       436.86046           7.0519983         25954
      0.237     0.950       383.72218           6.3928691         24796
      0.266     0.950       347.13467           5.7580294         23956
      0.299     0.950       297.99716           5.1297646         22402
      0.335     0.950       265.45372           4.8212564         21450
      0.376     0.950       235.97888           4.4278354         20027
      0.422     0.950       203.93933           3.9260386         18900
      0.473     0.950       185.17507           3.7577251         17726
      0.531     0.950       146.10295           3.1246964         15898
      0.596     0.950       122.74014           2.7890901         14547
      0.668     0.950       100.69743           2.3757225         13465
      0.750     0.950       87.438241           2.1895822         12444
      0.841     0.950       70.902424           1.8748605         11245
      0.944     0.950       57.380397           1.5803357         10043
      1.059     0.950       48.783718           1.4601986          8980
      1.189     0.950       37.392052           1.1882071          7859
      1.334     0.950       31.408825           1.0645174          7132
      1.496     0.950       24.489861          0.89190732          6241
      1.679     0.950       19.933555          0.72626953          5574
      1.884     0.950       15.361853          0.62300144          4841
      2.113     0.950       12.905528          0.59942731          4190
      2.371     0.950       10.228144          0.46641619          3774
      2.661     0.950       7.4742230          0.36796538          3183
      2.985     0.950       6.2940603          0.34924644          2685
      3.350     0.950       4.9057677          0.31130876          2313
      3.758     0.950       3.3869092          0.20224492          2015
      4.217     0.950       3.0944919          0.20332725          1773
      4.732     0.950       2.1877166          0.16734185          1505
      5.309     0.950       1.7468159          0.13517471          1246
      5.957     0.950       1.3071301          0.11756146          1048
      6.683     0.950      0.92821776          0.77397324E-01       934
      7.499     0.950      0.71022469          0.61679894E-01       766
      8.414     0.950      0.52336489          0.42469037E-01       677
      9.441     0.950      0.54462989          0.56047632E-01       576
