 # tables0/fmin10_0401z.sou_nue   
      0.112    -0.950       571.82998           6.7835969         52991
      0.141    -0.950       519.29215           6.2685972         53254
      0.178    -0.950       462.52568           5.6183975         52283
      0.224    -0.950       383.80659           4.7732850         49606
      0.282    -0.950       310.04144           4.0021134         45993
      0.355    -0.950       252.23455           3.3603157         41799
      0.447    -0.950       196.27691           2.8069949         36690
      0.562    -0.950       152.92819           2.3462727         31573
      0.708    -0.950       106.30284           1.7655531         26117
      0.891    -0.950       74.535744           1.3743971         21634
      1.122    -0.950       50.473858           1.0398763         17329
      1.413    -0.950       34.407881          0.82025697         13757
      1.778    -0.950       22.484030          0.59073747         10802
      2.239    -0.950       14.139491          0.43513244          8101
      2.818    -0.950       8.9314752          0.32718770          6098
      3.548    -0.950       5.4862997          0.22910565          4501
      4.467    -0.950       3.2846614          0.15426683          3280
      5.623    -0.950       1.7789292          0.10330298          2371
      7.079    -0.950       1.2557984          0.78308147E-01      1831
      8.913    -0.950      0.58610251          0.43674570E-01      1252
      0.112    -0.850       359.20934           4.6053727         48420
      0.141    -0.850       339.91460           4.3220184         50125
      0.178    -0.850       307.23827           3.9493907         49310
      0.224    -0.850       265.47486           3.3730337         47863
      0.282    -0.850       230.21389           2.9931542         45355
      0.355    -0.850       194.86201           2.5876215         41587
      0.447    -0.850       154.21829           2.2050942         36721
      0.562    -0.850       121.28680           1.8363894         31855
      0.708    -0.850       91.724113           1.4803417         27482
      0.891    -0.850       67.601704           1.1954746         22490
      1.122    -0.850       46.768471          0.90412431         18368
      1.413    -0.850       32.558869          0.73208813         14724
      1.778    -0.850       22.012320          0.55892372         11743
      2.239    -0.850       15.229700          0.43690739          8812
      2.818    -0.850       8.9733305          0.30623947          6899
      3.548    -0.850       5.6461824          0.21197003          5040
      4.467    -0.850       3.7359270          0.16608708          3653
      5.623    -0.850       2.0833865          0.11067658          2650
      7.079    -0.850       1.3090073          0.79838664E-01      1946
      8.913    -0.850      0.71642439          0.50149491E-01      1348
      0.112    -0.750       216.46197           2.3362427         45087
      0.141    -0.750       216.21580           2.2895731         47099
      0.178    -0.750       210.13195           2.2539600         47256
      0.224    -0.750       197.83435           2.1531195         46556
      0.282    -0.750       180.58578           2.0144079         44658
      0.355    -0.750       159.69910           1.8479811         41720
      0.447    -0.750       133.99467           1.6531388         37459
      0.562    -0.750       108.19882           1.4457991         33017
      0.708    -0.750       85.172842           1.2316610         28443
      0.891    -0.750       68.328834           1.1197006         24122
      1.122    -0.750       49.403341          0.90845503         19623
      1.413    -0.750       33.886692          0.69561784         15986
      1.778    -0.750       24.250853          0.57210415         12572
      2.239    -0.750       16.125492          0.44606682          9565
      2.818    -0.750       10.662117          0.34313356          7325
      3.548    -0.750       6.3418371          0.23395072          5541
      4.467    -0.750       3.7445338          0.16466256          4073
      5.623    -0.750       2.3571773          0.12504846          2908
      7.079    -0.750       1.3118636          0.66638013E-01      2157
      8.913    -0.750      0.79236398          0.49063783E-01      1549
      0.112    -0.650       225.14884           2.7595845         42978
      0.141    -0.650       228.77639           2.7257182         45292
      0.178    -0.650       219.46169           2.5714184         46432
      0.224    -0.650       205.61234           2.3965377         46273
      0.282    -0.650       183.50433           2.1838500         44393
      0.355    -0.650       160.47678           1.9643059         41839
      0.447    -0.650       136.02607           1.7399962         38041
      0.562    -0.650       113.81147           1.5526490         34074
      0.708    -0.650       90.365204           1.3329594         29568
      0.891    -0.650       69.205658           1.1030414         25029
      1.122    -0.650       50.350019          0.89019611         20925
      1.413    -0.650       38.480049          0.75058019         17372
      1.778    -0.650       26.053169          0.58937739         13553
      2.239    -0.650       16.991372          0.43863056         10499
      2.818    -0.650       10.818640          0.31993031          8015
      3.548    -0.650       7.1060060          0.24344443          6258
      4.467    -0.650       4.2845780          0.17827943          4506
      5.623    -0.650       2.5145711          0.12276242          3285
      7.079    -0.650       1.7710368          0.92825529E-01      2455
      8.913    -0.650      0.89330363          0.56778770E-01      1700
      0.112    -0.550       336.74017           4.9842408         41494
      0.141    -0.550       321.20795           4.7357576         43642
      0.178    -0.550       294.10657           4.3211884         44904
      0.224    -0.550       261.34690           3.7886136         44562
      0.282    -0.550       228.46586           3.2736404         43675
      0.355    -0.550       193.35642           2.7350687         41945
      0.447    -0.550       155.52394           2.1663052         38426
      0.562    -0.550       131.72059           1.9730526         34531
      0.708    -0.550       99.181345           1.5501417         30259
      0.891    -0.550       77.060812           1.2609936         26263
      1.122    -0.550       58.045076           1.0548660         22248
      1.413    -0.550       41.058917          0.79801262         18163
      1.778    -0.550       28.419178          0.62285232         14804
      2.239    -0.550       19.227782          0.47035520         11479
      2.818    -0.550       12.785287          0.37122960          8893
      3.548    -0.550       8.5383513          0.29142835          6895
      4.467    -0.550       4.9911619          0.19398338          5096
      5.623    -0.550       3.1225318          0.13525189          3860
      7.079    -0.550       1.6831453          0.86356799E-01      2733
      8.913    -0.550       1.1947326          0.71262265E-01      2028
      0.112    -0.450       438.95112           6.7947307         39542
      0.141    -0.450       405.63442           6.4104064         41545
      0.178    -0.450       365.36760           5.4160719         43098
      0.224    -0.450       316.14393           4.6668108         43508
      0.282    -0.450       277.21282           4.1267479         42623
      0.355    -0.450       233.51865           3.5203849         40989
      0.447    -0.450       188.28529           2.8346322         38221
      0.562    -0.450       150.40447           2.3036675         35120
      0.708    -0.450       112.13271           1.7245496         31259
      0.891    -0.450       89.303638           1.4966083         27203
      1.122    -0.450       66.035827           1.1621177         23484
      1.413    -0.450       46.157880          0.91616723         19384
      1.778    -0.450       32.901557          0.71553907         15579
      2.239    -0.450       21.296382          0.51838906         12539
      2.818    -0.450       14.738661          0.40815911         10109
      3.548    -0.450       10.502122          0.32635441          7654
      4.467    -0.450       6.2855899          0.21175754          5937
      5.623    -0.450       3.8659601          0.16464847          4327
      7.079    -0.450       2.0686295          0.99150954E-01      3151
      8.913    -0.450       1.2133568          0.66412831E-01      2153
      0.112    -0.350       588.90289           9.1824919         36890
      0.141    -0.350       537.04079           8.0406815         39024
      0.178    -0.350       483.17938           7.4831849         40291
      0.224    -0.350       388.05694           5.7025994         40630
      0.282    -0.350       333.40591           4.9482165         40352
      0.355    -0.350       286.57885           4.2968829         39156
      0.447    -0.350       227.05733           3.4477651         37215
      0.562    -0.350       178.69998           2.7715346         34445
      0.708    -0.350       137.88401           2.1762240         31083
      0.891    -0.350       105.79220           1.7738153         27428
      1.122    -0.350       76.406881           1.3650890         23686
      1.413    -0.350       53.628161           1.0671687         20190
      1.778    -0.350       39.268378          0.83624180         16978
      2.239    -0.350       26.329353          0.62929761         13776
      2.818    -0.350       16.884239          0.45298604         10729
      3.548    -0.350       11.072015          0.33600953          8538
      4.467    -0.350       6.8924345          0.23215270          6560
      5.623    -0.350       4.3546274          0.17318359          5150
      7.079    -0.350       2.7296627          0.12191847          3737
      8.913    -0.350       1.6100048          0.73736702E-01      2845
      0.112    -0.250       820.88834           12.686362         33060
      0.141    -0.250       759.85439           11.751391         34687
      0.178    -0.250       674.16622           10.269711         36110
      0.224    -0.250       544.11353           8.4553922         35957
      0.282    -0.250       444.97801           6.9680833         35758
      0.355    -0.250       365.04498           5.7496894         34941
      0.447    -0.250       286.05058           4.5943603         33439
      0.562    -0.250       225.89322           3.8813104         31186
      0.708    -0.250       166.93748           2.8532071         28923
      0.891    -0.250       121.72269           2.1084270         25738
      1.122    -0.250       88.675801           1.6634536         23102
      1.413    -0.250       65.219633           1.2697607         19972
      1.778    -0.250       43.763779          0.95096718         16671
      2.239    -0.250       29.700898          0.74200663         14025
      2.818    -0.250       19.527654          0.51465090         11616
      3.548    -0.250       12.802657          0.36401364          9434
      4.467    -0.250       8.2263556          0.26706495          7291
      5.623    -0.250       5.0825058          0.18066743          5679
      7.079    -0.250       3.2192362          0.12331951          4234
      8.913    -0.250       2.0923543          0.93456258E-01      3055
      0.112    -0.150       1298.0679           21.341104         26848
      0.141    -0.150       1169.1664           19.499202         28053
      0.178    -0.150       989.50147           16.649690         28344
      0.224    -0.150       772.27252           13.329064         28084
      0.282    -0.150       661.48475           12.011003         27853
      0.355    -0.150       500.19541           9.4296123         26631
      0.447    -0.150       373.09743           7.2551278         25824
      0.562    -0.150       282.79151           5.7661402         23906
      0.708    -0.150       203.19428           4.3668521         22278
      0.891    -0.150       145.37049           3.0344677         20443
      1.122    -0.150       102.48882           2.3323885         18508
      1.413    -0.150       70.113356           1.6117236         16330
      1.778    -0.150       50.554630           1.2393428         14156
      2.239    -0.150       34.225627          0.93404162         12311
      2.818    -0.150       21.548758          0.61546393         10344
      3.548    -0.150       15.992623          0.50866879          8652
      4.467    -0.150       10.310575          0.34226785          6874
      5.623    -0.150       6.6078715          0.23775611          5572
      7.079    -0.150       4.1923780          0.17050501          4260
      8.913    -0.150       2.7115188          0.12377535          3355
      0.112    -0.050       2219.7056           63.683106         13468
      0.141    -0.050       1980.4812           59.643696         13484
      0.178    -0.050       1640.8525           52.228550         13446
      0.224    -0.050       1202.2352           45.686062         12816
      0.282    -0.050       956.22720           35.535965         12566
      0.355    -0.050       698.43840           26.334849         11774
      0.447    -0.050       523.64599           20.595263         11048
      0.562    -0.050       334.67852           15.563369         10091
      0.708    -0.050       233.48328           10.670367          9214
      0.891    -0.050       177.32605           7.6797455          8534
      1.122    -0.050       116.60963           4.7611458          7722
      1.413    -0.050       79.775057           3.3172429          6813
      1.778    -0.050       59.318779           3.2609069          6199
      2.239    -0.050       37.246461           2.0547138          5336
      2.818    -0.050       24.594576           1.1852503          4649
      3.548    -0.050       16.492244          0.93979593          4011
      4.467    -0.050       11.412857          0.71108670          3188
      5.623    -0.050       8.5650992          0.70560167          2771
      7.079    -0.050       5.2194640          0.35016126          2231
      8.913    -0.050       3.7711014          0.32820847          1789
      0.112     0.050       2288.5086           66.452053         13418
      0.141     0.050       1930.7546           58.703431         13436
      0.178     0.050       1696.6891           54.740832         13184
      0.224     0.050       1303.4792           46.142356         12719
      0.282     0.050       971.96107           36.163820         12099
      0.355     0.050       723.70825           26.616727         11684
      0.447     0.050       502.77509           20.000805         10968
      0.562     0.050       328.89721           15.088511         10158
      0.708     0.050       233.59768           9.9483302          9096
      0.891     0.050       175.09927           8.7483004          8425
      1.122     0.050       115.01865           4.6540530          7660
      1.413     0.050       83.556527           3.9653908          6842
      1.778     0.050       53.381781           2.4690025          6058
      2.239     0.050       39.118542           2.0635786          5372
      2.818     0.050       24.462026           1.2912424          4584
      3.548     0.050       17.181490           1.0018616          3881
      4.467     0.050       11.458180          0.72097710          3238
      5.623     0.050       8.2349845          0.48006373          2659
      7.079     0.050       4.7971139          0.38608842          2136
      8.913     0.050       3.7314911          0.33182601          1749
      0.112     0.150       1608.5935           26.097271         27872
      0.141     0.150       1372.2558           23.219716         28501
      0.178     0.150       1136.0504           19.974796         28762
      0.224     0.150       875.20884           15.890474         28237
      0.282     0.150       667.34291           12.057096         27857
      0.355     0.150       517.69850           9.9441371         26789
      0.447     0.150       407.86839           8.4616784         25157
      0.562     0.150       279.01079           5.6986975         24178
      0.708     0.150       199.75657           4.2585084         21895
      0.891     0.150       135.85575           2.8584711         20169
      1.122     0.150       100.06908           2.2594022         18235
      1.413     0.150       73.140854           1.7764093         16356
      1.778     0.150       48.514885           1.2263591         14084
      2.239     0.150       33.938198          0.88237080         12184
      2.818     0.150       22.036101          0.67049081         10047
      3.548     0.150       15.016264          0.45129173          8301
      4.467     0.150       10.042459          0.32465241          6893
      5.623     0.150       6.1547548          0.23004179          5375
      7.079     0.150       3.8832038          0.15111568          4301
      8.913     0.150       2.5606356          0.11677703          3178
      0.112     0.250       1260.9138           17.998555         35705
      0.141     0.250       1106.6432           15.826119         37024
      0.178     0.250       915.95202           13.699583         37128
      0.224     0.250       742.64991           11.677914         37231
      0.282     0.250       588.65272           9.2631695         36780
      0.355     0.250       445.52154           7.2541394         35486
      0.447     0.250       340.10608           5.6600181         33505
      0.562     0.250       245.05539           4.3676759         31736
      0.708     0.250       181.60698           3.2396764         29100
      0.891     0.250       129.82309           2.3585113         25602
      1.122     0.250       93.974635           1.8720919         22914
      1.413     0.250       64.989347           1.3236932         19762
      1.778     0.250       44.062076          0.98594034         16619
      2.239     0.250       31.047771          0.75015299         13768
      2.818     0.250       21.237727          0.58377841         11437
      3.548     0.250       12.299474          0.34705268          9010
      4.467     0.250       8.4350929          0.26999390          7008
      5.623     0.250       5.3868138          0.18922463          5516
      7.079     0.250       3.2799906          0.13705669          4138
      8.913     0.250       2.1463921          0.10061984          3074
      0.112     0.350       1098.2467           14.561455         41396
      0.141     0.350       949.81625           12.757966         42985
      0.178     0.350       811.47373           11.104929         44188
      0.224     0.350       655.47408           9.0476761         44003
      0.282     0.350       524.79756           7.5325935         43019
      0.355     0.350       434.34722           6.4655977         41728
      0.447     0.350       318.34255           4.9091875         38991
      0.562     0.350       227.06669           3.5586030         35400
      0.708     0.350       169.20481           2.6428844         32172
      0.891     0.350       124.00220           2.1688843         28161
      1.122     0.350       85.196636           1.5614593         24172
      1.413     0.350       61.489240           1.2270236         20507
      1.778     0.350       41.279818          0.90216282         17047
      2.239     0.350       27.472988          0.66090602         14053
      2.818     0.350       16.913326          0.44410951         10885
      3.548     0.350       11.258539          0.33794570          8482
      4.467     0.350       6.9818102          0.24096198          6530
      5.623     0.350       4.2849933          0.16033342          4978
      7.079     0.350       2.6364463          0.12077620          3634
      8.913     0.350       1.7064731          0.90622510E-01      2671
      0.112     0.450       1024.0164           12.575508         45934
      0.141     0.450       892.97337           11.125779         48406
      0.178     0.450       765.95129           9.7139199         49199
      0.224     0.450       627.55707           8.2171349         48541
      0.282     0.450       493.02892           6.6240355         47048
      0.355     0.450       403.65462           5.6218205         44332
      0.447     0.450       304.72673           4.3754244         41041
      0.562     0.450       221.19427           3.2638944         37168
      0.708     0.450       159.18920           2.4735689         32839
      0.891     0.450       116.90452           1.9559266         28684
      1.122     0.450       80.951243           1.4680854         23970
      1.413     0.450       56.289890           1.1103075         19874
      1.778     0.450       37.979215          0.83730314         16024
      2.239     0.450       24.618787          0.62313586         12861
      2.818     0.450       15.123474          0.42127537         10072
      3.548     0.450       10.206031          0.32738997          7887
      4.467     0.450       5.6058041          0.20156246          5775
      5.623     0.450       3.7574506          0.15096683          4344
      7.079     0.450       2.2129439          0.11640824          3164
      8.913     0.450       1.2092459          0.64310609E-01      2308
      0.112     0.550       971.28392           11.358840         50784
      0.141     0.550       858.86232           10.279826         51894
      0.178     0.550       739.63844           8.9253988         52351
      0.224     0.550       607.96264           7.5046457         51286
      0.282     0.550       472.07836           5.9879322         48785
      0.355     0.550       373.33096           5.0603329         46002
      0.447     0.550       290.91229           4.1552420         41769
      0.562     0.550       217.33746           3.2803699         37012
      0.708     0.550       148.02671           2.3442424         31782
      0.891     0.550       105.69915           1.7564339         26918
      1.122     0.550       75.783490           1.3962258         22971
      1.413     0.550       50.376518           1.0258936         18537
      1.778     0.550       33.796940          0.79342633         14912
      2.239     0.550       20.817390          0.55788301         11640
      2.818     0.550       13.682832          0.40415933          9124
      3.548     0.550       8.0861535          0.26013270          6853
      4.467     0.550       5.4119977          0.21519708          5078
      5.623     0.550       3.2359815          0.14341257          3784
      7.079     0.550       1.8993908          0.89560544E-01      2792
      8.913     0.550       1.2373093          0.78451241E-01      1992
      0.112     0.650       943.05769           10.766459         53312
      0.141     0.650       844.01479           9.7000764         54751
      0.178     0.650       713.66761           8.3452233         54566
      0.224     0.650       581.53706           7.0674432         52803
      0.282     0.650       459.95285           5.9266497         49696
      0.355     0.650       364.03164           4.6945962         46259
      0.447     0.650       276.22061           3.9006973         40861
      0.562     0.650       200.24965           2.9689781         36260
      0.708     0.650       147.90837           2.3061891         31198
      0.891     0.650       103.59012           1.7924813         25810
      1.122     0.650       69.028989           1.3085769         21348
      1.413     0.650       46.852410           1.0141217         17309
      1.778     0.650       30.385034          0.75118080         13769
      2.239     0.650       19.562803          0.55920242         10676
      2.818     0.650       11.964155          0.37565731          8116
      3.548     0.650       7.6714568          0.27452003          6131
      4.467     0.650       4.5523448          0.18950367          4611
      5.623     0.650       2.8200943          0.13359465          3326
      7.079     0.650       1.7915508          0.91747378E-01      2481
      8.913     0.650      0.87123204          0.52186933E-01      1750
      0.112     0.750       915.23454           10.131325         55454
      0.141     0.750       814.37010           9.2313903         56031
      0.178     0.750       700.27531           8.0987072         55317
      0.224     0.750       568.77057           6.8081823         53266
      0.282     0.750       453.91844           5.6978011         49561
      0.355     0.750       345.47804           4.5732356         44822
      0.447     0.750       267.25735           3.7667540         39959
      0.562     0.750       189.20956           2.8097928         34684
      0.708     0.750       135.90478           2.1794918         29658
      0.891     0.750       92.895094           1.6400033         24433
      1.122     0.750       63.092896           1.2365166         19703
      1.413     0.750       42.542567          0.93463911         15876
      1.778     0.750       29.422377          0.74969022         12737
      2.239     0.750       18.028723          0.51278242          9838
      2.818     0.750       11.674877          0.39251209          7465
      3.548     0.750       6.9949944          0.26119582          5554
      4.467     0.750       4.2809608          0.18522089          4214
      5.623     0.750       2.4710478          0.12652001          2870
      7.079     0.750       1.4642833          0.82483843E-01      2161
      8.913     0.750      0.81984314          0.55860706E-01      1462
      0.112     0.850       889.50068           9.6099322         56820
      0.141     0.850       787.92541           8.7936462         56967
      0.178     0.850       691.40495           7.9296477         55891
      0.224     0.850       542.28910           6.5114881         52571
      0.282     0.850       432.57003           5.3742690         48856
      0.355     0.850       344.89942           4.5501825         44340
      0.447     0.850       253.88602           3.6027507         38657
      0.562     0.850       183.56275           2.8238501         33542
      0.708     0.850       126.24438           2.0735143         27974
      0.891     0.850       91.611382           1.6620913         23456
      1.122     0.850       61.899867           1.2801656         18878
      1.413     0.850       39.421446          0.90394804         14922
      1.778     0.850       26.289886          0.68234307         11708
      2.239     0.850       16.650989          0.51249409          8881
      2.818     0.850       9.7403332          0.33906231          6841
      3.548     0.850       6.1031235          0.24285157          4954
      4.467     0.850       3.8242570          0.17080168          3806
      5.623     0.850       2.3170065          0.11921135          2790
      7.079     0.850       1.3943638          0.90284818E-01      2016
      8.913     0.850      0.79449796          0.59599474E-01      1364
      0.112     0.950       879.72423           9.4256993         56954
      0.141     0.950       774.52372           8.5410339         57021
      0.178     0.950       649.57226           7.4097118         55143
      0.224     0.950       538.64151           6.4702835         51838
      0.282     0.950       420.24623           5.2336545         47646
      0.355     0.950       324.36606           4.2869285         42837
      0.447     0.950       239.62464           3.4374511         37430
      0.562     0.950       174.85814           2.6880554         31797
      0.708     0.950       122.37784           2.0050615         26736
      0.891     0.950       85.052995           1.6105886         21603
      1.122     0.950       56.436735           1.1937398         17508
      1.413     0.950       37.592268          0.91750277         13733
      1.778     0.950       25.460230          0.69632806         10499
      2.239     0.950       15.047821          0.46276007          8292
      2.818     0.950       9.0195460          0.33166480          6070
      3.548     0.950       5.3483258          0.22293460          4407
      4.467     0.950       3.4201622          0.16060790          3409
      5.623     0.950       1.9477238          0.11206232          2399
      7.079     0.950       1.2095332          0.76260689E-01      1741
      8.913     0.950      0.77693044          0.60992359E-01      1203
