 # fmin20_0311z.kam_nbm   
      0.106    -0.950       783.26935           9.0540574         51721
      0.119    -0.950       761.95228           8.9215376         52680
      0.133    -0.950       736.54473           8.5638811         53753
      0.150    -0.950       691.90997           7.9038176         54238
      0.168    -0.950       654.27165           7.5365263         54164
      0.188    -0.950       616.09894           7.0086839         54593
      0.211    -0.950       598.90627           6.8508842         54160
      0.237    -0.950       553.45266           6.2488682         53242
      0.266    -0.950       509.17835           5.8296714         52156
      0.299    -0.950       476.35978           5.6966407         50627
      0.335    -0.950       434.90312           5.1330780         48821
      0.376    -0.950       400.02060           4.8268466         47438
      0.422    -0.950       353.23189           4.3905599         45186
      0.473    -0.950       312.14015           4.0563764         42774
      0.531    -0.950       271.12072           3.6149288         40517
      0.596    -0.950       242.07316           3.3338131         38413
      0.668    -0.950       213.60757           3.0147733         36144
      0.750    -0.950       183.04541           2.7009531         33841
      0.841    -0.950       156.25090           2.3795488         31577
      0.944    -0.950       134.98930           2.1923407         29349
      1.059    -0.950       116.41715           1.9690951         27223
      1.189    -0.950       95.858850           1.7097974         24934
      1.334    -0.950       84.135472           1.5673714         23376
      1.496    -0.950       70.117848           1.3708457         21198
      1.679    -0.950       57.003980           1.1978599         19309
      1.884    -0.950       47.400170           1.0345838         17550
      2.113    -0.950       38.507958          0.89922929         16070
      2.371    -0.950       31.581385          0.77317906         14649
      2.661    -0.950       26.920992          0.68885339         13145
      2.985    -0.950       20.454205          0.55404055         11898
      3.350    -0.950       16.406223          0.44662875         10580
      3.758    -0.950       14.086258          0.43076661          9560
      4.217    -0.950       11.015840          0.32753855          8593
      4.732    -0.950       8.8687915          0.29100595          7644
      5.309    -0.950       7.1528761          0.24755518          6821
      5.957    -0.950       5.8614131          0.20327273          6065
      6.683    -0.950       4.8073842          0.18325621          5328
      7.499    -0.950       4.0404162          0.16069686          4686
      8.414    -0.950       3.0513887          0.12907137          4154
      9.441    -0.950       2.3573701          0.94317907E-01      3684
      0.106    -0.850       838.88593           10.447948         50256
      0.119    -0.850       806.33786           9.9793612         51128
      0.133    -0.850       777.74577           9.6870282         51983
      0.150    -0.850       728.49963           8.9798806         52514
      0.168    -0.850       683.66727           8.2925304         53204
      0.188    -0.850       663.12577           7.9732883         53231
      0.211    -0.850       620.66295           7.5449568         52955
      0.237    -0.850       573.99457           7.0607825         52499
      0.266    -0.850       526.11924           6.4358795         51595
      0.299    -0.850       477.63076           5.8238298         50068
      0.335    -0.850       439.98019           5.3880949         48868
      0.376    -0.850       402.73036           5.0284099         46715
      0.422    -0.850       355.94969           4.5243313         45261
      0.473    -0.850       319.42867           4.2315739         42655
      0.531    -0.850       278.39662           3.7424105         40753
      0.596    -0.850       242.91887           3.3253607         38541
      0.668    -0.850       216.36617           3.0882642         36391
      0.750    -0.850       190.70814           2.7919139         34391
      0.841    -0.850       164.14627           2.5906452         31983
      0.944    -0.850       135.48776           2.1796299         29596
      1.059    -0.850       121.63286           2.0394253         27461
      1.189    -0.850       98.496016           1.7503013         25435
      1.334    -0.850       85.437286           1.5627553         23416
      1.496    -0.850       70.802333           1.3716776         21519
      1.679    -0.850       58.050798           1.2171471         19917
      1.884    -0.850       48.885586           1.0630252         17959
      2.113    -0.850       40.356713          0.91740283         16403
      2.371    -0.850       31.417156          0.72672052         15076
      2.661    -0.850       27.441097          0.69228726         13370
      2.985    -0.850       22.045665          0.57789561         12104
      3.350    -0.850       18.455544          0.50836911         10943
      3.758    -0.850       14.936244          0.42931930          9916
      4.217    -0.850       11.419052          0.33954654          8904
      4.732    -0.850       9.5659685          0.28416911          8017
      5.309    -0.850       7.1580640          0.23624219          6874
      5.957    -0.850       6.1323465          0.20991517          6171
      6.683    -0.850       4.7427346          0.17224855          5372
      7.499    -0.850       4.0369960          0.15314367          4791
      8.414    -0.850       3.2582410          0.12513728          4312
      9.441    -0.850       2.5227808          0.11481078          3668
      0.106    -0.750       956.36590           11.795373         48521
      0.119    -0.750       934.59620           11.574646         50348
      0.133    -0.750       876.30934           10.651314         51285
      0.150    -0.750       823.71975           10.209705         51790
      0.168    -0.750       766.90819           9.3971203         51985
      0.188    -0.750       713.66441           8.5402272         52413
      0.211    -0.750       678.64934           8.2271739         51805
      0.237    -0.750       623.83108           7.6997331         51888
      0.266    -0.750       573.61505           7.1075512         50760
      0.299    -0.750       525.94842           6.5145355         49347
      0.335    -0.750       484.05150           6.0166882         48320
      0.376    -0.750       437.22334           5.4980715         46562
      0.422    -0.750       381.95543           4.9709294         44618
      0.473    -0.750       342.70383           4.5881961         43088
      0.531    -0.750       288.78141           3.9278188         40117
      0.596    -0.750       260.83231           3.6764730         38501
      0.668    -0.750       230.52191           3.2961748         36384
      0.750    -0.750       189.70004           2.8135590         33872
      0.841    -0.750       168.46190           2.6426543         31678
      0.944    -0.750       146.04377           2.3787622         29529
      1.059    -0.750       120.85487           2.0372478         27465
      1.189    -0.750       101.70817           1.8009400         25391
      1.334    -0.750       88.485450           1.6224108         23847
      1.496    -0.750       71.556033           1.4278358         21672
      1.679    -0.750       61.816330           1.2644960         20088
      1.884    -0.750       51.451295           1.1074934         18241
      2.113    -0.750       44.381770           1.0303052         16741
      2.371    -0.750       34.670453          0.83785998         15187
      2.661    -0.750       27.702499          0.68506162         13815
      2.985    -0.750       23.547037          0.62617640         12417
      3.350    -0.750       17.714521          0.47733464         11029
      3.758    -0.750       14.834211          0.41567689          9905
      4.217    -0.750       11.626011          0.32962353          8958
      4.732    -0.750       9.2284670          0.28851498          7999
      5.309    -0.750       7.7983276          0.26656749          7078
      5.957    -0.750       5.9706187          0.19930725          6327
      6.683    -0.750       5.0069699          0.17863034          5643
      7.499    -0.750       4.4214942          0.16440209          5022
      8.414    -0.750       3.3698365          0.14024062          4341
      9.441    -0.750       2.6008081          0.10252638          3979
      0.106    -0.650       976.89757           12.452642         45967
      0.119    -0.650       956.71641           12.097971         47664
      0.133    -0.650       880.74488           11.364219         48003
      0.150    -0.650       822.32350           10.418460         49146
      0.168    -0.650       778.42042           9.8088656         49537
      0.188    -0.650       713.19954           8.9476214         49696
      0.211    -0.650       689.01059           8.5545117         49886
      0.237    -0.650       630.16496           8.0221597         50060
      0.266    -0.650       586.16942           7.4590125         49128
      0.299    -0.650       534.69919           6.9565531         47772
      0.335    -0.650       479.67117           6.1936809         46828
      0.376    -0.650       432.49137           5.7977279         45543
      0.422    -0.650       388.44648           5.2034461         43777
      0.473    -0.650       345.13467           4.7034977         42154
      0.531    -0.650       299.45088           4.2525512         40016
      0.596    -0.650       266.04950           3.8523308         37981
      0.668    -0.650       231.56662           3.3648031         35738
      0.750    -0.650       197.91749           2.9874500         33774
      0.841    -0.650       173.38309           2.7672951         31535
      0.944    -0.650       148.53080           2.4691556         29697
      1.059    -0.650       128.25094           2.1415822         27698
      1.189    -0.650       109.61863           1.9230078         25651
      1.334    -0.650       88.989113           1.6412951         23411
      1.496    -0.650       76.219855           1.4935444         21880
      1.679    -0.650       61.667311           1.2616152         19833
      1.884    -0.650       53.797358           1.1644796         18073
      2.113    -0.650       43.647799          0.98783880         16653
      2.371    -0.650       35.098844          0.83403297         14932
      2.661    -0.650       28.448573          0.70309273         13699
      2.985    -0.650       24.393553          0.62301381         12659
      3.350    -0.650       20.550094          0.56528246         11498
      3.758    -0.650       16.065472          0.44675472         10135
      4.217    -0.650       13.027278          0.36537819          9166
      4.732    -0.650       10.097164          0.32413219          8085
      5.309    -0.650       7.9496021          0.25468207          7178
      5.957    -0.650       6.7297274          0.23681918          6510
      6.683    -0.650       5.2913859          0.20098639          5620
      7.499    -0.650       4.4910679          0.16098529          5081
      8.414    -0.650       3.6302543          0.14333252          4456
      9.441    -0.650       2.5999799          0.10195049          3904
      0.106    -0.550       878.92487           12.219599         42148
      0.119    -0.550       846.74242           11.653583         43282
      0.133    -0.550       792.75083           10.907396         44481
      0.150    -0.550       757.72111           10.490353         44809
      0.168    -0.550       703.30558           9.5231307         45738
      0.188    -0.550       658.86783           8.8681231         46405
      0.211    -0.550       616.81877           8.2581573         46448
      0.237    -0.550       589.42979           7.9430412         46285
      0.266    -0.550       535.81233           7.0369654         46170
      0.299    -0.550       485.04622           6.4110456         45295
      0.335    -0.550       447.48259           6.0472534         44348
      0.376    -0.550       413.06577           5.7130566         43521
      0.422    -0.550       361.86649           4.8585760         41967
      0.473    -0.550       326.37508           4.5296534         40549
      0.531    -0.550       289.77219           4.0964527         38532
      0.596    -0.550       253.84492           3.6834922         37039
      0.668    -0.550       225.35986           3.3760658         34837
      0.750    -0.550       195.75041           2.9540115         33321
      0.841    -0.550       168.37662           2.6432071         31184
      0.944    -0.550       144.23517           2.3381911         29150
      1.059    -0.550       123.40772           2.0948214         27017
      1.189    -0.550       107.19001           1.8674580         25215
      1.334    -0.550       90.942969           1.6909221         23818
      1.496    -0.550       74.913564           1.4262648         21686
      1.679    -0.550       61.964348           1.2347734         19655
      1.884    -0.550       53.907418           1.1313787         18381
      2.113    -0.550       44.107528          0.95667441         16613
      2.371    -0.550       35.396774          0.81616100         15282
      2.661    -0.550       31.000879          0.72866370         13944
      2.985    -0.550       23.872015          0.60950601         12452
      3.350    -0.550       20.779388          0.53535589         11320
      3.758    -0.550       16.375367          0.45270378         10181
      4.217    -0.550       12.929303          0.38136169          8957
      4.732    -0.550       11.736273          0.35075309          8217
      5.309    -0.550       8.4992566          0.25906745          7410
      5.957    -0.550       7.0777419          0.23553651          6398
      6.683    -0.550       5.9044803          0.20490370          5785
      7.499    -0.550       4.7675059          0.17581983          5143
      8.414    -0.550       3.6498356          0.13061623          4585
      9.441    -0.550       3.0794639          0.12251739          4022
      0.106    -0.450       844.33827           12.972454         37603
      0.119    -0.450       821.08103           12.735306         39551
      0.133    -0.450       777.63721           12.255597         39550
      0.150    -0.450       699.71970           10.681198         40817
      0.168    -0.450       655.06312           9.8723635         41355
      0.188    -0.450       636.05351           9.6262703         42212
      0.211    -0.450       597.72996           8.6858282         42737
      0.237    -0.450       545.30779           8.0511958         42594
      0.266    -0.450       504.57405           7.2533681         42794
      0.299    -0.450       464.91749           6.8577070         42034
      0.335    -0.450       414.81557           6.0775689         41335
      0.376    -0.450       387.42638           5.6987251         40810
      0.422    -0.450       340.54086           5.0859597         39724
      0.473    -0.450       307.87094           4.4942229         38431
      0.531    -0.450       278.47442           4.3654065         37163
      0.596    -0.450       239.73102           3.7527082         35143
      0.668    -0.450       216.36823           3.2315033         33752
      0.750    -0.450       185.67313           2.8658503         32131
      0.841    -0.450       162.48959           2.5689792         30308
      0.944    -0.450       138.34923           2.2958544         28685
      1.059    -0.450       124.99978           2.1908853         26956
      1.189    -0.450       104.51107           1.8091617         24957
      1.334    -0.450       92.760441           1.7247405         23291
      1.496    -0.450       77.144180           1.4767455         21868
      1.679    -0.450       66.065380           1.3509311         19756
      1.884    -0.450       53.328383           1.1330578         18231
      2.113    -0.450       45.143227          0.97344985         16976
      2.371    -0.450       39.005609          0.87429349         15454
      2.661    -0.450       32.137968          0.74885950         13886
      2.985    -0.450       26.968597          0.66909548         12722
      3.350    -0.450       21.830849          0.56876518         11588
      3.758    -0.450       17.563095          0.48117716         10205
      4.217    -0.450       14.810553          0.41320979          9391
      4.732    -0.450       11.637868          0.34365752          8337
      5.309    -0.450       8.8282767          0.27018247          7363
      5.957    -0.450       7.7827927          0.26767063          6570
      6.683    -0.450       5.8732816          0.18298590          5893
      7.499    -0.450       4.6976346          0.16715054          5224
      8.414    -0.450       3.9361100          0.14253991          4712
      9.441    -0.450       3.1417912          0.11727373          4057
      0.106    -0.350       893.29284           15.161806         33700
      0.119    -0.350       861.87619           14.119321         34704
      0.133    -0.350       804.21287           13.103368         35457
      0.150    -0.350       757.31754           12.238252         36115
      0.168    -0.350       703.53119           11.466662         37099
      0.188    -0.350       650.88548           10.509409         37812
      0.211    -0.350       609.60411           9.7516242         37822
      0.237    -0.350       550.08339           8.6205794         38243
      0.266    -0.350       512.44301           8.0900234         38253
      0.299    -0.350       470.31928           7.6088680         37668
      0.335    -0.350       418.92277           6.8466165         37540
      0.376    -0.350       385.71455           6.3089311         36491
      0.422    -0.350       341.05771           5.5733282         36159
      0.473    -0.350       294.79217           4.7670282         35018
      0.531    -0.350       266.94434           4.2907932         34153
      0.596    -0.350       232.40929           3.7127121         32710
      0.668    -0.350       207.13764           3.4538639         31224
      0.750    -0.350       182.43704           2.9226730         30067
      0.841    -0.350       164.83581           2.7649593         28488
      0.944    -0.350       141.52895           2.4417625         27170
      1.059    -0.350       118.94320           2.0201508         25738
      1.189    -0.350       105.14497           1.9216070         23974
      1.334    -0.350       89.898285           1.6599066         22650
      1.496    -0.350       76.348219           1.4664511         21150
      1.679    -0.350       66.558347           1.2851396         19663
      1.884    -0.350       54.673421           1.1403776         17928
      2.113    -0.350       47.501281           1.0235900         16816
      2.371    -0.350       40.579481          0.90351255         15180
      2.661    -0.350       33.127405          0.80595085         13927
      2.985    -0.350       27.145618          0.64921293         12649
      3.350    -0.350       23.543925          0.61180401         11572
      3.758    -0.350       18.715169          0.48654703         10372
      4.217    -0.350       15.372573          0.42915806          9436
      4.732    -0.350       12.588788          0.36218758          8570
      5.309    -0.350       9.7504332          0.29167807          7660
      5.957    -0.350       7.9281816          0.24430131          6730
      6.683    -0.350       6.2760935          0.20021371          6086
      7.499    -0.350       5.2706406          0.18604043          5405
      8.414    -0.350       4.0514071          0.14897750          4805
      9.441    -0.350       3.1965291          0.11412042          4251
      0.106    -0.250       928.12707           16.340454         28281
      0.119    -0.250       899.00997           15.756181         29087
      0.133    -0.250       843.59421           14.417572         29994
      0.150    -0.250       795.68530           13.728291         30349
      0.168    -0.250       747.52490           12.854014         31252
      0.188    -0.250       668.04938           11.224635         31546
      0.211    -0.250       623.37893           10.789880         31823
      0.237    -0.250       584.74745           9.9407776         32102
      0.266    -0.250       524.78831           8.8063778         32191
      0.299    -0.250       482.29893           8.0965415         31901
      0.335    -0.250       426.15320           7.3641052         31617
      0.376    -0.250       388.60981           6.8128054         31129
      0.422    -0.250       356.97811           6.4066000         31047
      0.473    -0.250       306.67720           5.3626074         30451
      0.531    -0.250       283.85417           5.0152474         29547
      0.596    -0.250       246.63383           4.3190798         28663
      0.668    -0.250       209.73925           3.8235033         27356
      0.750    -0.250       192.01344           3.4764323         26446
      0.841    -0.250       165.37613           3.1601571         25540
      0.944    -0.250       141.58270           2.6960570         23996
      1.059    -0.250       124.06445           2.3335603         23145
      1.189    -0.250       107.52190           2.0963043         21816
      1.334    -0.250       91.289388           1.8188258         20739
      1.496    -0.250       81.136080           1.7358319         19147
      1.679    -0.250       68.289613           1.4454263         18024
      1.884    -0.250       56.387298           1.2409773         16515
      2.113    -0.250       49.464627           1.1282253         15709
      2.371    -0.250       39.677977          0.89775717         14212
      2.661    -0.250       32.891016          0.75655764         13313
      2.985    -0.250       30.036912          0.78559189         12261
      3.350    -0.250       23.717500          0.61078187         11231
      3.758    -0.250       20.108263          0.55794735         10210
      4.217    -0.250       16.900730          0.46599292          9183
      4.732    -0.250       13.784840          0.41000920          8389
      5.309    -0.250       11.038844          0.33949375          7388
      5.957    -0.250       8.9821676          0.29211881          6748
      6.683    -0.250       7.3647260          0.25172426          5920
      7.499    -0.250       5.8956635          0.21051493          5404
      8.414    -0.250       4.8768460          0.17185442          4908
      9.441    -0.250       3.8502214          0.14591344          4250
      0.106    -0.150       910.29584           16.155848         21056
      0.119    -0.150       872.32793           15.812446         21797
      0.133    -0.150       867.16956           15.338799         22888
      0.150    -0.150       796.17853           14.474733         22959
      0.168    -0.150       764.28529           14.128212         23466
      0.188    -0.150       697.92573           12.763849         23653
      0.211    -0.150       662.91898           12.157457         23802
      0.237    -0.150       608.81222           11.017236         23902
      0.266    -0.150       552.97796           10.423471         24065
      0.299    -0.150       495.09410           9.4870209         23534
      0.335    -0.150       450.07434           8.6249078         23860
      0.376    -0.150       408.05472           7.9335404         23310
      0.422    -0.150       369.60826           7.3310273         22840
      0.473    -0.150       330.22139           6.5971033         22404
      0.531    -0.150       292.88256           6.0766485         21816
      0.596    -0.150       252.81352           5.0743370         21233
      0.668    -0.150       217.77386           4.3633513         20721
      0.750    -0.150       191.95697           4.3638948         19847
      0.841    -0.150       170.77216           3.7468155         19042
      0.944    -0.150       145.47521           3.1263814         18205
      1.059    -0.150       124.83387           2.7934040         17655
      1.189    -0.150       113.93977           2.6193170         16877
      1.334    -0.150       92.500606           2.2091889         15687
      1.496    -0.150       84.453291           1.9607907         15095
      1.679    -0.150       71.082110           1.7511745         14184
      1.884    -0.150       60.061300           1.6147527         13286
      2.113    -0.150       51.493055           1.3010928         12481
      2.371    -0.150       42.005621           1.0401206         11623
      2.661    -0.150       39.046493           1.0883231         10779
      2.985    -0.150       31.018584          0.87996246         10104
      3.350    -0.150       24.724766          0.68609227          9093
      3.758    -0.150       22.628911          0.72774706          8465
      4.217    -0.150       17.168119          0.53998070          7771
      4.732    -0.150       14.497181          0.48408311          6962
      5.309    -0.150       11.906466          0.41158305          6262
      5.957    -0.150       9.9852613          0.32733606          5812
      6.683    -0.150       7.9145742          0.29736022          5143
      7.499    -0.150       6.4813459          0.23157725          4489
      8.414    -0.150       5.2171900          0.20046745          4170
      9.441    -0.150       4.3106313          0.18566580          3654
      0.106    -0.050       1117.0967           32.372287         10248
      0.119    -0.050       1075.7240           31.097568         10561
      0.133    -0.050       1062.0126           31.988972         10592
      0.150    -0.050       921.89518           26.372259         10750
      0.168    -0.050       942.50204           29.911068         10799
      0.188    -0.050       844.81583           26.701522         10803
      0.211    -0.050       771.93027           23.256095         10811
      0.237    -0.050       725.48912           24.868672         10839
      0.266    -0.050       711.61165           22.262326         10838
      0.299    -0.050       617.76638           20.896966         10596
      0.335    -0.050       566.99643           17.860870         10409
      0.376    -0.050       489.40021           17.674417          9849
      0.422    -0.050       438.10645           15.980969          9834
      0.473    -0.050       366.53475           12.829816          9568
      0.531    -0.050       337.81062           12.319558          9248
      0.596    -0.050       281.85767           10.417739          8623
      0.668    -0.050       258.08845           11.041606          8585
      0.750    -0.050       214.48277           8.6220388          8120
      0.841    -0.050       188.61279           7.9636141          7930
      0.944    -0.050       175.28547           7.7976018          7577
      1.059    -0.050       150.79490           6.4883312          7238
      1.189    -0.050       128.81822           6.7704178          6848
      1.334    -0.050       100.16084           4.3188384          6411
      1.496    -0.050       92.764743           4.5731920          6182
      1.679    -0.050       74.028371           3.1646045          5813
      1.884    -0.050       65.246911           3.5550749          5536
      2.113    -0.050       54.494656           2.5842423          5195
      2.371    -0.050       51.408958           3.2126048          4866
      2.661    -0.050       36.097484           1.7237648          4525
      2.985    -0.050       33.628576           2.0236869          4217
      3.350    -0.050       28.045188           1.3765629          3947
      3.758    -0.050       23.222236           1.4791914          3483
      4.217    -0.050       17.416840          0.82399119          3395
      4.732    -0.050       16.598596           1.0059315          3103
      5.309    -0.050       11.624134          0.67442548          2764
      5.957    -0.050       10.987858          0.63918207          2615
      6.683    -0.050       8.8401978          0.59746325          2262
      7.499    -0.050       7.3215273          0.53902086          2132
      8.414    -0.050       6.1169177          0.40930254          1932
      9.441    -0.050       4.7421844          0.29434731          1706
      0.106     0.050       1076.7581           31.822736         10427
      0.119     0.050       972.23481           28.562082         10421
      0.133     0.050       1032.4118           31.959081         10496
      0.150     0.050       904.38052           26.502033         10559
      0.168     0.050       878.81476           27.720876         10864
      0.188     0.050       843.33025           26.967673         10872
      0.211     0.050       771.43704           22.639979         10770
      0.237     0.050       703.73189           23.229482         10826
      0.266     0.050       639.40367           19.621225         10501
      0.299     0.050       597.91466           20.218693         10673
      0.335     0.050       527.54993           16.813838         10178
      0.376     0.050       477.48599           16.477673          9979
      0.422     0.050       437.57152           16.425092          9829
      0.473     0.050       360.90413           12.487338          9456
      0.531     0.050       333.87309           12.260128          8968
      0.596     0.050       287.87065           10.493469          8911
      0.668     0.050       245.60828           9.5735974          8502
      0.750     0.050       216.68430           7.8695795          8223
      0.841     0.050       196.37025           7.7264813          7925
      0.944     0.050       169.67645           6.5905808          7753
      1.059     0.050       156.36408           7.1976888          7338
      1.189     0.050       122.54710           6.0724309          6818
      1.334     0.050       108.58801           4.6952557          6501
      1.496     0.050       91.461474           4.3351196          6228
      1.679     0.050       74.785006           3.1997971          5876
      1.884     0.050       76.610441           4.6269578          5505
      2.113     0.050       56.233590           2.7690084          5197
      2.371     0.050       52.402789           3.3694119          4901
      2.661     0.050       35.130651           1.6404979          4568
      2.985     0.050       33.798377           2.0461347          4092
      3.350     0.050       30.023214           1.6580890          3904
      3.758     0.050       23.379109           1.4002835          3646
      4.217     0.050       17.244847          0.84064995          3280
      4.732     0.050       16.482310          0.94995080          3088
      5.309     0.050       11.328878          0.54859944          2857
      5.957     0.050       10.874765          0.64619130          2513
      6.683     0.050       9.0148087          0.55386980          2349
      7.499     0.050       7.1370075          0.52940179          2103
      8.414     0.050       6.1364450          0.42065040          1882
      9.441     0.050       4.4813419          0.29050353          1773
      0.106     0.150       672.36867           10.569616         20865
      0.119     0.150       691.42240           10.637569         21663
      0.133     0.150       630.46820           9.7189978         22230
      0.150     0.150       615.66544           9.7167640         22744
      0.168     0.150       608.11057           9.6444611         22897
      0.188     0.150       567.12907           8.9920063         23309
      0.211     0.150       542.70303           8.8575105         23584
      0.237     0.150       516.17365           8.4062212         23873
      0.266     0.150       478.96442           7.8933722         23748
      0.299     0.150       456.34617           7.6131091         23952
      0.335     0.150       405.53378           6.9939407         23502
      0.376     0.150       379.65908           6.6076218         22990
      0.422     0.150       342.42671           6.0269892         22901
      0.473     0.150       298.69339           5.4348421         22338
      0.531     0.150       280.56306           5.2057516         21950
      0.596     0.150       239.47533           4.5884040         20740
      0.668     0.150       221.66200           4.4274129         20566
      0.750     0.150       188.55103           3.7063579         19904
      0.841     0.150       168.45120           3.4170322         19017
      0.944     0.150       151.04019           3.3088597         18281
      1.059     0.150       134.22325           2.9185952         17774
      1.189     0.150       114.98430           2.5382851         16700
      1.334     0.150       101.94241           2.3483869         15957
      1.496     0.150       86.221461           2.0595528         15034
      1.679     0.150       71.973860           1.7855499         14012
      1.884     0.150       62.632121           1.5991366         13330
      2.113     0.150       51.426079           1.4189822         12282
      2.371     0.150       44.641142           1.2355569         11493
      2.661     0.150       38.027226           1.1273430         10654
      2.985     0.150       29.627799          0.85757965          9913
      3.350     0.150       26.922974          0.82035534          9179
      3.758     0.150       22.062407          0.75292646          8377
      4.217     0.150       18.011633          0.60534301          7738
      4.732     0.150       14.781671          0.44660703          7090
      5.309     0.150       11.925602          0.42273862          6395
      5.957     0.150       9.1477018          0.30558917          5598
      6.683     0.150       8.2552762          0.29809267          5126
      7.499     0.150       6.3945901          0.22702352          4673
      8.414     0.150       5.2541327          0.20015681          4148
      9.441     0.150       4.4308103          0.18015760          3843
      0.106     0.250       532.39273           7.2103044         26795
      0.119     0.250       525.90903           7.1038734         27613
      0.133     0.250       507.11512           6.7977824         28597
      0.150     0.250       500.13612           6.6810018         29457
      0.168     0.250       474.15800           6.3876545         30160
      0.188     0.250       482.24328           6.5010407         30713
      0.211     0.250       450.20531           6.1995543         30919
      0.237     0.250       428.45321           5.8332315         31020
      0.266     0.250       412.18705           5.6554196         31499
      0.299     0.250       381.33794           5.3793737         31388
      0.335     0.250       351.63939           5.0025831         31423
      0.376     0.250       327.64863           4.7575435         30958
      0.422     0.250       307.34576           4.5138080         30726
      0.473     0.250       280.78779           4.2635138         30100
      0.531     0.250       244.53732           3.8446032         29215
      0.596     0.250       229.82234           3.6614156         28415
      0.668     0.250       202.56214           3.2939337         27382
      0.750     0.250       180.03187           2.9581481         26621
      0.841     0.250       156.51880           2.6776813         25054
      0.944     0.250       144.76034           2.6167913         24147
      1.059     0.250       122.98704           2.3120147         23031
      1.189     0.250       108.73741           2.0480592         22080
      1.334     0.250       95.589992           1.8759542         20528
      1.496     0.250       81.293181           1.6462073         19400
      1.679     0.250       68.759212           1.4528690         17941
      1.884     0.250       59.795782           1.3154253         16860
      2.113     0.250       49.854285           1.1691375         15442
      2.371     0.250       41.891506           1.0094741         14379
      2.661     0.250       35.926498          0.90674203         13368
      2.985     0.250       30.225759          0.75639517         12239
      3.350     0.250       24.414766          0.63496568         11227
      3.758     0.250       20.146465          0.57462940         10176
      4.217     0.250       16.403671          0.45172202          9219
      4.732     0.250       13.596840          0.39879590          8333
      5.309     0.250       10.838677          0.32559054          7456
      5.957     0.250       9.6364116          0.30186587          6672
      6.683     0.250       7.2147235          0.24236543          6013
      7.499     0.250       6.1258164          0.21385835          5398
      8.414     0.250       4.7832383          0.18488062          4743
      9.441     0.250       4.2951509          0.18655992          4306
      0.106     0.350       471.92587           5.7851126         31509
      0.119     0.350       469.90284           5.7270468         32813
      0.133     0.350       460.14759           5.6174208         33825
      0.150     0.350       450.10434           5.4792668         34863
      0.168     0.350       435.61229           5.3027654         35477
      0.188     0.350       429.38024           5.2514620         36210
      0.211     0.350       418.27863           5.1171424         36895
      0.237     0.350       395.29906           4.8538687         37198
      0.266     0.350       378.66065           4.6721303         37112
      0.299     0.350       356.50078           4.4767986         36679
      0.335     0.350       332.34828           4.2611378         36462
      0.376     0.350       312.19536           4.0363087         36221
      0.422     0.350       287.71502           3.7836312         35358
      0.473     0.350       265.50814           3.5714170         34818
      0.531     0.350       245.91524           3.4223398         34153
      0.596     0.350       218.71443           3.0874908         32490
      0.668     0.350       197.36603           2.8835068         31348
      0.750     0.350       176.70600           2.6245067         30161
      0.841     0.350       158.97510           2.4927629         29024
      0.944     0.350       135.65687           2.2352942         26924
      1.059     0.350       117.82696           1.9886426         25627
      1.189     0.350       108.51139           1.9296334         24293
      1.334     0.350       90.031104           1.6403793         22762
      1.496     0.350       77.272572           1.4691519         20925
      1.679     0.350       65.958643           1.3531934         19437
      1.884     0.350       53.530475           1.0956712         17842
      2.113     0.350       45.972527           1.0243428         16647
      2.371     0.350       40.463262          0.91107476         15420
      2.661     0.350       33.381443          0.78990470         13883
      2.985     0.350       27.334101          0.67415898         12735
      3.350     0.350       23.660465          0.61466154         11684
      3.758     0.350       17.842607          0.46376246         10308
      4.217     0.350       15.354631          0.42587101          9606
      4.732     0.350       12.900233          0.36470548          8634
      5.309     0.350       9.9484659          0.30053528          7681
      5.957     0.350       7.7404056          0.24502370          6856
      6.683     0.350       6.9740265          0.25358293          6163
      7.499     0.350       5.2467940          0.18658557          5428
      8.414     0.350       4.5206801          0.16154806          4907
      9.441     0.350       3.4637676          0.13395783          4322
      0.106     0.450       434.34113           4.9379282         35491
      0.119     0.450       443.57259           4.9491405         37284
      0.133     0.450       440.94540           4.9589572         38587
      0.150     0.450       419.28255           4.6917720         39194
      0.168     0.450       420.45559           4.7677285         39838
      0.188     0.450       417.68751           4.6438355         40754
      0.211     0.450       402.01144           4.4909222         41593
      0.237     0.450       386.71712           4.3626677         41342
      0.266     0.450       363.84430           4.1587782         41407
      0.299     0.450       348.47888           4.1004004         40780
      0.335     0.450       336.02216           3.9576241         40780
      0.376     0.450       305.97879           3.6797666         40022
      0.422     0.450       282.39799           3.4867272         38809
      0.473     0.450       260.41947           3.3021900         38081
      0.531     0.450       242.49016           3.1263860         36577
      0.596     0.450       221.06733           2.9075931         35384
      0.668     0.450       194.09537           2.7208177         33644
      0.750     0.450       177.25836           2.5360293         32125
      0.841     0.450       155.27426           2.3218501         30110
      0.944     0.450       132.16275           2.0426842         28323
      1.059     0.450       120.11012           1.9480735         27011
      1.189     0.450       100.75321           1.7116817         24921
      1.334     0.450       88.856035           1.5402915         23122
      1.496     0.450       76.980609           1.4201603         21775
      1.679     0.450       66.317580           1.3287605         19715
      1.884     0.450       55.428642           1.1396420         18427
      2.113     0.450       48.402808           1.0531235         17037
      2.371     0.450       38.686477          0.85512910         15622
      2.661     0.450       31.702649          0.76489463         14166
      2.985     0.450       26.090245          0.64331071         12801
      3.350     0.450       21.028490          0.54603752         11804
      3.758     0.450       17.752343          0.50381599         10347
      4.217     0.450       14.352666          0.42522012          9372
      4.732     0.450       11.604296          0.35953453          8510
      5.309     0.450       9.7500826          0.31468927          7699
      5.957     0.450       7.4089706          0.25503417          6778
      6.683     0.450       6.6491164          0.23859329          5948
      7.499     0.450       5.0048501          0.18439427          5291
      8.414     0.450       3.9701956          0.14534525          4749
      9.441     0.450       2.8877139          0.11534624          4151
      0.106     0.550       415.92766           4.4612707         38832
      0.119     0.550       421.11664           4.4687489         40217
      0.133     0.550       423.55807           4.4866485         41766
      0.150     0.550       421.86581           4.4479451         42929
      0.168     0.550       401.82125           4.2399048         43578
      0.188     0.550       400.57927           4.2163897         44118
      0.211     0.550       394.11771           4.1542557         45338
      0.237     0.550       382.61439           4.1081747         44535
      0.266     0.550       360.50083           3.9407262         44366
      0.299     0.550       354.41837           3.8505794         44662
      0.335     0.550       325.68390           3.6522317         43290
      0.376     0.550       304.52677           3.5025454         42431
      0.422     0.550       284.01577           3.3316012         41228
      0.473     0.550       260.56144           3.1318201         39736
      0.531     0.550       234.13896           2.8985099         38109
      0.596     0.550       221.44395           2.8067421         37098
      0.668     0.550       193.17151           2.5506795         35041
      0.750     0.550       171.92783           2.3930699         32940
      0.841     0.550       150.20469           2.2002347         30786
      0.944     0.550       130.85968           1.9608761         29078
      1.059     0.550       116.18332           1.8143823         27187
      1.189     0.550       99.482433           1.6928380         25320
      1.334     0.550       84.160796           1.4894961         23310
      1.496     0.550       75.655293           1.3856012         21493
      1.679     0.550       62.191693           1.1900185         19915
      1.884     0.550       52.964338           1.0854578         18126
      2.113     0.550       44.273702          0.96019887         16779
      2.371     0.550       37.311319          0.84582336         15254
      2.661     0.550       30.758380          0.71996899         14050
      2.985     0.550       25.370424          0.60385815         12672
      3.350     0.550       20.433936          0.54915049         11334
      3.758     0.550       16.316655          0.46659969         10293
      4.217     0.550       13.658237          0.40367795          9200
      4.732     0.550       10.970313          0.34424679          8253
      5.309     0.550       8.7609322          0.28481997          7245
      5.957     0.550       7.0008155          0.23933949          6584
      6.683     0.550       5.9618746          0.21599124          5799
      7.499     0.550       4.3784653          0.16402231          5162
      8.414     0.550       3.3031988          0.13018461          4400
      9.441     0.550       3.0074393          0.12372254          4004
      0.106     0.650       403.34443           4.1250249         41582
      0.119     0.650       412.25757           4.1946029         43267
      0.133     0.650       416.90676           4.2033467         44635
      0.150     0.650       405.57214           4.0941725         45536
      0.168     0.650       404.36991           4.0511039         46770
      0.188     0.650       395.51999           3.9808952         47006
      0.211     0.650       388.49416           3.9416614         47163
      0.237     0.650       374.81473           3.8574053         47341
      0.266     0.650       358.60160           3.7528774         46723
      0.299     0.650       342.79982           3.6057423         46164
      0.335     0.650       330.49138           3.5214326         45461
      0.376     0.650       304.05343           3.3741307         43868
      0.422     0.650       274.96020           3.1246946         42381
      0.473     0.650       256.78789           3.0088035         40942
      0.531     0.650       235.54910           2.8660599         39114
      0.596     0.650       209.88788           2.6471365         37447
      0.668     0.650       188.37232           2.4478538         35238
      0.750     0.650       168.75466           2.3296755         33457
      0.841     0.650       148.05144           2.1393872         31101
      0.944     0.650       129.27823           1.9486433         29282
      1.059     0.650       112.95907           1.7692072         27394
      1.189     0.650       96.140046           1.5699140         25325
      1.334     0.650       85.062209           1.4757654         23738
      1.496     0.650       71.500045           1.3269644         21585
      1.679     0.650       59.632472           1.1765310         19798
      1.884     0.650       49.201838          0.99740738         18295
      2.113     0.650       41.632566          0.90993374         16749
      2.371     0.650       35.216962          0.80284194         15260
      2.661     0.650       28.760687          0.68041317         13929
      2.985     0.650       24.457325          0.64165230         12295
      3.350     0.650       18.619547          0.48975725         11413
      3.758     0.650       16.346347          0.45329659         10076
      4.217     0.650       12.997123          0.37268711          9012
      4.732     0.650       10.339819          0.32044122          8096
      5.309     0.650       8.3575902          0.26807028          7317
      5.957     0.650       6.8299670          0.22572311          6350
      6.683     0.650       5.2058105          0.18676306          5612
      7.499     0.650       4.3608462          0.16508604          5164
      8.414     0.650       3.1718247          0.11389143          4395
      9.441     0.650       2.6359366          0.10204508          3962
      0.106     0.750       407.06575           4.0103968         44471
      0.119     0.750       405.26274           3.9263690         45889
      0.133     0.750       406.36626           3.9458543         47211
      0.150     0.750       402.06717           3.9197379         48046
      0.168     0.750       400.35293           3.9043316         48436
      0.188     0.750       392.03149           3.8035840         49176
      0.211     0.750       386.30518           3.8022153         49030
      0.237     0.750       373.35621           3.7205466         49023
      0.266     0.750       350.42626           3.5432077         48016
      0.299     0.750       340.70770           3.5099511         47854
      0.335     0.750       320.34877           3.3499121         46398
      0.376     0.750       297.15399           3.1924727         44993
      0.422     0.750       271.50019           3.0547966         43288
      0.473     0.750       253.39698           2.9120031         41771
      0.531     0.750       234.49811           2.7814281         39688
      0.596     0.750       202.84075           2.5123892         37350
      0.668     0.750       186.25952           2.4186835         35794
      0.750     0.750       162.05274           2.1994467         33379
      0.841     0.750       143.62100           2.0392325         31581
      0.944     0.750       124.30128           1.8539619         29174
      1.059     0.750       109.96079           1.7188816         27401
      1.189     0.750       93.126744           1.5461165         25291
      1.334     0.750       80.736249           1.4252406         23118
      1.496     0.750       68.297316           1.2545621         21539
      1.679     0.750       56.974253           1.1171400         19467
      1.884     0.750       46.454600          0.93955340         17874
      2.113     0.750       40.951200          0.88417149         16332
      2.371     0.750       32.430021          0.74679329         14667
      2.661     0.750       27.979805          0.69116645         13382
      2.985     0.750       23.166006          0.59090146         12191
      3.350     0.750       18.578833          0.51365568         11010
      3.758     0.750       15.411162          0.44112397          9990
      4.217     0.750       12.053083          0.36832000          8801
      4.732     0.750       10.689729          0.34637793          7919
      5.309     0.750       8.1052190          0.27940213          6943
      5.957     0.750       6.4209667          0.20677317          6314
      6.683     0.750       4.8421961          0.17479820          5451
      7.499     0.750       3.9408126          0.14036647          5004
      8.414     0.750       3.2660728          0.13410382          4220
      9.441     0.750       2.6242463          0.10578057          3842
      0.106     0.850       400.98858           3.8047418         46353
      0.119     0.850       402.15836           3.7972041         47812
      0.133     0.850       402.11013           3.7853600         49141
      0.150     0.850       400.76928           3.7568021         50066
      0.168     0.850       393.18595           3.6987753         50519
      0.188     0.850       386.62738           3.6748831         50778
      0.211     0.850       381.73472           3.6381780         51294
      0.237     0.850       372.73604           3.6184163         50410
      0.266     0.850       355.61493           3.5065521         49701
      0.299     0.850       339.39830           3.4183449         48796
      0.335     0.850       312.30153           3.2227672         47336
      0.376     0.850       299.28443           3.1563615         46187
      0.422     0.850       269.99703           2.9788352         44018
      0.473     0.850       251.56651           2.8558158         42349
      0.531     0.850       224.77717           2.6558759         40376
      0.596     0.850       204.55134           2.5175401         38371
      0.668     0.850       180.65906           2.3122954         36497
      0.750     0.850       162.87848           2.2099534         33990
      0.841     0.850       143.28531           2.0222458         32064
      0.944     0.850       122.87313           1.8516426         29319
      1.059     0.850       109.78181           1.7435803         27483
      1.189     0.850       94.199526           1.5655789         25516
      1.334     0.850       77.883683           1.3752226         23350
      1.496     0.850       67.948406           1.2909163         21522
      1.679     0.850       56.723582           1.1241665         19914
      1.884     0.850       47.117651           1.0090499         17831
      2.113     0.850       38.203159          0.84624463         16349
      2.371     0.850       32.605807          0.74316187         14977
      2.661     0.850       27.152904          0.67694502         13686
      2.985     0.850       22.844725          0.57883471         12380
      3.350     0.850       17.686435          0.50569273         10960
      3.758     0.850       14.180789          0.40510835          9730
      4.217     0.850       11.777991          0.35449910          8887
      4.732     0.850       9.9027340          0.31096805          7975
      5.309     0.850       7.6618266          0.27099570          6992
      5.957     0.850       6.0996946          0.21973406          6447
      6.683     0.850       4.8439392          0.17175030          5660
      7.499     0.850       4.1776464          0.16825194          4963
      8.414     0.850       3.1964378          0.13381785          4353
      9.441     0.850       2.4321974          0.99577073E-01      3793
      0.106     0.950       391.82865           3.6173181         47996
      0.119     0.950       398.57435           3.6569867         49634
      0.133     0.950       398.46523           3.6741504         50435
      0.150     0.950       398.01324           3.6492762         51672
      0.168     0.950       399.01060           3.6538373         51822
      0.188     0.950       391.01028           3.6295062         52244
      0.211     0.950       376.26199           3.5281152         52484
      0.237     0.950       371.22113           3.5385987         51775
      0.266     0.950       352.74043           3.4203379         50913
      0.299     0.950       336.39530           3.3198022         49634
      0.335     0.950       316.64097           3.2067233         48473
      0.376     0.950       288.24893           3.0278257         46690
      0.422     0.950       267.99893           2.9272582         44285
      0.473     0.950       243.25807           2.7452859         42891
      0.531     0.950       224.28912           2.6468300         40381
      0.596     0.950       201.58778           2.4652901         38413
      0.668     0.950       181.71601           2.3303090         36242
      0.750     0.950       159.33087           2.1410249         33952
      0.841     0.950       136.42335           1.9601650         31563
      0.944     0.950       120.04424           1.8168285         29296
      1.059     0.950       108.40646           1.7034135         27533
      1.189     0.950       92.049889           1.5412014         25507
      1.334     0.950       77.309069           1.3791788         23480
      1.496     0.950       66.773514           1.2512526         21699
      1.679     0.950       52.176640           1.0592447         19558
      1.884     0.950       45.175019          0.96319389         17776
      2.113     0.950       38.166812          0.85328750         16272
      2.371     0.950       31.731488          0.77037185         14581
      2.661     0.950       26.631207          0.68883617         13349
      2.985     0.950       21.287065          0.55198591         12254
      3.350     0.950       17.554300          0.48548216         10870
      3.758     0.950       13.405109          0.39380038          9906
      4.217     0.950       11.323149          0.34920708          8759
      4.732     0.950       9.2463277          0.30512583          7796
      5.309     0.950       7.2499022          0.23527665          6975
      5.957     0.950       6.2012785          0.22240398          6248
      6.683     0.950       4.8028204          0.18340923          5319
      7.499     0.950       3.7015247          0.13342699          4942
      8.414     0.950       2.8849039          0.11132318          4249
      9.441     0.950       2.3730733          0.95229595E-01      3762
