 # tables0/fmin10_0401z.sno_nue   
      0.112    -0.950       557.25971           6.6811850         52826
      0.141    -0.950       498.89905           6.0810489         52845
      0.178    -0.950       446.35516           5.4454071         52171
      0.224    -0.950       377.06933           4.6809127         49677
      0.282    -0.950       311.86031           4.0153099         45753
      0.355    -0.950       250.56185           3.4061504         41600
      0.447    -0.950       194.75481           2.7494042         36610
      0.562    -0.950       142.23614           2.1699974         31490
      0.708    -0.950       105.93812           1.7553614         26274
      0.891    -0.950       74.368733           1.3613918         21565
      1.122    -0.950       51.582948           1.0611612         17270
      1.413    -0.950       36.264674          0.84330980         13733
      1.778    -0.950       23.805034          0.62909378         10837
      2.239    -0.950       14.532526          0.45841300          8068
      2.818    -0.950       9.0591046          0.32036217          6179
      3.548    -0.950       5.6577143          0.22959612          4598
      4.467    -0.950       3.4624614          0.17099250          3391
      5.623    -0.950       2.0530829          0.11945720          2512
      7.079    -0.950       1.1952506          0.77689373E-01      1702
      8.913    -0.950      0.66475981          0.48156892E-01      1215
      0.112    -0.850       356.61870           4.5997597         48538
      0.141    -0.850       331.15155           4.2712913         49360
      0.178    -0.850       298.59456           3.8259734         49297
      0.224    -0.850       266.74918           3.4388514         47780
      0.282    -0.850       229.08527           3.0304817         45120
      0.355    -0.850       196.12124           2.7173391         41545
      0.447    -0.850       151.21302           2.1177171         36927
      0.562    -0.850       121.03882           1.8426534         31963
      0.708    -0.850       92.142918           1.4995745         27189
      0.891    -0.850       67.642261           1.1823812         22760
      1.122    -0.850       47.765444          0.95651280         18495
      1.413    -0.850       33.216064          0.72248405         14931
      1.778    -0.850       22.008767          0.56053728         11702
      2.239    -0.850       14.688100          0.41857130          8885
      2.818    -0.850       9.4606513          0.32245795          6678
      3.548    -0.850       6.0659492          0.23386373          5066
      4.467    -0.850       3.5088802          0.15521119          3768
      5.623    -0.850       2.1000252          0.11177186          2654
      7.079    -0.850       1.1609953          0.69493042E-01      1906
      8.913    -0.850      0.64469708          0.45639735E-01      1326
      0.112    -0.750       222.32963           2.4139610         45113
      0.141    -0.750       232.15506           2.4705400         47347
      0.178    -0.750       221.22214           2.3777806         47751
      0.224    -0.750       204.50777           2.2079195         46945
      0.282    -0.750       186.39668           2.0792865         44918
      0.355    -0.750       163.10380           1.9027631         41749
      0.447    -0.750       138.83042           1.7321468         37220
      0.562    -0.750       112.70447           1.5139635         33176
      0.708    -0.750       88.295495           1.2928161         28556
      0.891    -0.750       66.347116           1.1018671         23859
      1.122    -0.750       47.417141          0.87169178         19469
      1.413    -0.750       34.567642          0.73459290         15654
      1.778    -0.750       23.785098          0.57153190         12561
      2.239    -0.750       16.215259          0.45043430          9691
      2.818    -0.750       10.355850          0.33307420          7556
      3.548    -0.750       6.6455623          0.22812529          5698
      4.467    -0.750       4.0076875          0.17029080          4079
      5.623    -0.750       2.5072556          0.12771039          3005
      7.079    -0.750       1.5946440          0.89742236E-01      2172
      8.913    -0.750      0.85559216          0.52536179E-01      1582
      0.112    -0.650       238.03646           2.9185491         43468
      0.141    -0.650       243.11509           2.9139399         45456
      0.178    -0.650       224.33300           2.6304925         46216
      0.224    -0.650       210.09178           2.4756607         45958
      0.282    -0.650       196.44474           2.3521299         44759
      0.355    -0.650       164.29998           1.9909363         41809
      0.447    -0.650       139.85302           1.7945572         38242
      0.562    -0.650       114.59623           1.5345690         34221
      0.708    -0.650       94.139581           1.3832085         29541
      0.891    -0.650       68.770977           1.0959849         25164
      1.122    -0.650       51.973162          0.92103165         20984
      1.413    -0.650       39.625483          0.78145457         17087
      1.778    -0.650       25.555140          0.58299596         13470
      2.239    -0.650       17.346158          0.45498005         10427
      2.818    -0.650       11.239527          0.33166226          8079
      3.548    -0.650       6.9902549          0.24056498          6103
      4.467    -0.650       4.3271706          0.16893604          4541
      5.623    -0.650       2.7416216          0.13102333          3264
      7.079    -0.650       1.5747584          0.85775803E-01      2435
      8.913    -0.650       1.1263164          0.71138136E-01      1785
      0.112    -0.550       341.48161           5.0672741         41484
      0.141    -0.550       325.43410           4.8366296         43827
      0.178    -0.550       293.60962           4.3162765         44998
      0.224    -0.550       260.01620           3.6841513         44952
      0.282    -0.550       232.89335           3.3268317         43671
      0.355    -0.550       196.10149           2.7029084         41872
      0.447    -0.550       163.30749           2.3433513         38527
      0.562    -0.550       132.86316           1.9569363         34690
      0.708    -0.550       103.25028           1.5936307         30281
      0.891    -0.550       78.839846           1.2919175         26506
      1.122    -0.550       58.766334           1.0455021         22334
      1.413    -0.550       41.909716          0.81506435         18223
      1.778    -0.550       28.445156          0.61805499         14810
      2.239    -0.550       19.261682          0.47322624         11416
      2.818    -0.550       12.923453          0.37709180          9031
      3.548    -0.550       8.0308079          0.27197109          6829
      4.467    -0.550       5.0336151          0.18548392          5142
      5.623    -0.550       3.0979660          0.13237127          3854
      7.079    -0.550       1.8616565          0.95763073E-01      2771
      8.913    -0.550       1.1303214          0.66377926E-01      2077
      0.112    -0.450       444.75104           6.9395938         39522
      0.141    -0.450       417.26783           6.4349932         41888
      0.178    -0.450       373.45772           5.6702473         42872
      0.224    -0.450       323.58497           4.8384997         43325
      0.282    -0.450       271.61643           3.9174072         42564
      0.355    -0.450       228.68874           3.4358879         40960
      0.447    -0.450       188.75992           2.8583576         38271
      0.562    -0.450       151.78021           2.3258388         35332
      0.708    -0.450       114.33490           1.7385708         31462
      0.891    -0.450       87.039748           1.4345713         27167
      1.122    -0.450       65.401502           1.1771415         23064
      1.413    -0.450       44.834026          0.87275266         19281
      1.778    -0.450       33.469871          0.71322570         15959
      2.239    -0.450       21.792620          0.51980397         12530
      2.818    -0.450       15.165953          0.40588490         10216
      3.548    -0.450       9.8428859          0.30550009          7753
      4.467    -0.450       5.7723662          0.19504129          5960
      5.623    -0.450       3.5477379          0.14680566          4328
      7.079    -0.450       2.3328161          0.11071993          3172
      8.913    -0.450       1.1990723          0.60038415E-01      2266
      0.112    -0.350       596.11433           9.1867373         36745
      0.141    -0.350       527.77715           8.1884893         38838
      0.178    -0.350       466.12930           7.2615531         39922
      0.224    -0.350       398.52684           6.0997737         40807
      0.282    -0.350       335.39501           5.0065959         40124
      0.355    -0.350       273.43716           4.1215220         38929
      0.447    -0.350       222.14606           3.4371963         36543
      0.562    -0.350       173.07004           2.7361564         33991
      0.708    -0.350       134.40605           2.2583410         30825
      0.891    -0.350       99.559593           1.6762995         27323
      1.122    -0.350       73.010673           1.2791000         23730
      1.413    -0.350       54.578337           1.0811720         19900
      1.778    -0.350       38.292175          0.82286516         16714
      2.239    -0.350       26.239367          0.61733856         13854
      2.818    -0.350       17.088669          0.46327035         10888
      3.548    -0.350       11.283757          0.33326999          8515
      4.467    -0.350       7.2321873          0.24561420          6634
      5.623    -0.350       4.2199727          0.17172012          4871
      7.079    -0.350       2.9024163          0.12574792          3793
      8.913    -0.350       1.6141547          0.80827692E-01      2653
      0.112    -0.250       802.87695           12.315751         32998
      0.141    -0.250       734.45553           11.364337         34912
      0.178    -0.250       642.71366           9.9509869         35871
      0.224    -0.250       527.02538           8.1702512         35813
      0.282    -0.250       434.45009           6.9354428         35254
      0.355    -0.250       364.94845           5.8484715         34637
      0.447    -0.250       279.36246           4.5696493         32929
      0.562    -0.250       218.88302           3.6809658         31069
      0.708    -0.250       164.77665           2.8105315         28910
      0.891    -0.250       122.13595           2.1293299         25957
      1.122    -0.250       89.683715           1.6805328         23317
      1.413    -0.250       62.965321           1.2824303         19904
      1.778    -0.250       45.043352           1.0100586         16682
      2.239    -0.250       29.323700          0.70948770         14094
      2.818    -0.250       20.400196          0.54046485         11456
      3.548    -0.250       12.786808          0.36387098          9041
      4.467    -0.250       8.4297334          0.27833040          7238
      5.623    -0.250       4.8870183          0.17322346          5494
      7.079    -0.250       3.5335889          0.14480050          4235
      8.913    -0.250       2.0641020          0.93648762E-01      3129
      0.112    -0.150       1288.4211           21.245462         26934
      0.141    -0.150       1121.5320           18.830835         27870
      0.178    -0.150       926.37614           15.781597         28009
      0.224    -0.150       760.49631           13.250039         27951
      0.282    -0.150       618.03755           11.197631         27487
      0.355    -0.150       493.80922           9.4391702         26730
      0.447    -0.150       372.41219           7.3336364         25446
      0.562    -0.150       269.10032           5.4882021         24066
      0.708    -0.150       194.91100           3.9375691         22417
      0.891    -0.150       144.35965           3.1443619         20351
      1.122    -0.150       100.56130           2.2956246         18367
      1.413    -0.150       71.746432           1.6496804         16249
      1.778    -0.150       49.341433           1.2381140         14286
      2.239    -0.150       32.898230          0.88715553         11935
      2.818    -0.150       22.254102          0.63448752         10211
      3.548    -0.150       14.908488          0.48302475          8362
      4.467    -0.150       10.084893          0.35513633          6898
      5.623    -0.150       6.6758313          0.25135162          5616
      7.079    -0.150       4.0703158          0.17557675          4204
      8.913    -0.150       2.7437214          0.12988128          3190
      0.112    -0.050       2317.3625           72.612805         13198
      0.141    -0.050       1781.3305           55.574754         13027
      0.178    -0.050       1447.7434           45.812585         12874
      0.224    -0.050       1199.1273           45.259302         12527
      0.282    -0.050       884.63642           28.564158         12324
      0.355    -0.050       696.10539           27.548400         11525
      0.447    -0.050       480.13596           22.279178         10958
      0.562    -0.050       354.57194           16.150084         10111
      0.708    -0.050       238.39464           9.6692125          9240
      0.891    -0.050       175.53126           8.7500880          8411
      1.122    -0.050       112.75788           5.0271446          7683
      1.413    -0.050       83.113305           4.3010063          6940
      1.778    -0.050       50.747703           2.6389459          5952
      2.239    -0.050       36.525673           1.7258671          5313
      2.818    -0.050       27.659728           1.4541957          4608
      3.548    -0.050       16.427569          0.85697733          3891
      4.467    -0.050       10.365795          0.53665789          3308
      5.623    -0.050       7.4639364          0.44026285          2623
      7.079    -0.050       5.0558632          0.42899633          2128
      8.913    -0.050       3.1236240          0.22102791          1683
      0.112     0.050       2235.9079           70.984041         13088
      0.141     0.050       1874.7399           58.491322         12914
      0.178     0.050       1456.1332           45.413657         12908
      0.224     0.050       1209.6313           41.857130         12654
      0.282     0.050       903.08188           32.023608         11970
      0.355     0.050       674.94956           24.982125         11401
      0.447     0.050       475.22888           21.286780         10628
      0.562     0.050       344.08257           15.077612         10192
      0.708     0.050       235.39363           10.080999          9271
      0.891     0.050       163.53302           8.2852976          8400
      1.122     0.050       109.01012           4.5756420          7419
      1.413     0.050       75.398186           3.4490181          6928
      1.778     0.050       57.244704           4.0599107          6187
      2.239     0.050       35.148288           1.6624001          5204
      2.818     0.050       26.084150           1.3887868          4342
      3.548     0.050       16.238480          0.82678812          3780
      4.467     0.050       10.458639          0.56888180          3247
      5.623     0.050       7.3202338          0.44113991          2615
      7.079     0.050       5.2784287          0.34045599          2072
      8.913     0.050       3.1122696          0.24361767          1673
      0.112     0.150       1552.4219           25.449641         27535
      0.141     0.150       1342.4730           22.822814         28259
      0.178     0.150       1116.5764           19.395258         28476
      0.224     0.150       885.98439           16.448038         28255
      0.282     0.150       671.84176           12.772327         27343
      0.355     0.150       540.07162           10.609471         26681
      0.447     0.150       373.55416           7.5953355         25268
      0.562     0.150       270.85770           5.8563062         23577
      0.708     0.150       193.98894           4.1821710         21874
      0.891     0.150       140.27785           3.0739872         20116
      1.122     0.150       97.319911           2.1405216         17997
      1.413     0.150       70.801551           1.7565434         16173
      1.778     0.150       48.530791           1.2079122         14234
      2.239     0.150       33.547120          0.88943312         11882
      2.818     0.150       22.968815          0.65936792         10092
      3.548     0.150       15.313470          0.47259350          8432
      4.467     0.150       10.437348          0.36199921          6867
      5.623     0.150       6.4212637          0.23731111          5406
      7.079     0.150       3.6562072          0.14485510          4157
      8.913     0.150       2.5427196          0.11314718          3134
      0.112     0.250       1220.3010           17.395738         35278
      0.141     0.250       1069.1761           15.390891         36800
      0.178     0.250       869.15173           12.772711         37292
      0.224     0.250       719.61071           11.107115         37210
      0.282     0.250       569.16656           8.9711972         36518
      0.355     0.250       430.64283           7.0458552         35192
      0.447     0.250       334.07754           5.7458418         33244
      0.562     0.250       239.94227           4.1878778         31285
      0.708     0.250       182.26654           3.2219724         28866
      0.891     0.250       124.11229           2.2749127         25600
      1.122     0.250       94.958467           1.8454612         22819
      1.413     0.250       66.073302           1.3760351         19791
      1.778     0.250       42.983872          0.95701275         16779
      2.239     0.250       30.221768          0.70866320         14122
      2.818     0.250       19.635650          0.50619668         11340
      3.548     0.250       12.701710          0.36638058          9070
      4.467     0.250       8.4898838          0.27909275          7197
      5.623     0.250       5.1419916          0.18166471          5479
      7.079     0.250       3.0977962          0.12264568          4128
      8.913     0.250       2.0989956          0.96447406E-01      3128
      0.112     0.350       1077.6934           14.350999         40959
      0.141     0.350       967.63955           13.036133         42952
      0.178     0.350       820.07234           11.067303         44031
      0.224     0.350       658.36224           9.0958697         43856
      0.282     0.350       515.46827           7.4416023         42717
      0.355     0.350       418.00082           6.2773500         40920
      0.447     0.350       316.37822           4.8707638         38436
      0.562     0.350       232.86669           3.6844668         35297
      0.708     0.350       172.83197           2.8138399         31661
      0.891     0.350       123.49119           2.0829552         27939
      1.122     0.350       86.380794           1.5923595         23772
      1.413     0.350       59.578125           1.1851231         20241
      1.778     0.350       39.175496          0.85138615         16788
      2.239     0.350       28.875848          0.71723223         13764
      2.818     0.350       16.640004          0.44223808         10813
      3.548     0.350       11.032675          0.33908336          8408
      4.467     0.350       7.3528370          0.24158523          6660
      5.623     0.350       4.3576520          0.16902258          4943
      7.079     0.350       2.5618560          0.11784515          3534
      8.913     0.350       1.4494306          0.69192159E-01      2580
      0.112     0.450       1006.2712           12.371633         46378
      0.141     0.450       893.54845           11.088720         48142
      0.178     0.450       782.81511           9.8416082         49241
      0.224     0.450       615.99532           7.9772046         48401
      0.282     0.450       495.33328           6.6525564         46964
      0.355     0.450       398.39728           5.6189628         44514
      0.447     0.450       290.04798           4.1226732         40804
      0.562     0.450       223.09071           3.3476863         36988
      0.708     0.450       161.81139           2.5073598         32538
      0.891     0.450       116.29335           1.9675156         27833
      1.122     0.450       80.085028           1.4791355         23751
      1.413     0.450       57.552151           1.1567535         19534
      1.778     0.450       37.029109          0.82151206         15982
      2.239     0.450       24.201455          0.60660988         12662
      2.818     0.450       15.738326          0.43973900         10032
      3.548     0.450       9.6785290          0.31635198          7591
      4.467     0.450       6.4213560          0.24134783          5877
      5.623     0.450       3.7953703          0.16282992          4380
      7.079     0.450       2.3423033          0.11082260          3217
      8.913     0.450       1.3713197          0.77340315E-01      2233
      0.112     0.550       970.75767           11.419877         50343
      0.141     0.550       858.83846           10.286691         51959
      0.178     0.550       734.71368           8.9840072         52032
      0.224     0.550       604.61223           7.5820131         51015
      0.282     0.550       473.64672           6.1457757         48579
      0.355     0.550       380.80552           5.2224904         45761
      0.447     0.550       285.58875           4.0195947         41323
      0.562     0.550       207.28627           3.0291797         37062
      0.708     0.550       155.30632           2.4475579         32118
      0.891     0.550       106.62165           1.8032830         27240
      1.122     0.550       76.330334           1.4439662         22676
      1.413     0.550       50.224072           1.0427601         18453
      1.778     0.550       34.015854          0.79194251         14975
      2.239     0.550       21.138530          0.54753546         11711
      2.818     0.550       13.699695          0.38173489          9332
      3.548     0.550       8.4679907          0.26720525          6918
      4.467     0.550       5.4555258          0.22212003          5172
      5.623     0.550       3.4249103          0.14418972          3969
      7.079     0.550       1.8578857          0.98016338E-01      2729
      8.913     0.550       1.0744740          0.66570949E-01      1976
      0.112     0.650       916.10787           10.431767         53000
      0.141     0.650       827.74311           9.4668499         54562
      0.178     0.650       696.61750           8.2009403         54141
      0.224     0.650       572.12567           7.0190499         52364
      0.282     0.650       458.83402           5.7735411         49651
      0.355     0.650       360.20256           4.7568025         45675
      0.447     0.650       275.43633           3.8075213         41249
      0.562     0.650       205.43683           3.0313464         36040
      0.708     0.650       145.13150           2.2523220         31000
      0.891     0.650       100.96020           1.7315506         26029
      1.122     0.650       69.903492           1.3455378         21407
      1.413     0.650       48.411199           1.0294090         17274
      1.778     0.650       30.936883          0.74761163         13549
      2.239     0.650       20.569583          0.55669996         10876
      2.818     0.650       12.260415          0.39738512          8155
      3.548     0.650       7.2291498          0.26786394          6213
      4.467     0.650       4.5494594          0.18922283          4558
      5.623     0.650       2.7809520          0.12613158          3349
      7.079     0.650       1.6707537          0.87196820E-01      2369
      8.913     0.650       1.0813235          0.72809076E-01      1801
      0.112     0.750       889.83817           9.7771096         54976
      0.141     0.750       823.20051           9.3149923         56259
      0.178     0.750       677.53367           7.8622393         55670
      0.224     0.750       559.40124           6.7089612         52631
      0.282     0.750       450.16784           5.5324622         49611
      0.355     0.750       352.42469           4.5809024         45086
      0.447     0.750       263.10418           3.6419490         40044
      0.562     0.750       191.43948           2.8571806         34570
      0.708     0.750       137.29234           2.1998625         29678
      0.891     0.750       95.520061           1.7164998         24468
      1.122     0.750       63.845115           1.2606986         19935
      1.413     0.750       42.746516          0.96719657         15743
      1.778     0.750       27.243967          0.70571739         12442
      2.239     0.750       17.981410          0.52261941          9685
      2.818     0.750       10.914859          0.36809152          7218
      3.548     0.750       6.7437862          0.24984541          5366
      4.467     0.750       4.3614157          0.19518658          4132
      5.623     0.750       2.4919873          0.12565364          2943
      7.079     0.750       1.4795126          0.82971075E-01      2213
      8.913     0.750      0.82508929          0.57046137E-01      1501
      0.112     0.850       878.71582           9.4814592         56579
      0.141     0.850       801.54701           8.8875227         56841
      0.178     0.850       677.01234           7.8326966         55470
      0.224     0.850       531.44136           6.2955729         52658
      0.282     0.850       436.58720           5.3925044         49102
      0.355     0.850       333.14425           4.3656179         44329
      0.447     0.850       252.72767           3.5250812         38906
      0.562     0.850       184.36017           2.7654749         33348
      0.708     0.850       129.53623           2.1248947         28040
      0.891     0.850       91.485830           1.6504994         23137
      1.122     0.850       60.695616           1.2369156         18594
      1.413     0.850       40.832982          0.92461941         14856
      1.778     0.850       25.799414          0.66994318         11762
      2.239     0.850       15.642238          0.49347910          8803
      2.818     0.850       9.8733552          0.33173284          6763
      3.548     0.850       6.1865586          0.24810134          4960
      4.467     0.850       3.6300189          0.16700373          3698
      5.623     0.850       2.2667524          0.12665920          2731
      7.079     0.850       1.2593330          0.76714473E-01      1947
      8.913     0.850      0.73969851          0.59173877E-01      1357
      0.112     0.950       872.35866           9.2651791         57372
      0.141     0.950       768.88575           8.4380303         57112
      0.178     0.950       652.85826           7.4551560         55446
      0.224     0.950       530.64531           6.3292171         51887
      0.282     0.950       427.67184           5.3619503         47988
      0.355     0.950       324.06124           4.2923605         42940
      0.447     0.950       241.81783           3.4164763         37496
      0.562     0.950       177.50392           2.7059976         32113
      0.708     0.950       124.03883           2.0848572         26521
      0.891     0.950       87.460359           1.6321763         21939
      1.122     0.950       57.551176           1.2052783         17736
      1.413     0.950       36.949580          0.88334753         13692
      1.778     0.950       23.002392          0.63878738         10689
      2.239     0.950       14.877651          0.47280310          8314
      2.818     0.950       9.0810553          0.32620798          6191
      3.548     0.950       5.6744148          0.25310407          4512
      4.467     0.950       3.1721413          0.14585235          3361
      5.623     0.950       1.8441971          0.10334972          2403
      7.079     0.950       1.1265454          0.76190636E-01      1678
      8.913     0.950      0.69812524          0.57399753E-01      1181
