 # tables0/fmin10_0401z.sno_nbe   
      0.112    -0.950       464.10331           5.3729574         51815
      0.141    -0.950       418.16625           4.8912677         51745
      0.178    -0.950       366.25629           4.3113771         51137
      0.224    -0.950       296.14959           3.5490578         48220
      0.282    -0.950       249.90629           3.0769775         44717
      0.355    -0.950       201.55868           2.6394461         40690
      0.447    -0.950       157.64144           2.2302549         35407
      0.562    -0.950       113.37467           1.7227309         30105
      0.708    -0.950       86.054253           1.4536805         25278
      0.891    -0.950       58.598985           1.1197137         20807
      1.122    -0.950       39.607407          0.82958393         16597
      1.413    -0.950       25.921569          0.61889114         13227
      1.778    -0.950       17.610544          0.48688351         10337
      2.239    -0.950       11.005303          0.35342036          7924
      2.818    -0.950       6.7491415          0.24850782          5838
      3.548    -0.950       4.6593498          0.20630747          4391
      4.467    -0.950       2.5385104          0.12721989          3255
      5.623    -0.950       1.4648011          0.83255315E-01      2342
      7.079    -0.950      0.91684979          0.56345296E-01      1645
      8.913    -0.950      0.51072206          0.37920853E-01      1185
      0.112    -0.850       316.55995           3.9985075         47801
      0.141    -0.850       297.34866           3.6908619         49090
      0.178    -0.850       263.30016           3.2680443         48582
      0.224    -0.850       236.68822           2.8896580         47402
      0.282    -0.850       198.38082           2.5161733         44156
      0.355    -0.850       167.27298           2.1846049         40544
      0.447    -0.850       130.56782           1.8247463         35853
      0.562    -0.850       101.25158           1.5196564         31291
      0.708    -0.850       77.193452           1.2865427         26703
      0.891    -0.850       56.270500           1.0130654         21982
      1.122    -0.850       39.413847          0.78405914         17931
      1.413    -0.850       26.202465          0.58743848         14283
      1.778    -0.850       17.389203          0.43636003         11183
      2.239    -0.850       11.749421          0.34874083          8590
      2.818    -0.850       7.1977061          0.24339152          6570
      3.548    -0.850       4.4478820          0.16847984          4854
      4.467    -0.850       2.8082751          0.12722457          3502
      5.623    -0.850       1.6990988          0.95543542E-01      2620
      7.079    -0.850      0.98121574          0.59672599E-01      1782
      8.913    -0.850      0.62179794          0.51520433E-01      1277
      0.112    -0.750       218.67314           2.3628537         45115
      0.141    -0.750       216.34461           2.3179497         46578
      0.178    -0.750       203.77404           2.1769865         47126
      0.224    -0.750       193.51794           2.1083100         46451
      0.282    -0.750       169.23407           1.9150961         43879
      0.355    -0.750       147.45454           1.7326245         40617
      0.447    -0.750       120.98936           1.5083478         36825
      0.562    -0.750       97.315840           1.3194607         32214
      0.708    -0.750       77.237972           1.1532367         27633
      0.891    -0.750       56.006964          0.92525855         22860
      1.122    -0.750       41.594669          0.79303593         19140
      1.413    -0.750       27.634969          0.57796836         15404
      1.778    -0.750       19.735136          0.47063356         12271
      2.239    -0.750       13.166295          0.36577451          9440
      2.818    -0.750       8.0644353          0.25182375          7080
      3.548    -0.750       4.8680622          0.17856574          5384
      4.467    -0.750       2.9221427          0.12701966          3864
      5.623    -0.750       1.8220085          0.90734247E-01      3032
      7.079    -0.750       1.1043011          0.56660399E-01      2088
      8.913    -0.750      0.61192521          0.37389271E-01      1463
      0.112    -0.650       230.48474           2.7908283         43220
      0.141    -0.650       223.99940           2.5800617         45318
      0.178    -0.650       211.66854           2.4074662         46054
      0.224    -0.650       197.61126           2.3109245         45569
      0.282    -0.650       176.08253           2.0890952         43696
      0.355    -0.650       149.10181           1.8178092         41373
      0.447    -0.650       124.49657           1.6231578         37474
      0.562    -0.650       102.20418           1.3742831         33417
      0.708    -0.650       77.288220           1.1259370         28857
      0.891    -0.650       59.800068          0.97001808         24762
      1.122    -0.650       45.002634          0.79618515         20338
      1.413    -0.650       31.120836          0.63452793         16460
      1.778    -0.650       20.909245          0.47775933         13124
      2.239    -0.650       14.222547          0.36395439         10398
      2.818    -0.650       9.0266582          0.28243523          7877
      3.548    -0.650       6.0336259          0.20282140          6014
      4.467    -0.650       3.5628758          0.15509593          4362
      5.623    -0.650       2.1256526          0.98572458E-01      3331
      7.079    -0.650       1.2031296          0.66397473E-01      2323
      8.913    -0.650      0.75052776          0.46407510E-01      1663
      0.112    -0.550       307.06126           4.3826062         41096
      0.141    -0.550       284.91671           3.9601020         43475
      0.178    -0.550       256.64979           3.5148858         44283
      0.224    -0.550       230.69495           3.1532629         44300
      0.282    -0.550       196.87059           2.6361705         42732
      0.355    -0.550       167.86895           2.2664956         40756
      0.447    -0.550       138.15397           1.9242737         37321
      0.562    -0.550       113.16347           1.6554630         33991
      0.708    -0.550       84.820878           1.2727198         29726
      0.891    -0.550       65.396736           1.0917315         25749
      1.122    -0.550       44.606105          0.81438860         21308
      1.413    -0.550       32.947124          0.66019400         17549
      1.778    -0.550       22.615378          0.51708429         14063
      2.239    -0.550       15.741856          0.39790449         11354
      2.818    -0.550       9.9453381          0.29939860          8723
      3.548    -0.550       6.4083154          0.21025625          6592
      4.467    -0.550       4.0188745          0.14785531          5003
      5.623    -0.550       2.3740784          0.10433262          3701
      7.079    -0.550       1.6411698          0.84061591E-01      2683
      8.913    -0.550      0.93667251          0.54728857E-01      1938
      0.112    -0.450       374.46250           5.4656121         39025
      0.141    -0.450       349.71745           5.0457623         41249
      0.178    -0.450       318.16421           4.4941251         42201
      0.224    -0.450       271.89377           3.8094118         42548
      0.282    -0.450       223.89223           3.1124754         41420
      0.355    -0.450       190.06793           2.7358100         39877
      0.447    -0.450       149.88457           2.1759947         37008
      0.562    -0.450       128.95006           1.9365642         34574
      0.708    -0.450       91.454064           1.3989657         30410
      0.891    -0.450       69.908301           1.1668675         26124
      1.122    -0.450       52.562489          0.94932881         22503
      1.413    -0.450       37.387103          0.72899612         19044
      1.778    -0.450       25.573168          0.55291525         15399
      2.239    -0.450       16.851281          0.42912608         12208
      2.818    -0.450       11.703178          0.31500312          9722
      3.548    -0.450       6.9212969          0.21929980          7331
      4.467    -0.450       4.6934566          0.16618656          5620
      5.623    -0.450       2.6893074          0.10920986          4123
      7.079    -0.450       1.5523822          0.67353820E-01      3014
      8.913    -0.450      0.93014645          0.46956830E-01      2105
      0.112    -0.350       472.42457           7.1642987         35720
      0.141    -0.350       426.70224           6.3278657         37822
      0.178    -0.350       385.53681           5.5811695         39200
      0.224    -0.350       336.65699           4.9063720         39753
      0.282    -0.350       276.25115           4.0895978         39302
      0.355    -0.350       228.96897           3.4094668         37983
      0.447    -0.350       183.23617           2.9179546         35789
      0.562    -0.350       140.74547           2.1999573         33065
      0.708    -0.350       109.43867           1.7470229         29966
      0.891    -0.350       81.172915           1.3942308         26284
      1.122    -0.350       59.772965           1.0930883         22999
      1.413    -0.350       42.958896          0.83052865         19583
      1.778    -0.350       29.322969          0.61826539         16230
      2.239    -0.350       20.089612          0.47187028         13079
      2.818    -0.350       13.515771          0.36555216         10526
      3.548    -0.350       8.4240103          0.24914710          8205
      4.467    -0.350       5.5995049          0.18533400          6318
      5.623    -0.350       3.4453152          0.13716752          4722
      7.079    -0.350       2.2493056          0.10356312          3525
      8.913    -0.350       1.3029922          0.68650325E-01      2554
      0.112    -0.250       666.11335           10.026195         32632
      0.141    -0.250       609.43725           9.0231805         34063
      0.178    -0.250       519.46384           7.6381045         34812
      0.224    -0.250       447.25942           6.8414837         35195
      0.282    -0.250       362.93813           5.6612482         34553
      0.355    -0.250       294.68401           4.5460029         33642
      0.447    -0.250       225.99697           3.6447633         32262
      0.562    -0.250       178.34679           3.1858753         29920
      0.708    -0.250       130.14809           2.2716915         27824
      0.891    -0.250       97.095517           1.7835908         24761
      1.122    -0.250       70.541346           1.4156328         22045
      1.413    -0.250       50.425770           1.0395618         19340
      1.778    -0.250       34.068667          0.74923280         16502
      2.239    -0.250       23.531261          0.57350910         13588
      2.818    -0.250       14.791333          0.37472043         11020
      3.548    -0.250       10.118916          0.29484321          8934
      4.467    -0.250       6.1936210          0.20566051          6928
      5.623    -0.250       3.9813808          0.13890410          5401
      7.079    -0.250       2.6555730          0.11247482          4090
      8.913    -0.250       1.4836333          0.67670183E-01      2958
      0.112    -0.150       1117.9299           17.708795         26581
      0.141    -0.150       940.24665           15.452615         27433
      0.178    -0.150       815.84533           14.039539         27766
      0.224    -0.150       634.74059           10.894202         27139
      0.282    -0.150       502.62762           9.0950278         27020
      0.355    -0.150       386.91100           7.2214240         25717
      0.447    -0.150       300.57841           5.7053030         25004
      0.562    -0.150       219.98016           4.4494211         23150
      0.708    -0.150       152.36722           3.1938207         21258
      0.891    -0.150       111.56027           2.4628269         19511
      1.122    -0.150       77.448546           1.7225954         17366
      1.413    -0.150       57.908655           1.3963037         15622
      1.778    -0.150       36.209523          0.91556624         13404
      2.239    -0.150       26.404574          0.69345158         11623
      2.818    -0.150       17.767741          0.53660962          9759
      3.548    -0.150       12.091414          0.38983420          8112
      4.467    -0.150       7.9010876          0.26926101          6560
      5.623    -0.150       5.1781771          0.19829908          5248
      7.079    -0.150       3.1894881          0.12613483          3983
      8.913    -0.150       2.1081743          0.91840113E-01      3166
      0.112    -0.050       1864.9453           56.670772         12883
      0.141    -0.050       1483.5153           46.012323         12934
      0.178    -0.050       1214.1178           39.425707         12604
      0.224    -0.050       955.53421           32.381466         12218
      0.282    -0.050       790.16459           30.331655         11785
      0.355    -0.050       537.39051           21.734211         11229
      0.447    -0.050       402.31835           15.987359         10593
      0.562    -0.050       273.08621           10.986952          9737
      0.708    -0.050       199.63370           7.7540361          9012
      0.891    -0.050       129.82218           5.4192090          8430
      1.122    -0.050       87.654169           3.8817700          7332
      1.413    -0.050       61.930541           3.2165213          6562
      1.778    -0.050       43.462423           2.1127057          5855
      2.239    -0.050       28.471548           1.3433171          5140
      2.818    -0.050       18.952564          0.98340018          4416
      3.548    -0.050       13.097375          0.75689217          3700
      4.467    -0.050       9.1200558          0.57472844          3084
      5.623    -0.050       5.9111971          0.32610639          2578
      7.079    -0.050       3.9767188          0.23201953          2018
      8.913    -0.050       2.2927680          0.15963049          1617
      0.112     0.050       1915.3817           57.407696         12686
      0.141     0.050       1523.1888           47.711017         12737
      0.178     0.050       1187.7593           38.240899         12543
      0.224     0.050       922.81850           32.088643         12100
      0.282     0.050       775.80578           30.049376         11915
      0.355     0.050       565.95595           20.866426         11204
      0.447     0.050       395.30855           15.245385         10521
      0.562     0.050       259.46047           9.9405869          9675
      0.708     0.050       191.98221           8.1940383          8814
      0.891     0.050       122.20503           4.9818992          8306
      1.122     0.050       94.036370           4.8876839          7323
      1.413     0.050       60.456013           3.2021028          6557
      1.778     0.050       41.271921           2.1524847          5891
      2.239     0.050       29.080724           1.4239990          5078
      2.818     0.050       20.613066           1.1372493          4450
      3.548     0.050       12.109627          0.66844395          3693
      4.467     0.050       8.6072514          0.54093050          3106
      5.623     0.050       5.7181264          0.34937358          2624
      7.079     0.050       3.4980566          0.21954717          2085
      8.913     0.050       2.1811541          0.14758875          1633
      0.112     0.150       1257.2853           20.904221         26769
      0.141     0.150       1048.6460           17.259082         27381
      0.178     0.150       858.18114           14.925929         27358
      0.224     0.150       694.98967           12.097044         27355
      0.282     0.150       531.54790           9.7911233         26402
      0.355     0.150       407.75009           7.9266901         25954
      0.447     0.150       289.44043           5.6839035         24543
      0.562     0.150       223.73688           4.7403110         22837
      0.708     0.150       156.17158           3.4414812         21224
      0.891     0.150       111.60880           2.5331615         19555
      1.122     0.150       79.316429           1.7887898         17452
      1.413     0.150       53.692968           1.2705985         15498
      1.778     0.150       37.372568          0.94178429         13437
      2.239     0.150       26.069622          0.70738702         11531
      2.818     0.150       17.216519          0.49399424          9560
      3.548     0.150       11.816813          0.36225178          7913
      4.467     0.150       7.4609740          0.24086220          6541
      5.623     0.150       5.2651126          0.20322943          5177
      7.079     0.150       3.0837237          0.12140063          3945
      8.913     0.150       1.8775250          0.83161633E-01      2995
      0.112     0.250       969.46398           13.729555         34511
      0.141     0.250       838.46880           12.312735         35335
      0.178     0.250       704.18013           10.544087         35691
      0.224     0.250       550.68278           8.2986819         35814
      0.282     0.250       441.18934           6.9437607         35165
      0.355     0.250       334.26079           5.4661353         33657
      0.447     0.250       260.37674           4.4511837         32226
      0.562     0.250       189.04526           3.2946326         29800
      0.708     0.250       140.57621           2.5525965         27541
      0.891     0.250       100.78410           1.9121027         25003
      1.122     0.250       67.863027           1.3316779         21824
      1.413     0.250       49.105787           1.0420862         18855
      1.778     0.250       34.654100          0.79966296         15998
      2.239     0.250       23.426862          0.58456214         13299
      2.818     0.250       15.374896          0.41244110         10893
      3.548     0.250       10.337923          0.33085430          8797
      4.467     0.250       6.3318412          0.20075184          6843
      5.623     0.250       3.6901256          0.14332980          5139
      7.079     0.250       2.5570431          0.98083460E-01      4005
      8.913     0.250       1.6150991          0.73325463E-01      2938
      0.112     0.350       875.96310           11.507424         40380
      0.141     0.350       763.07165           10.257249         41752
      0.178     0.350       639.26278           8.7686411         42450
      0.224     0.350       505.73708           7.0588667         42290
      0.282     0.350       407.47393           5.8467619         40903
      0.355     0.350       313.78690           4.5773867         39309
      0.447     0.350       230.41467           3.4074876         36802
      0.562     0.350       178.57095           2.7759822         33703
      0.708     0.350       132.09395           2.2080278         30366
      0.891     0.350       96.239212           1.7176091         26618
      1.122     0.350       64.160945           1.2019100         22970
      1.413     0.350       47.269552          0.96039858         19671
      1.778     0.350       30.888076          0.71924966         15953
      2.239     0.350       20.796124          0.52141197         12955
      2.818     0.350       13.100392          0.35275405         10326
      3.548     0.350       8.6470084          0.26345698          8157
      4.467     0.350       5.5410580          0.19208292          6215
      5.623     0.350       3.6791737          0.14249922          4888
      7.079     0.350       2.0116499          0.87192197E-01      3579
      8.913     0.350       1.2953215          0.63467926E-01      2535
      0.112     0.450       788.51181           9.6607076         44965
      0.141     0.450       682.18686           8.5165613         46366
      0.178     0.450       595.25392           7.6573131         46708
      0.224     0.450       477.65729           6.1232857         45999
      0.282     0.450       370.52881           4.9640693         44603
      0.355     0.450       297.42688           4.0884921         42527
      0.447     0.450       223.28399           3.2244035         38582
      0.562     0.450       169.95170           2.5593332         35251
      0.708     0.450       121.42789           1.9172481         31026
      0.891     0.450       89.392797           1.5452155         27180
      1.122     0.450       61.048715           1.1228329         22881
      1.413     0.450       42.616342          0.90421267         18821
      1.778     0.450       27.795264          0.63260398         15225
      2.239     0.450       18.142927          0.48526420         12156
      2.818     0.450       11.890071          0.33946212          9434
      3.548     0.450       7.6849871          0.25314241          7370
      4.467     0.450       4.6709780          0.16402367          5697
      5.623     0.450       3.1063949          0.13616624          4166
      7.079     0.450       1.8097887          0.83613277E-01      3070
      8.913     0.450      0.95574952          0.53080091E-01      2159
      0.112     0.550       731.85277           8.5420747         48663
      0.141     0.550       665.48494           7.9241570         49967
      0.178     0.550       553.09593           6.5948447         50137
      0.224     0.550       463.71370           5.6536949         49124
      0.282     0.550       364.52890           4.6508808         46850
      0.355     0.550       287.12955           3.8231295         43423
      0.447     0.550       218.29383           3.0787428         39987
      0.562     0.550       161.55755           2.4202755         35515
      0.708     0.550       118.41694           1.9006260         30703
      0.891     0.550       82.948872           1.4566144         26274
      1.122     0.550       56.970137           1.0800817         22136
      1.413     0.550       38.149977          0.81389004         18040
      1.778     0.550       25.743539          0.62059009         14488
      2.239     0.550       17.224655          0.47700551         11310
      2.818     0.550       11.124140          0.34935875          9052
      3.548     0.550       6.5648138          0.22112625          6599
      4.467     0.550       4.4565622          0.17234310          5071
      5.623     0.550       2.4043923          0.10022143          3698
      7.079     0.550       1.4541795          0.77668334E-01      2702
      8.913     0.550      0.84533768          0.48183400E-01      1904
      0.112     0.650       738.50965           8.3141230         51453
      0.141     0.650       637.67459           7.4158137         52339
      0.178     0.650       534.28650           6.1646039         52556
      0.224     0.650       433.39929           5.2322660         50624
      0.282     0.650       344.69593           4.3002991         47528
      0.355     0.650       278.06428           3.5931051         44020
      0.447     0.650       211.93795           2.9368441         39330
      0.562     0.650       155.30765           2.2672751         34343
      0.708     0.650       111.79555           1.8154241         29781
      0.891     0.650       78.846903           1.3773755         25099
      1.122     0.650       55.557229           1.0634119         21005
      1.413     0.650       35.567652          0.76567538         16463
      1.778     0.650       22.929331          0.57511117         13197
      2.239     0.650       14.374146          0.38553193         10254
      2.818     0.650       9.2506205          0.29199582          8025
      3.548     0.650       6.1942750          0.23265387          5917
      4.467     0.650       3.4509304          0.14664391          4242
      5.623     0.650       1.9930312          0.95398146E-01      3185
      7.079     0.650       1.3163182          0.73604965E-01      2281
      8.913     0.650      0.66405598          0.40751823E-01      1623
      0.112     0.750       689.34166           7.6387696         53056
      0.141     0.750       625.92786           7.0302200         53856
      0.178     0.750       517.27692           5.9529448         53251
      0.224     0.750       422.90706           4.9466998         51103
      0.282     0.750       339.17179           4.1661006         47551
      0.355     0.750       269.88439           3.4988354         43443
      0.447     0.750       198.44499           2.7169254         38449
      0.562     0.750       144.17063           2.1702336         33185
      0.708     0.750       105.10532           1.7283639         28080
      0.891     0.750       73.831684           1.3239969         23866
      1.122     0.750       49.858881          0.99942870         19282
      1.413     0.750       33.816751          0.77314570         15548
      1.778     0.750       20.806970          0.53959324         12025
      2.239     0.750       13.489333          0.38141452          9298
      2.818     0.750       7.7458034          0.25063598          6982
      3.548     0.750       5.0363936          0.19027655          5335
      4.467     0.750       3.3670129          0.14835265          3927
      5.623     0.750       1.8727486          0.92726567E-01      2813
      7.079     0.750       1.1758297          0.71089418E-01      2032
      8.913     0.750      0.63424960          0.40110984E-01      1406
      0.112     0.850       688.56082           7.3894632         55027
      0.141     0.850       605.92973           6.7025018         55048
      0.178     0.850       500.63676           5.6487188         53601
      0.224     0.850       408.00679           4.6880136         50825
      0.282     0.850       336.03522           4.0527596         47317
      0.355     0.850       254.45580           3.2741641         42677
      0.447     0.850       192.78891           2.6336616         37443
      0.562     0.850       140.43245           2.1797956         32241
      0.708     0.850       97.796376           1.6626826         27127
      0.891     0.850       67.583290           1.2646272         22099
      1.122     0.850       47.412612           1.0074993         18053
      1.413     0.850       30.783044          0.74018983         14478
      1.778     0.850       19.090598          0.51171324         11338
      2.239     0.850       12.437644          0.37842731          8497
      2.818     0.850       8.0921411          0.29604453          6614
      3.548     0.850       4.5622028          0.18879183          4790
      4.467     0.850       3.1062714          0.14711409          3564
      5.623     0.850       1.6950524          0.88299736E-01      2548
      7.079     0.850       1.0360896          0.68414976E-01      1847
      8.913     0.850      0.55681952          0.41763665E-01      1247
      0.112     0.950       666.25940           7.0558350         54978
      0.141     0.950       596.02117           6.4252931         55423
      0.178     0.950       498.30662           5.5985130         53243
      0.224     0.950       410.29132           4.7591873         50750
      0.282     0.950       322.56591           3.8558199         46358
      0.355     0.950       250.71630           3.2730047         41477
      0.447     0.950       194.55720           2.7172724         36626
      0.562     0.950       134.42155           2.0942034         30445
      0.708     0.950       94.067835           1.6154200         25909
      0.891     0.950       64.141411           1.2260264         21288
      1.122     0.950       43.087885          0.94127786         16839
      1.413     0.950       27.949343          0.69438749         13373
      1.778     0.950       17.647704          0.47843449         10415
      2.239     0.950       11.566836          0.37975557          7964
      2.818     0.950       6.8841416          0.25365902          5868
      3.548     0.950       4.1463384          0.18561799          4328
      4.467     0.950       2.6411043          0.13166745          3278
      5.623     0.950       1.5269730          0.89572458E-01      2294
      7.079     0.950      0.81922122          0.49484228E-01      1700
      8.913     0.950      0.53399739          0.35160191E-01      1253
