 # tables0/fmin20_0401z.sno_num   
      0.106    -0.950       1163.2538           13.195148         53996
      0.119    -0.950       1091.3041           12.388681         54761
      0.133    -0.950       1019.8348           11.639128         55299
      0.150    -0.950       950.37011           10.880648         56024
      0.168    -0.950       897.12037           10.201860         55988
      0.188    -0.950       803.21035           9.2568005         55478
      0.211    -0.950       765.38548           8.7471529         55560
      0.237    -0.950       705.03631           8.1972886         54675
      0.266    -0.950       643.16955           7.5225840         53124
      0.299    -0.950       576.54431           6.8671382         51483
      0.335    -0.950       517.64659           6.2588822         49413
      0.376    -0.950       454.91030           5.6208091         47879
      0.422    -0.950       401.15236           5.1339573         45687
      0.473    -0.950       365.31804           4.7329754         43491
      0.531    -0.950       312.51684           4.2417350         40994
      0.596    -0.950       269.10380           3.7631098         38488
      0.668    -0.950       233.05679           3.4237049         36490
      0.750    -0.950       198.82612           2.9932257         34001
      0.841    -0.950       180.02281           2.8322330         31703
      0.944    -0.950       151.39580           2.4454094         29668
      1.059    -0.950       126.84288           2.1713567         27333
      1.189    -0.950       104.15889           1.9273693         25313
      1.334    -0.950       88.710331           1.6490183         23343
      1.496    -0.950       77.535998           1.5080860         21471
      1.679    -0.950       62.062012           1.2653248         19584
      1.884    -0.950       53.457720           1.1563445         18018
      2.113    -0.950       44.720207           1.0351992         16205
      2.371    -0.950       36.434025          0.88163230         14577
      2.661    -0.950       29.949101          0.76836554         13380
      2.985    -0.950       25.048215          0.66098939         12132
      3.350    -0.950       20.061580          0.56140149         10825
      3.758    -0.950       17.115736          0.50422179          9738
      4.217    -0.950       13.076176          0.39783585          8732
      4.732    -0.950       10.393398          0.33853912          7983
      5.309    -0.950       8.5722646          0.31211781          6972
      5.957    -0.950       6.5889344          0.22240729          6257
      6.683    -0.950       6.1331370          0.23013085          5601
      7.499    -0.950       4.7577589          0.18502261          4909
      8.414    -0.950       3.6937836          0.15837021          4351
      9.441    -0.950       3.0309922          0.13233329          3661
      0.106    -0.850       753.79790           9.5860418         48481
      0.119    -0.850       716.76689           8.9265580         49804
      0.133    -0.850       678.15397           8.2701996         50536
      0.150    -0.850       655.43543           8.1113739         51294
      0.168    -0.850       612.74057           7.4364569         52039
      0.188    -0.850       585.87352           7.0737720         51695
      0.211    -0.850       549.19300           6.6629175         51713
      0.237    -0.850       523.87659           6.3234953         51699
      0.266    -0.850       475.50610           5.7724886         50426
      0.299    -0.850       448.16925           5.4825381         49579
      0.335    -0.850       416.16642           5.1824223         47991
      0.376    -0.850       365.07692           4.6588142         45999
      0.422    -0.850       342.35275           4.3354171         44797
      0.473    -0.850       306.35216           4.0173676         42675
      0.531    -0.850       262.28564           3.4632947         40357
      0.596    -0.850       230.70110           3.1593630         38611
      0.668    -0.850       204.79546           2.9051641         36466
      0.750    -0.850       178.19772           2.6335109         33979
      0.841    -0.850       160.18684           2.4019934         32099
      0.944    -0.850       136.72823           2.1647587         29570
      1.059    -0.850       122.08352           2.0281343         27839
      1.189    -0.850       95.593709           1.6491664         25439
      1.334    -0.850       84.702970           1.5137026         23618
      1.496    -0.850       70.928760           1.3191398         21791
      1.679    -0.850       60.414959           1.1787689         20059
      1.884    -0.850       51.235378           1.0675501         18265
      2.113    -0.850       41.981983          0.91902293         16268
      2.371    -0.850       35.027067          0.78715546         15087
      2.661    -0.850       28.288976          0.66832441         13703
      2.985    -0.850       24.980939          0.65648685         12368
      3.350    -0.850       20.129420          0.53440986         11110
      3.758    -0.850       16.814753          0.46834316         10133
      4.217    -0.850       13.185208          0.39176348          9002
      4.732    -0.850       11.147245          0.35381796          8091
      5.309    -0.850       8.9576791          0.29675004          7158
      5.957    -0.850       7.2942488          0.24581593          6524
      6.683    -0.850       5.9965887          0.23507758          5750
      7.499    -0.850       4.7820126          0.16985949          5061
      8.414    -0.850       3.9507755          0.16987500          4410
      9.441    -0.850       3.5371544          0.16276306          3868
      0.106    -0.750       478.26979           5.0583072         45031
      0.119    -0.750       479.07649           5.0788524         45953
      0.133    -0.750       476.52995           5.0121370         47590
      0.150    -0.750       462.58853           4.8289435         48462
      0.168    -0.750       449.89856           4.7323529         49010
      0.188    -0.750       454.15972           4.7066321         49707
      0.211    -0.750       436.73176           4.6725242         49617
      0.237    -0.750       426.71946           4.5465532         49434
      0.266    -0.750       399.29269           4.3152636         48376
      0.299    -0.750       376.16433           4.0771044         47714
      0.335    -0.750       358.85685           3.9554691         46791
      0.376    -0.750       323.75705           3.6789240         45092
      0.422    -0.750       296.69537           3.4731614         43864
      0.473    -0.750       277.14569           3.3672719         42224
      0.531    -0.750       252.49687           3.1592722         40094
      0.596    -0.750       221.06559           2.8319708         38116
      0.668    -0.750       199.49026           2.6694722         35775
      0.750    -0.750       172.39436           2.3852768         33891
      0.841    -0.750       158.74110           2.3547425         31665
      0.944    -0.750       134.36165           2.0767104         29785
      1.059    -0.750       118.50646           1.8883185         27675
      1.189    -0.750       101.04477           1.6984049         25556
      1.334    -0.750       86.505515           1.5086531         23967
      1.496    -0.750       72.212862           1.3263954         21861
      1.679    -0.750       62.923514           1.2462295         19882
      1.884    -0.750       52.413953           1.0710956         18324
      2.113    -0.750       44.798182          0.95247982         16897
      2.371    -0.750       36.780486          0.84353643         15415
      2.661    -0.750       29.071082          0.70615734         13934
      2.985    -0.750       24.505915          0.60916908         12407
      3.350    -0.750       20.691764          0.53406230         11480
      3.758    -0.750       17.670829          0.49143728         10303
      4.217    -0.750       14.080828          0.42494880          9270
      4.732    -0.750       11.680429          0.34845650          8321
      5.309    -0.750       9.2003799          0.30530919          7370
      5.957    -0.750       7.5348948          0.24633456          6583
      6.683    -0.750       6.3293816          0.23204845          5804
      7.499    -0.750       4.8199963          0.17692360          5127
      8.414    -0.750       4.1472997          0.16986087          4639
      9.441    -0.750       3.1967817          0.13781905          4003
      0.106    -0.650       503.18000           5.9012812         42595
      0.119    -0.650       510.35811           6.0411808         44118
      0.133    -0.650       495.97225           5.8161866         45460
      0.150    -0.650       476.14801           5.4985470         46287
      0.168    -0.650       465.20826           5.3005302         47000
      0.188    -0.650       460.69236           5.2143756         47671
      0.211    -0.650       441.90649           4.9674266         48031
      0.237    -0.650       422.45010           4.7725619         47633
      0.266    -0.650       407.02690           4.6817375         47293
      0.299    -0.650       378.88187           4.3001769         46587
      0.335    -0.650       347.58217           4.0125136         45725
      0.376    -0.650       332.05229           3.9113328         44774
      0.422    -0.650       309.16319           3.7168949         43138
      0.473    -0.650       275.15214           3.3438348         41527
      0.531    -0.650       249.75858           3.1702141         39369
      0.596    -0.650       226.79936           2.9111585         37966
      0.668    -0.650       200.26525           2.6857606         35530
      0.750    -0.650       181.68796           2.5482008         33898
      0.841    -0.650       157.22366           2.3170011         31569
      0.944    -0.650       138.94895           2.1040089         29937
      1.059    -0.650       120.21467           1.8884380         27740
      1.189    -0.650       102.99869           1.6789225         25708
      1.334    -0.650       87.999887           1.5628523         23577
      1.496    -0.650       74.983245           1.3732011         21867
      1.679    -0.650       61.916297           1.1952305         20057
      1.884    -0.650       56.012066           1.1371771         18647
      2.113    -0.650       46.398699          0.99872593         16828
      2.371    -0.650       36.279952          0.80433279         15461
      2.661    -0.650       29.835555          0.70405716         14126
      2.985    -0.650       26.848567          0.65565805         12887
      3.350    -0.650       22.498086          0.58092137         11458
      3.758    -0.650       17.302709          0.46181422         10406
      4.217    -0.650       14.730076          0.42598488          9268
      4.732    -0.650       11.882269          0.37571851          8408
      5.309    -0.650       9.9603394          0.31661422          7487
      5.957    -0.650       7.6029644          0.25713218          6580
      6.683    -0.650       6.6429082          0.24607114          5954
      7.499    -0.650       5.1496427          0.19113841          5134
      8.414    -0.650       4.2707179          0.16185236          4779
      9.441    -0.650       3.1393270          0.11993099          4071
      0.106    -0.550       705.51515           10.294996         40438
      0.119    -0.550       677.39456           9.4568677         42186
      0.133    -0.550       652.55859           9.2742035         43317
      0.150    -0.550       613.23955           8.4378836         44103
      0.168    -0.550       603.09359           8.2810105         44933
      0.188    -0.550       565.16878           7.5704575         45643
      0.211    -0.550       526.37430           7.1432381         45585
      0.237    -0.550       501.83884           6.5822481         45879
      0.266    -0.550       468.64700           6.0312859         45513
      0.299    -0.550       423.65765           5.5356543         44970
      0.335    -0.550       404.76393           5.2843220         43991
      0.376    -0.550       368.02860           4.9074900         42781
      0.422    -0.550       338.93098           4.4919107         42029
      0.473    -0.550       296.63245           3.9608736         40108
      0.531    -0.550       266.12601           3.6743429         38836
      0.596    -0.550       241.16647           3.3743502         36460
      0.668    -0.550       209.28262           2.9316752         35153
      0.750    -0.550       187.76553           2.7124873         33160
      0.841    -0.550       164.27571           2.4569995         31344
      0.944    -0.550       144.58560           2.2152305         29602
      1.059    -0.550       122.36728           1.9742107         27534
      1.189    -0.550       108.71126           1.8154443         25655
      1.334    -0.550       91.094873           1.6140126         23902
      1.496    -0.550       77.529050           1.3908772         21680
      1.679    -0.550       64.896396           1.2630235         20159
      1.884    -0.550       56.545068           1.1587936         18606
      2.113    -0.550       45.065839          0.95412317         16921
      2.371    -0.550       39.148256          0.87198015         15369
      2.661    -0.550       33.186088          0.79533940         14112
      2.985    -0.550       26.285307          0.64390533         12679
      3.350    -0.550       22.899352          0.61874443         11702
      3.758    -0.550       18.244338          0.49326545         10474
      4.217    -0.550       15.774380          0.44055721          9692
      4.732    -0.550       12.040021          0.35707941          8358
      5.309    -0.550       10.745879          0.34024465          7681
      5.957    -0.550       8.5616286          0.29119211          6779
      6.683    -0.550       6.6706735          0.25129429          5985
      7.499    -0.550       5.1454426          0.18641535          5379
      8.414    -0.550       4.2745418          0.17110156          4761
      9.441    -0.550       3.5538346          0.14761330          4134
      0.106    -0.450       903.08817           13.525518         38181
      0.119    -0.450       852.62522           12.891697         39698
      0.133    -0.450       831.50305           12.030670         40738
      0.150    -0.450       757.43713           11.036413         41141
      0.168    -0.450       714.59235           10.220072         42651
      0.188    -0.450       681.37490           9.4867714         43253
      0.211    -0.450       615.92819           8.5874931         43148
      0.237    -0.450       588.56448           8.2139005         43525
      0.266    -0.450       549.26785           7.6813843         43323
      0.299    -0.450       489.69663           6.9062814         42806
      0.335    -0.450       442.84590           6.1292289         41899
      0.376    -0.450       412.59611           5.7709249         41252
      0.422    -0.450       370.15026           5.1216836         40206
      0.473    -0.450       334.59956           4.7203830         39112
      0.531    -0.450       294.79896           4.2011001         37436
      0.596    -0.450       252.45379           3.6487217         35831
      0.668    -0.450       228.74438           3.2847601         34272
      0.750    -0.450       205.08168           3.0515991         32588
      0.841    -0.450       175.63852           2.6962117         31217
      0.944    -0.450       150.23629           2.3313648         28728
      1.059    -0.450       134.95951           2.2325182         27255
      1.189    -0.450       119.35609           2.0614208         25498
      1.334    -0.450       98.248328           1.7560347         23841
      1.496    -0.450       83.116144           1.5627215         21860
      1.679    -0.450       70.581814           1.3738662         20068
      1.884    -0.450       58.376352           1.1799567         18873
      2.113    -0.450       49.940149           1.0473408         17347
      2.371    -0.450       41.053390          0.88917850         15713
      2.661    -0.450       33.148167          0.80332713         14209
      2.985    -0.450       28.437537          0.69738624         12917
      3.350    -0.450       22.324344          0.56151202         11723
      3.758    -0.450       19.212660          0.52124713         10759
      4.217    -0.450       16.209000          0.46138310          9689
      4.732    -0.450       13.254185          0.38563127          8746
      5.309    -0.450       9.9217782          0.32005615          7595
      5.957    -0.450       8.4078889          0.26768262          6911
      6.683    -0.450       7.1290226          0.24736612          6274
      7.499    -0.450       5.4355712          0.20630323          5555
      8.414    -0.450       4.8848896          0.18934462          4856
      9.441    -0.450       4.1376788          0.16236436          4366
      0.106    -0.350       1162.6008           17.657128         35616
      0.119    -0.350       1125.5102           16.726260         36916
      0.133    -0.350       1015.1939           14.754465         38072
      0.150    -0.350       955.52225           14.144850         38808
      0.168    -0.350       895.45242           13.357719         38831
      0.188    -0.350       826.30883           12.055662         39827
      0.211    -0.350       775.10171           11.144275         40069
      0.237    -0.350       689.82549           9.9491249         40136
      0.266    -0.350       649.92009           9.4765196         40200
      0.299    -0.350       587.34224           8.4912289         39952
      0.335    -0.350       523.58910           7.3652038         39175
      0.376    -0.350       476.12873           6.8320413         38168
      0.422    -0.350       435.26521           6.4756872         37557
      0.473    -0.350       376.57847           5.2992629         36616
      0.531    -0.350       332.97678           5.0171272         35089
      0.596    -0.350       296.25726           4.4167983         33745
      0.668    -0.350       262.08847           3.9599845         32456
      0.750    -0.350       221.50472           3.3957879         30711
      0.841    -0.350       193.26051           3.0586427         29593
      0.944    -0.350       169.82291           2.7714709         28023
      1.059    -0.350       145.76348           2.4852467         26248
      1.189    -0.350       128.00926           2.2561653         24714
      1.334    -0.350       105.54970           1.8815968         23039
      1.496    -0.350       91.720371           1.7934066         21188
      1.679    -0.350       75.170167           1.4649882         19917
      1.884    -0.350       64.435565           1.3319264         18192
      2.113    -0.350       52.865457           1.1399207         16766
      2.371    -0.350       44.551026          0.98950821         15496
      2.661    -0.350       37.294993          0.85923612         14183
      2.985    -0.350       30.002425          0.75471484         12848
      3.350    -0.350       24.387700          0.61048409         11568
      3.758    -0.350       20.706903          0.54931725         10593
      4.217    -0.350       17.769290          0.49655666          9666
      4.732    -0.350       14.142603          0.43523002          8733
      5.309    -0.350       11.246805          0.35293805          7745
      5.957    -0.350       9.0976242          0.31207967          6995
      6.683    -0.350       7.4492319          0.24563483          6117
      7.499    -0.350       6.1431164          0.22434160          5480
      8.414    -0.350       5.4465850          0.20802558          5001
      9.441    -0.350       4.1919440          0.16483955          4384
      0.106    -0.250       1648.1016           24.684547         32364
      0.119    -0.250       1557.2302           22.812548         33436
      0.133    -0.250       1395.2330           20.616094         33974
      0.150    -0.250       1282.6553           18.885857         34219
      0.168    -0.250       1217.7525           17.853565         35165
      0.188    -0.250       1125.5524           16.854084         35181
      0.211    -0.250       1007.6299           15.009676         35303
      0.237    -0.250       927.59272           14.074690         35610
      0.266    -0.250       822.15149           12.220398         35312
      0.299    -0.250       735.43856           10.945344         35020
      0.335    -0.250       651.92273           9.8628106         34442
      0.376    -0.250       589.65622           9.0867049         33898
      0.422    -0.250       531.23805           8.2498459         33205
      0.473    -0.250       455.83352           7.0422278         32493
      0.531    -0.250       398.73399           6.2558511         31188
      0.596    -0.250       350.56992           5.6543640         30131
      0.668    -0.250       313.50245           5.3557460         29123
      0.750    -0.250       258.37277           4.2161414         27888
      0.841    -0.250       225.72999           3.8853824         26324
      0.944    -0.250       187.85765           3.3009487         25326
      1.059    -0.250       163.61695           2.9255359         23932
      1.189    -0.250       142.26421           2.7505977         22505
      1.334    -0.250       116.56086           2.3048040         21108
      1.496    -0.250       99.517713           2.0578798         19806
      1.679    -0.250       80.912078           1.6830307         18331
      1.884    -0.250       70.540590           1.5842563         17027
      2.113    -0.250       55.767980           1.2789458         15555
      2.371    -0.250       46.223768           1.0844008         14396
      2.661    -0.250       38.957250          0.92643426         13470
      2.985    -0.250       33.183380          0.81380963         12385
      3.350    -0.250       26.544636          0.71908425         11192
      3.758    -0.250       20.871208          0.57958800         10179
      4.217    -0.250       19.285454          0.55174155          9512
      4.732    -0.250       14.807538          0.43252900          8405
      5.309    -0.250       12.899541          0.39567315          7679
      5.957    -0.250       9.8160365          0.32042799          6891
      6.683    -0.250       8.3343681          0.28519728          6142
      7.499    -0.250       6.5752442          0.25012953          5483
      8.414    -0.250       5.5667547          0.21002101          4834
      9.441    -0.250       4.0442665          0.14739738          4190
      0.106    -0.150       2606.8495           40.291156         26790
      0.119    -0.150       2450.4948           38.233104         27461
      0.133    -0.150       2244.5265           36.559584         27831
      0.150    -0.150       2002.7808           32.195920         28163
      0.168    -0.150       1838.2300           29.569801         28077
      0.188    -0.150       1658.5612           27.676947         27973
      0.211    -0.150       1439.8646           24.121752         27886
      0.237    -0.150       1381.2379           23.884517         28159
      0.266    -0.150       1162.8947           19.661300         27685
      0.299    -0.150       1038.4132           18.049541         27123
      0.335    -0.150       901.51748           16.083142         26692
      0.376    -0.150       760.59546           14.202104         25768
      0.422    -0.150       682.19244           12.272205         25507
      0.473    -0.150       586.16576           11.820079         24486
      0.531    -0.150       501.69277           9.9619273         23804
      0.596    -0.150       418.75268           8.0882403         22998
      0.668    -0.150       350.45174           6.7164147         21863
      0.750    -0.150       302.43358           6.3497743         21202
      0.841    -0.150       260.48070           5.1951629         20442
      0.944    -0.150       222.31231           4.5719066         19357
      1.059    -0.150       182.88631           3.8992439         18525
      1.189    -0.150       152.34208           3.3435026         17459
      1.334    -0.150       135.66145           3.1645742         16581
      1.496    -0.150       109.35652           2.5771818         15558
      1.679    -0.150       88.868788           2.1259103         14600
      1.884    -0.150       75.733061           1.8687737         13282
      2.113    -0.150       61.022674           1.5388752         12637
      2.371    -0.150       51.778211           1.3629302         11760
      2.661    -0.150       42.373401           1.1725832         10892
      2.985    -0.150       34.008830          0.96098061          9943
      3.350    -0.150       28.627042          0.83221217          9318
      3.758    -0.150       23.890626          0.71495351          8630
      4.217    -0.150       19.105977          0.56108188          7748
      4.732    -0.150       15.961703          0.51737912          7053
      5.309    -0.150       12.398664          0.38556446          6453
      5.957    -0.150       10.895160          0.38733390          5796
      6.683    -0.150       8.4434490          0.29309545          5286
      7.499    -0.150       7.3626019          0.27981964          4833
      8.414    -0.150       5.8896814          0.25631267          4208
      9.441    -0.150       4.7638560          0.18904283          3847
      0.106    -0.050       4158.4205           112.52901         13211
      0.119    -0.050       4364.5194           131.27537         13326
      0.133    -0.050       3728.4907           112.09300         13234
      0.150    -0.050       3234.5616           101.47421         13197
      0.168    -0.050       2856.5099           85.347426         13148
      0.188    -0.050       2567.0454           83.240481         13132
      0.211    -0.050       2305.3665           77.245602         12806
      0.237    -0.050       2055.5003           69.398430         12406
      0.266    -0.050       1712.4975           58.396656         12079
      0.299    -0.050       1389.7337           44.827041         11956
      0.335    -0.050       1275.0415           48.821954         11652
      0.376    -0.050       1020.9413           37.556274         11208
      0.422    -0.050       867.63622           31.095757         10733
      0.473    -0.050       723.22688           26.621485         10349
      0.531    -0.050       624.92516           26.048291         10166
      0.596    -0.050       502.11974           21.070973          9772
      0.668    -0.050       428.78234           17.119812          9285
      0.750    -0.050       356.68794           14.630767          8616
      0.841    -0.050       282.90307           12.230702          8537
      0.944    -0.050       248.07097           11.231346          7899
      1.059    -0.050       213.85192           10.831700          7577
      1.189    -0.050       165.26158           7.2884823          7144
      1.334    -0.050       130.45153           6.0757360          6717
      1.496    -0.050       112.38173           4.5914087          6402
      1.679    -0.050       91.964576           3.5933847          6067
      1.884    -0.050       72.002133           3.1712719          5575
      2.113    -0.050       65.382848           2.9209489          5324
      2.371    -0.050       52.065889           2.2142981          4924
      2.661    -0.050       42.129727           1.9573013          4563
      2.985    -0.050       34.860700           1.6015462          4272
      3.350    -0.050       32.833634           1.6935253          4004
      3.758    -0.050       25.861548           1.4317508          3675
      4.217    -0.050       21.764651           1.3341397          3489
      4.732    -0.050       18.328788           1.0070638          3128
      5.309    -0.050       15.028337           1.0915686          2843
      5.957    -0.050       10.362756          0.58248349          2556
      6.683    -0.050       8.5688345          0.48842853          2349
      7.499    -0.050       7.8798343          0.56970850          2143
      8.414    -0.050       6.6117373          0.51034396          1913
      9.441    -0.050       4.7962224          0.31641045          1782
      0.106     0.050       4441.6609           124.13114         13108
      0.119     0.050       4462.8924           135.48692         13380
      0.133     0.050       3938.4365           121.88606         13004
      0.150     0.050       3244.6786           98.978489         13027
      0.168     0.050       2986.9378           89.970476         13129
      0.188     0.050       2550.7027           82.705075         12681
      0.211     0.050       2240.0849           76.042887         12531
      0.237     0.050       1998.1565           69.080835         12313
      0.266     0.050       1842.3577           64.831665         12190
      0.299     0.050       1420.5532           46.239318         11864
      0.335     0.050       1353.8343           48.779260         11646
      0.376     0.050       1021.6890           43.263698         11127
      0.422     0.050       878.36076           31.309877         10734
      0.473     0.050       736.26749           28.025624         10401
      0.531     0.050       600.12738           25.987236          9943
      0.596     0.050       507.24455           21.050024          9690
      0.668     0.050       439.18616           18.038268          9099
      0.750     0.050       339.62160           14.585215          8761
      0.841     0.050       291.65805           12.352912          8463
      0.944     0.050       243.24758           10.743273          7875
      1.059     0.050       197.45609           7.9844192          7713
      1.189     0.050       167.47971           7.8491376          7208
      1.334     0.050       128.38671           5.7436081          6829
      1.496     0.050       110.84306           5.0673273          6550
      1.679     0.050       95.314321           6.1815288          6026
      1.884     0.050       77.835110           3.7649973          5609
      2.113     0.050       60.285094           2.6952229          5384
      2.371     0.050       55.167256           2.7434206          4918
      2.661     0.050       43.121307           1.9363764          4495
      2.985     0.050       34.103282           1.6085761          4225
      3.350     0.050       31.219651           1.7737933          3948
      3.758     0.050       26.893176           1.6532771          3715
      4.217     0.050       21.306489           1.2410820          3423
      4.732     0.050       17.386621          0.96380758          3146
      5.309     0.050       14.645937           1.0355891          2908
      5.957     0.050       11.339844          0.73964909          2581
      6.683     0.050       9.0418223          0.58242949          2387
      7.499     0.050       8.1783707          0.65625167          2097
      8.414     0.050       6.6311778          0.52371062          1906
      9.441     0.050       5.3731075          0.37255087          1720
      0.106     0.150       3126.1315           49.092185         27354
      0.119     0.150       2870.1630           45.183122         27605
      0.133     0.150       2574.7224           42.223484         27694
      0.150     0.150       2334.0394           38.012287         28022
      0.168     0.150       2071.4858           33.661053         28047
      0.188     0.150       1878.0039           32.460317         27998
      0.211     0.150       1637.2936           27.428398         28228
      0.237     0.150       1431.7505           24.977827         27682
      0.266     0.150       1273.5245           23.366271         27401
      0.299     0.150       1066.5059           19.207210         27086
      0.335     0.150       945.47932           17.211663         26558
      0.376     0.150       802.85906           15.291766         25869
      0.422     0.150       684.09102           13.632377         24916
      0.473     0.150       570.56097           10.794158         24171
      0.531     0.150       486.76903           9.2946849         23473
      0.596     0.150       430.78253           8.5017163         22880
      0.668     0.150       348.71489           6.9418006         22083
      0.750     0.150       283.42031           5.6382624         20992
      0.841     0.150       257.15298           5.5198382         20007
      0.944     0.150       208.98706           4.4463481         19175
      1.059     0.150       177.41690           3.9928904         18157
      1.189     0.150       145.14770           3.0926164         17448
      1.334     0.150       122.61767           2.7198085         16106
      1.496     0.150       100.12349           2.3417703         14954
      1.679     0.150       88.741695           2.1380460         14436
      1.884     0.150       73.934644           1.8445235         13645
      2.113     0.150       63.912568           1.7031727         12667
      2.371     0.150       50.799485           1.3404960         11471
      2.661     0.150       42.011859           1.1882181         10641
      2.985     0.150       35.049364          0.98661262          9957
      3.350     0.150       28.438867          0.84805225          9260
      3.758     0.150       23.834653          0.72182626          8437
      4.217     0.150       19.804882          0.65134105          7562
      4.732     0.150       15.756298          0.52177202          6872
      5.309     0.150       13.674224          0.45639573          6450
      5.957     0.150       10.399961          0.40721455          5551
      6.683     0.150       8.8457026          0.33550333          5202
      7.499     0.150       7.3370145          0.27484277          4642
      8.414     0.150       6.0149062          0.22983849          4250
      9.441     0.150       4.7874078          0.19893465          3756
      0.106     0.250       2483.3115           34.070682         34735
      0.119     0.250       2297.9702           31.945012         35656
      0.133     0.250       2096.5295           29.314542         36183
      0.150     0.250       1874.3239           26.628384         35952
      0.168     0.250       1684.0011           24.595009         36592
      0.188     0.250       1540.9418           22.627477         36871
      0.211     0.250       1391.4288           20.606174         36662
      0.237     0.250       1205.7146           17.479568         36576
      0.266     0.250       1050.9887           15.792363         36202
      0.299     0.250       946.48960           14.739687         35876
      0.335     0.250       806.95477           12.157364         35370
      0.376     0.250       693.65010           10.716829         34486
      0.422     0.250       607.49645           10.043678         33025
      0.473     0.250       525.95341           8.5087065         32518
      0.531     0.250       444.14224           7.2915515         31538
      0.596     0.250       380.88896           6.3587039         30267
      0.668     0.250       319.68960           5.2774974         29098
      0.750     0.250       285.85189           4.9154782         27836
      0.841     0.250       230.57793           4.0312609         26344
      0.944     0.250       207.09827           3.7267071         25421
      1.059     0.250       166.68746           3.1178322         23621
      1.189     0.250       144.44655           2.7275362         22365
      1.334     0.250       120.53443           2.3931117         21120
      1.496     0.250       99.765882           2.0692283         19748
      1.679     0.250       83.617088           1.7830649         18276
      1.884     0.250       69.946154           1.5544997         17065
      2.113     0.250       58.513550           1.3299065         15625
      2.371     0.250       46.827457           1.0741876         14497
      2.661     0.250       39.862057          0.94188374         13213
      2.985     0.250       31.836421          0.81470363         11968
      3.350     0.250       26.861126          0.70940687         11085
      3.758     0.250       21.685064          0.58460505         10160
      4.217     0.250       18.155589          0.55951765          9065
      4.732     0.250       14.134606          0.42824423          8228
      5.309     0.250       11.483928          0.36212198          7414
      5.957     0.250       9.2296044          0.29905292          6650
      6.683     0.250       8.1701602          0.28473875          6032
      7.499     0.250       6.7451825          0.24433352          5520
      8.414     0.250       5.4095610          0.20913487          4769
      9.441     0.250       4.3723785          0.16848099          4280
      0.106     0.350       2138.9299           26.965008         40474
      0.119     0.350       2005.4274           25.357805         41630
      0.133     0.350       1820.8927           23.474213         42205
      0.150     0.350       1680.8081           22.186877         42287
      0.168     0.350       1496.8312           19.661885         42865
      0.188     0.350       1386.4131           18.362099         43183
      0.211     0.350       1245.4505           16.703067         43289
      0.237     0.350       1091.1235           14.781777         42778
      0.266     0.350       967.58119           13.266756         42224
      0.299     0.350       849.30574           11.753168         41914
      0.335     0.350       744.19960           10.411213         41144
      0.376     0.350       652.54324           9.2354847         40156
      0.422     0.350       568.79722           8.1987619         38770
      0.473     0.350       494.35614           7.2012495         37700
      0.531     0.350       429.28616           6.4018148         35941
      0.596     0.350       375.71842           5.5163469         34674
      0.668     0.350       305.86802           4.7544602         32749
      0.750     0.350       257.23453           4.0704077         31197
      0.841     0.350       226.87310           3.7387514         29398
      0.944     0.350       191.13013           3.1620740         27958
      1.059     0.350       161.11560           2.8136489         26554
      1.189     0.350       136.07741           2.4302161         24713
      1.334     0.350       113.97394           2.1449552         22962
      1.496     0.350       97.207232           1.9160040         21148
      1.679     0.350       81.532370           1.6984562         19763
      1.884     0.350       68.821727           1.4571769         18244
      2.113     0.350       56.607193           1.2527150         16836
      2.371     0.350       45.780329           1.0230457         15210
      2.661     0.350       36.582774          0.90801495         13856
      2.985     0.350       31.374679          0.78154775         12773
      3.350     0.350       24.693566          0.63523127         11620
      3.758     0.350       20.125727          0.54506344         10305
      4.217     0.350       17.004131          0.48354600          9387
      4.732     0.350       13.978252          0.41091228          8694
      5.309     0.350       10.833930          0.34174420          7690
      5.957     0.350       8.6931850          0.28344908          6889
      6.683     0.350       7.5333224          0.27613128          6060
      7.499     0.350       6.0122980          0.20436613          5537
      8.414     0.350       4.8436518          0.17080357          5000
      9.441     0.350       4.0158602          0.15999867          4282
      0.106     0.450       1982.9273           23.734598         45379
      0.119     0.450       1924.0223           22.983821         46441
      0.133     0.450       1715.8206           20.793168         46550
      0.150     0.450       1563.7954           19.192869         47233
      0.168     0.450       1373.2813           17.244871         47462
      0.188     0.450       1280.0496           15.781087         48138
      0.211     0.450       1156.1757           14.596930         47813
      0.237     0.450       1058.1027           13.511685         47633
      0.266     0.450       941.88287           12.234039         46968
      0.299     0.450       817.71730           10.664148         46310
      0.335     0.450       726.89160           9.4508732         44990
      0.376     0.450       628.03075           8.4452004         43256
      0.422     0.450       547.66521           7.5028507         42020
      0.473     0.450       474.84773           6.5091888         40724
      0.531     0.450       407.75699           5.6811425         38870
      0.596     0.450       348.99491           4.9264005         36959
      0.668     0.450       306.03941           4.5834966         35202
      0.750     0.450       266.15176           4.0322854         33780
      0.841     0.450       228.33053           3.5819902         31522
      0.944     0.450       186.51511           3.0031152         29522
      1.059     0.450       159.83487           2.6889592         27358
      1.189     0.450       134.92883           2.3867075         25301
      1.334     0.450       114.02148           2.1308166         23806
      1.496     0.450       93.650475           1.8275048         22044
      1.679     0.450       79.102047           1.5739194         20569
      1.884     0.450       63.282920           1.3580778         18649
      2.113     0.450       52.726537           1.2301910         17021
      2.371     0.450       44.784404           1.0342273         15493
      2.661     0.450       35.287635          0.86406033         14264
      2.985     0.450       29.376202          0.74922190         12797
      3.350     0.450       24.518983          0.65194861         11687
      3.758     0.450       19.485144          0.53415947         10500
      4.217     0.450       16.026686          0.44861633          9438
      4.732     0.450       14.131220          0.42836443          8709
      5.309     0.450       10.820894          0.35334159          7566
      5.957     0.450       8.6556706          0.29568187          6973
      6.683     0.450       7.0642126          0.24025944          6215
      7.499     0.450       6.0178852          0.23358556          5364
      8.414     0.450       4.5593115          0.18455028          4808
      9.441     0.450       3.9541914          0.17167893          4286
      0.106     0.550       1921.5189           21.787375         49253
      0.119     0.550       1796.0490           20.626332         50243
      0.133     0.550       1635.9256           18.621418         50885
      0.150     0.550       1511.5748           17.640635         51278
      0.168     0.550       1333.5978           15.700993         51646
      0.188     0.550       1253.0897           15.015092         51453
      0.211     0.550       1120.5434           13.359435         51798
      0.237     0.550       996.30915           11.896894         50866
      0.266     0.550       917.50974           11.463972         49947
      0.299     0.550       805.12756           9.9701396         49228
      0.335     0.550       698.46066           8.7853996         47744
      0.376     0.550       618.62495           7.8565430         46018
      0.422     0.550       526.32357           6.8729733         44237
      0.473     0.550       456.23164           6.0305970         42666
      0.531     0.550       402.89786           5.6240409         40443
      0.596     0.550       345.57361           4.9605616         38977
      0.668     0.550       296.65430           4.3683286         36379
      0.750     0.550       254.28903           3.8196199         34123
      0.841     0.550       212.42840           3.2828136         32452
      0.944     0.550       181.16461           2.9097040         30574
      1.059     0.550       156.54463           2.6338523         28176
      1.189     0.550       128.03966           2.2661537         26091
      1.334     0.550       106.57995           1.9666531         24018
      1.496     0.550       90.042153           1.7267328         22442
      1.679     0.550       73.474208           1.4724937         20627
      1.884     0.550       64.434315           1.3491403         18916
      2.113     0.550       52.085917           1.1172084         17292
      2.371     0.550       41.942783          0.96249438         15894
      2.661     0.550       34.546796          0.84322717         14396
      2.985     0.550       29.230915          0.74025094         12993
      3.350     0.550       24.297197          0.63939370         11846
      3.758     0.550       17.721327          0.46963378         10704
      4.217     0.550       15.631920          0.48610966          9572
      4.732     0.550       12.696785          0.38342341          8589
      5.309     0.550       10.173628          0.31305144          7558
      5.957     0.550       8.0802605          0.25809622          6948
      6.683     0.550       6.7896151          0.22911407          6097
      7.499     0.550       5.2418357          0.20080571          5363
      8.414     0.550       4.4808041          0.17456546          4834
      9.441     0.550       3.8294302          0.17195171          4379
      0.106     0.650       1829.6947           20.065285         52566
      0.119     0.650       1777.6195           19.555057         53892
      0.133     0.650       1586.0391           17.593248         54125
      0.150     0.650       1451.7336           16.420357         54096
      0.168     0.650       1296.8793           14.795132         54518
      0.188     0.650       1210.9892           13.972033         54164
      0.211     0.650       1101.8507           12.697086         53815
      0.237     0.650       994.98633           11.681793         52943
      0.266     0.650       882.91042           10.527730         52113
      0.299     0.650       778.63901           9.5778718         50555
      0.335     0.650       681.87632           8.5344625         49046
      0.376     0.650       610.81190           7.5796356         47750
      0.422     0.650       511.03306           6.6232248         45408
      0.473     0.650       461.20349           6.0484087         43469
      0.531     0.650       382.42583           5.1446441         40945
      0.596     0.650       333.67442           4.6527329         38892
      0.668     0.650       291.20407           4.2345262         37105
      0.750     0.650       244.62877           3.7450149         34362
      0.841     0.650       205.54856           3.1770136         32614
      0.944     0.650       174.17683           2.8431922         30276
      1.059     0.650       148.27218           2.5172633         28099
      1.189     0.650       122.13655           2.1329162         26153
      1.334     0.650       104.67979           1.9486936         23846
      1.496     0.650       86.777958           1.6915320         22201
      1.679     0.650       72.774209           1.4758093         20389
      1.884     0.650       56.999508           1.2423700         18442
      2.113     0.650       48.040018           1.0686740         16927
      2.371     0.650       39.970131          0.92267860         15339
      2.661     0.650       31.473250          0.77344165         13840
      2.985     0.650       27.972096          0.69597660         12686
      3.350     0.650       20.615554          0.55568747         11225
      3.758     0.650       19.377097          0.53468259         10517
      4.217     0.650       15.003044          0.44524189          9374
      4.732     0.650       12.221620          0.36681705          8315
      5.309     0.650       9.9212443          0.33284017          7420
      5.957     0.650       7.8816523          0.26355405          6613
      6.683     0.650       6.1877436          0.20671088          5944
      7.499     0.650       5.1148223          0.18912356          5220
      8.414     0.650       4.2046526          0.16221155          4711
      9.441     0.650       3.4255689          0.13719262          4141
      0.106     0.750       1828.4136           19.542319         55047
      0.119     0.750       1699.7801           18.211288         55671
      0.133     0.750       1544.8941           16.700719         55847
      0.150     0.750       1410.4089           15.432517         56314
      0.168     0.750       1283.0070           14.090466         56174
      0.188     0.750       1189.6787           13.328486         56082
      0.211     0.750       1059.6552           12.137588         55863
      0.237     0.750       961.57004           11.098194         54696
      0.266     0.750       860.41334           10.098559         52731
      0.299     0.750       744.47260           8.8010235         51860
      0.335     0.750       686.99179           8.2689545         50204
      0.376     0.750       574.00941           7.1370898         48262
      0.422     0.750       514.82577           6.5024818         45984
      0.473     0.750       444.85153           5.7573337         43942
      0.531     0.750       382.37050           5.1314049         41169
      0.596     0.750       325.51116           4.4988939         39270
      0.668     0.750       275.40599           3.9196056         36706
      0.750     0.750       236.78106           3.5142986         34546
      0.841     0.750       202.77779           3.2075613         32057
      0.944     0.750       174.96980           2.8565826         30076
      1.059     0.750       146.35822           2.4994374         27872
      1.189     0.750       118.90067           2.1358240         25690
      1.334     0.750       100.14992           1.8791095         23826
      1.496     0.750       83.266602           1.6340179         21821
      1.679     0.750       70.153649           1.4231007         19949
      1.884     0.750       56.514580           1.1962759         18426
      2.113     0.750       46.786932           1.0606595         16355
      2.371     0.750       38.830267          0.91415558         15079
      2.661     0.750       31.437224          0.77752595         13568
      2.985     0.750       26.290308          0.67838987         12512
      3.350     0.750       21.461996          0.60581428         11073
      3.758     0.750       16.851990          0.48439241          9880
      4.217     0.750       13.873841          0.41554531          8846
      4.732     0.750       11.272255          0.36265801          7976
      5.309     0.750       10.076226          0.35001798          7197
      5.957     0.750       7.8150147          0.27617689          6447
      6.683     0.750       6.4211088          0.23324038          5837
      7.499     0.750       4.9459845          0.18991024          5060
      8.414     0.750       3.7637084          0.15010777          4456
      9.441     0.750       3.2863963          0.13903979          3949
      0.106     0.850       1782.2936           18.277546         57424
      0.119     0.850       1658.3723           17.452595         57414
      0.133     0.850       1526.3965           16.178755         58148
      0.150     0.850       1373.7791           14.968935         57662
      0.168     0.850       1280.7212           13.871896         58193
      0.188     0.850       1165.4782           12.890034         57441
      0.211     0.850       1065.1801           11.970954         56894
      0.237     0.850       974.29981           11.008776         56120
      0.266     0.850       865.44447           10.141858         54318
      0.299     0.850       758.21262           8.8657310         52610
      0.335     0.850       652.94137           7.8541253         50760
      0.376     0.850       593.06274           7.2906560         48855
      0.422     0.850       499.71449           6.2409216         47105
      0.473     0.850       446.13117           5.8050262         44279
      0.531     0.850       374.94520           5.0237358         41983
      0.596     0.850       324.10259           4.4349053         39493
      0.668     0.850       272.27212           3.9089147         36905
      0.750     0.850       232.10850           3.5527371         34569
      0.841     0.850       200.70819           3.1528535         32740
      0.944     0.850       170.99457           2.8155149         30185
      1.059     0.850       140.85157           2.4227221         27896
      1.189     0.850       115.80268           2.1170928         25578
      1.334     0.850       99.821778           1.9125836         23687
      1.496     0.850       81.576020           1.6160038         21605
      1.679     0.850       66.667867           1.3881312         19915
      1.884     0.850       56.884487           1.2256900         18531
      2.113     0.850       44.965119           1.0547040         16563
      2.371     0.850       37.504002          0.92082836         15066
      2.661     0.850       30.075456          0.76803239         13580
      2.985     0.850       24.201796          0.62125731         12293
      3.350     0.850       20.206199          0.56076403         11029
      3.758     0.850       16.200601          0.46762227          9860
      4.217     0.850       13.515816          0.42063843          8899
      4.732     0.850       11.445767          0.38926708          8099
      5.309     0.850       9.1443652          0.31432950          7019
      5.957     0.850       7.3686811          0.25715798          6271
      6.683     0.850       5.6635520          0.21384275          5673
      7.499     0.850       4.8378890          0.19546456          5003
      8.414     0.850       3.8507335          0.16316294          4241
      9.441     0.850       3.2467771          0.14743634          3800
      0.106     0.950       1782.3587           18.141848         58798
      0.119     0.950       1643.3794           17.073325         59232
      0.133     0.950       1514.2374           15.896193         59590
      0.150     0.950       1364.8508           14.604238         59472
      0.168     0.950       1267.9818           13.672551         59413
      0.188     0.950       1153.8280           12.594136         58853
      0.211     0.950       1085.1529           12.002699         57978
      0.237     0.950       941.68745           10.425894         56560
      0.266     0.950       840.73711           9.7641134         54990
      0.299     0.950       754.13378           8.6489830         53370
      0.335     0.950       660.61228           7.8619801         51373
      0.376     0.950       565.36719           6.9401177         48856
      0.422     0.950       489.67620           6.1332230         46230
      0.473     0.950       429.06553           5.5608391         44320
      0.531     0.950       357.42560           4.8253493         42044
      0.596     0.950       313.26080           4.3592237         39260
      0.668     0.950       273.14094           4.0116647         36881
      0.750     0.950       230.44473           3.4815585         34677
      0.841     0.950       192.38675           3.0574099         32000
      0.944     0.950       166.93550           2.7591410         30170
      1.059     0.950       136.80735           2.3664743         27628
      1.189     0.950       115.59641           2.1154720         25547
      1.334     0.950       95.896925           1.8535678         23353
      1.496     0.950       78.164221           1.5894970         21401
      1.679     0.950       64.967267           1.3689030         19365
      1.884     0.950       53.737609           1.1878251         18046
      2.113     0.950       42.358602          0.95416534         16221
      2.371     0.950       37.401739          0.91270339         15023
      2.661     0.950       29.900765          0.78514197         13428
      2.985     0.950       24.988806          0.65184842         12107
      3.350     0.950       20.067612          0.55659845         11051
      3.758     0.950       16.106126          0.47649609          9830
      4.217     0.950       13.743056          0.43001438          8994
      4.732     0.950       10.925132          0.34917822          7859
      5.309     0.950       9.0244405          0.32775343          7020
      5.957     0.950       7.0603776          0.24685605          6222
      6.683     0.950       6.1773693          0.23980363          5602
      7.499     0.950       4.8822905          0.19242492          4952
      8.414     0.950       3.5027802          0.15185344          4197
      9.441     0.950       2.8981201          0.12449541          3765
