 # tables0/fmin20_0401z.sou_nbm   
      0.106    -0.950       1184.5997           13.156027         55249
      0.119    -0.950       1135.9765           12.687695         55975
      0.133    -0.950       1067.2763           12.007772         56096
      0.150    -0.950       972.62551           10.986070         56512
      0.168    -0.950       898.63665           10.160643         56733
      0.188    -0.950       853.39913           9.6830954         56372
      0.211    -0.950       782.03306           8.9537852         55541
      0.237    -0.950       730.89532           8.5275263         54819
      0.266    -0.950       648.81844           7.6741707         53078
      0.299    -0.950       586.72274           7.2137217         51513
      0.335    -0.950       516.81836           6.4453639         50297
      0.376    -0.950       467.40731           5.9324159         48052
      0.422    -0.950       400.99405           5.2157144         45545
      0.473    -0.950       350.26251           4.6790992         43324
      0.531    -0.950       311.50045           4.3531673         40848
      0.596    -0.950       267.23978           3.8238553         38241
      0.668    -0.950       239.26622           3.5347732         36572
      0.750    -0.950       198.32684           3.0416249         33714
      0.841    -0.950       167.54210           2.7325584         31393
      0.944    -0.950       139.68303           2.3746673         29120
      1.059    -0.950       120.21505           2.0837211         27215
      1.189    -0.950       99.260317           1.8041456         24931
      1.334    -0.950       82.846722           1.5957571         23198
      1.496    -0.950       71.210440           1.4504675         21066
      1.679    -0.950       59.442063           1.2946892         19483
      1.884    -0.950       51.168884           1.1186933         17827
      2.113    -0.950       38.171346          0.87772259         16128
      2.371    -0.950       30.194432          0.76652919         14441
      2.661    -0.950       26.064760          0.67250511         13183
      2.985    -0.950       21.201495          0.57885847         11723
      3.350    -0.950       17.481003          0.50617049         10720
      3.758    -0.950       13.718490          0.40840164          9578
      4.217    -0.950       11.404537          0.35786670          8486
      4.732    -0.950       9.5022725          0.32043392          7769
      5.309    -0.950       7.1399418          0.24733026          6865
      5.957    -0.950       6.0993107          0.21861880          6142
      6.683    -0.950       4.6371493          0.17600511          5358
      7.499    -0.950       3.6070013          0.13559880          4669
      8.414    -0.950       2.8473398          0.11447306          4034
      9.441    -0.950       2.6029243          0.11696773          3576
      0.106    -0.850       729.72328           8.7830037         48750
      0.119    -0.850       722.72162           8.8855617         49898
      0.133    -0.850       681.86452           8.2232135         51131
      0.150    -0.850       659.11797           8.1086689         51940
      0.168    -0.850       630.52873           7.6219879         52050
      0.188    -0.850       587.56295           6.9179720         52521
      0.211    -0.850       553.96494           6.5697410         52395
      0.237    -0.850       520.43061           6.2726715         51523
      0.266    -0.850       483.49793           5.8666206         50794
      0.299    -0.850       441.49432           5.4521641         49328
      0.335    -0.850       409.80741           5.0698073         48461
      0.376    -0.850       367.06733           4.7929835         46066
      0.422    -0.850       333.46722           4.2903408         44414
      0.473    -0.850       299.95958           4.0022567         42395
      0.531    -0.850       264.36698           3.5371698         40090
      0.596    -0.850       228.41657           3.2507315         37785
      0.668    -0.850       199.48581           2.8842052         35998
      0.750    -0.850       175.76116           2.6340267         33893
      0.841    -0.850       152.26976           2.3921235         31548
      0.944    -0.850       130.29807           2.1275228         29318
      1.059    -0.850       113.46898           1.9431287         27001
      1.189    -0.850       96.866458           1.7215184         24911
      1.334    -0.850       78.582423           1.4290368         23172
      1.496    -0.850       66.810260           1.3283687         21393
      1.679    -0.850       56.339808           1.1295486         19705
      1.884    -0.850       46.503806           1.0002841         17679
      2.113    -0.850       39.499950          0.87778067         16460
      2.371    -0.850       34.731006          0.81357605         14981
      2.661    -0.850       26.519627          0.65108070         13402
      2.985    -0.850       21.396532          0.58623830         12010
      3.350    -0.850       17.558147          0.47711511         11026
      3.758    -0.850       14.206375          0.41788102          9622
      4.217    -0.850       11.704989          0.35394308          8747
      4.732    -0.850       9.3813965          0.29331024          7803
      5.309    -0.850       7.0334856          0.23592369          6757
      5.957    -0.850       6.1006892          0.22482091          6109
      6.683    -0.850       4.5789849          0.16883532          5314
      7.499    -0.850       4.0050513          0.14816160          4822
      8.414    -0.850       3.1745723          0.11906409          4294
      9.441    -0.850       2.6345246          0.11133609          3816
      0.106    -0.750       452.69834           4.7934981         44741
      0.119    -0.750       454.03129           4.7287524         46181
      0.133    -0.750       454.18747           4.7024782         47590
      0.150    -0.750       446.42479           4.6476370         47722
      0.168    -0.750       440.29001           4.5634846         49338
      0.188    -0.750       441.82272           4.6253484         49564
      0.211    -0.750       413.02428           4.3127523         49666
      0.237    -0.750       408.42754           4.3060445         49247
      0.266    -0.750       392.03069           4.2251790         48815
      0.299    -0.750       367.00770           3.9582655         47932
      0.335    -0.750       344.99038           3.8228766         46831
      0.376    -0.750       319.05568           3.6174077         45455
      0.422    -0.750       293.45239           3.4333571         43697
      0.473    -0.750       266.20252           3.2081671         41905
      0.531    -0.750       240.38503           2.9719082         39700
      0.596    -0.750       219.45317           2.8208821         37715
      0.668    -0.750       193.25966           2.6049419         35918
      0.750    -0.750       167.76629           2.3647212         33438
      0.841    -0.750       150.81205           2.2192498         31614
      0.944    -0.750       128.53719           1.9474188         29530
      1.059    -0.750       109.51528           1.7564110         27371
      1.189    -0.750       95.032139           1.5851292         25611
      1.334    -0.750       80.890954           1.4706756         23299
      1.496    -0.750       70.480404           1.3553226         21649
      1.679    -0.750       59.294227           1.1742833         20023
      1.884    -0.750       49.311408           1.0247704         18068
      2.113    -0.750       40.120178          0.88942698         16484
      2.371    -0.750       33.810731          0.78411221         14981
      2.661    -0.750       28.093331          0.69775135         13588
      2.985    -0.750       22.416515          0.59364406         12154
      3.350    -0.750       17.961473          0.48532151         11163
      3.758    -0.750       14.975302          0.42062467          9974
      4.217    -0.750       12.456805          0.36844557          8992
      4.732    -0.750       9.8268905          0.31214769          8022
      5.309    -0.750       8.0697336          0.25629704          7162
      5.957    -0.750       6.4484054          0.22280890          6409
      6.683    -0.750       5.0601081          0.18296959          5577
      7.499    -0.750       3.8636932          0.14529264          4906
      8.414    -0.750       3.0776704          0.11919389          4422
      9.441    -0.750       2.4704022          0.94145868E-01      3779
      0.106    -0.650       482.89480           5.6462754         42766
      0.119    -0.650       485.44387           5.7923419         44158
      0.133    -0.650       463.36822           5.3824375         45249
      0.150    -0.650       465.67389           5.3156570         46123
      0.168    -0.650       452.15039           5.0935611         46861
      0.188    -0.650       441.67488           5.0480848         47509
      0.211    -0.650       424.64815           4.7611173         47720
      0.237    -0.650       412.59080           4.6835952         47901
      0.266    -0.650       392.25304           4.4247301         47390
      0.299    -0.650       364.51674           4.2188721         46600
      0.335    -0.650       337.66360           3.8989026         45667
      0.376    -0.650       311.05669           3.6653158         44049
      0.422    -0.650       293.79758           3.5080114         43038
      0.473    -0.650       266.88180           3.3096713         41424
      0.531    -0.650       234.14104           2.9195946         39232
      0.596    -0.650       215.04671           2.7937778         37429
      0.668    -0.650       190.86893           2.5528486         35328
      0.750    -0.650       169.44040           2.3464722         33389
      0.841    -0.650       150.03868           2.1866675         31263
      0.944    -0.650       135.05309           2.1042466         29492
      1.059    -0.650       113.62328           1.8234245         27657
      1.189    -0.650       97.616552           1.6538127         25363
      1.334    -0.650       80.859196           1.4012950         23320
      1.496    -0.650       70.891220           1.2755134         22010
      1.679    -0.650       61.318839           1.1580301         20151
      1.884    -0.650       50.512461           1.0122357         18266
      2.113    -0.650       42.143451          0.93489151         16667
      2.371    -0.650       37.584682          0.85626584         15349
      2.661    -0.650       28.716573          0.67275961         13742
      2.985    -0.650       24.002648          0.60476658         12316
      3.350    -0.650       19.707472          0.52801562         11254
      3.758    -0.650       15.630246          0.43232926         10295
      4.217    -0.650       12.018588          0.35330062          8988
      4.732    -0.650       9.7910983          0.31796301          8031
      5.309    -0.650       8.1877421          0.25605827          7393
      5.957    -0.650       6.4124663          0.21160871          6267
      6.683    -0.650       5.2048828          0.19074095          5743
      7.499    -0.650       4.4729278          0.17601290          5014
      8.414    -0.650       3.4413848          0.14216806          4423
      9.441    -0.650       2.7354963          0.10956391          3894
      0.106    -0.550       674.50386           9.7985670         40425
      0.119    -0.550       677.93368           10.046887         41938
      0.133    -0.550       630.99738           8.9724913         43360
      0.150    -0.550       606.02883           8.2745755         44340
      0.168    -0.550       598.37830           8.2967031         45105
      0.188    -0.550       556.91036           7.8747079         45442
      0.211    -0.550       515.82488           7.0731157         45486
      0.237    -0.550       504.28209           6.7911842         46029
      0.266    -0.550       461.01762           6.2794871         45314
      0.299    -0.550       431.92132           5.7478413         44795
      0.335    -0.550       392.25778           5.2451746         44240
      0.376    -0.550       356.12836           4.7223968         42915
      0.422    -0.550       324.88821           4.3348163         41931
      0.473    -0.550       297.78704           4.0348348         40249
      0.531    -0.550       261.16173           3.5744837         38545
      0.596    -0.550       241.15685           3.4165044         36900
      0.668    -0.550       206.23107           2.9721174         34784
      0.750    -0.550       184.41469           2.7126290         33283
      0.841    -0.550       159.28160           2.3815674         31182
      0.944    -0.550       138.77305           2.1965635         29301
      1.059    -0.550       120.93432           1.9570202         27319
      1.189    -0.550       102.86709           1.7631017         25285
      1.334    -0.550       89.402340           1.6055225         23352
      1.496    -0.550       74.441465           1.3671243         21894
      1.679    -0.550       62.024601           1.1870025         20215
      1.884    -0.550       53.651599           1.0991800         18482
      2.113    -0.550       44.718776          0.94311306         16809
      2.371    -0.550       36.614869          0.80826352         15296
      2.661    -0.550       31.521594          0.74340530         14094
      2.985    -0.550       24.812590          0.61975375         12712
      3.350    -0.550       21.459331          0.55959480         11581
      3.758    -0.550       16.926280          0.47029758         10146
      4.217    -0.550       13.570563          0.39679755          9181
      4.732    -0.550       11.177168          0.35084160          8461
      5.309    -0.550       8.7992561          0.28137277          7297
      5.957    -0.550       6.6583237          0.22509797          6668
      6.683    -0.550       5.7673659          0.21129301          5748
      7.499    -0.550       4.5765785          0.16782531          5199
      8.414    -0.550       3.3917523          0.12381383          4522
      9.441    -0.550       2.9663694          0.12369214          4093
      0.106    -0.450       889.95961           13.534852         38585
      0.119    -0.450       877.44874           12.958910         39978
      0.133    -0.450       817.88438           12.365885         40724
      0.150    -0.450       763.47521           11.535568         41670
      0.168    -0.450       743.12374           10.581887         42925
      0.188    -0.450       673.52002           9.5660693         43301
      0.211    -0.450       620.68481           8.7628012         43457
      0.237    -0.450       587.65066           8.2133352         43417
      0.266    -0.450       550.00870           7.8234707         43883
      0.299    -0.450       504.42943           7.2449930         42938
      0.335    -0.450       458.96656           6.5817450         42516
      0.376    -0.450       412.40980           5.7762066         41168
      0.422    -0.450       369.87915           5.1138313         40354
      0.473    -0.450       331.85412           4.6536697         38824
      0.531    -0.450       293.71372           4.1782714         37518
      0.596    -0.450       257.03089           3.7351066         35917
      0.668    -0.450       231.26566           3.4157413         34033
      0.750    -0.450       200.41829           3.1113638         32296
      0.841    -0.450       172.59447           2.6989392         30587
      0.944    -0.450       147.06479           2.3262207         28958
      1.059    -0.450       134.12036           2.2425577         27122
      1.189    -0.450       114.67319           2.0079005         25371
      1.334    -0.450       95.543969           1.6971040         23475
      1.496    -0.450       80.011587           1.5062854         21760
      1.679    -0.450       66.641919           1.3385821         19948
      1.884    -0.450       57.060711           1.1747484         18418
      2.113    -0.450       47.626304           1.0314432         17016
      2.371    -0.450       40.515287          0.92264511         15345
      2.661    -0.450       32.960318          0.78937549         14131
      2.985    -0.450       27.603620          0.68513425         12942
      3.350    -0.450       21.830434          0.56729675         11499
      3.758    -0.450       17.637825          0.50264113         10460
      4.217    -0.450       14.430393          0.41224962          9451
      4.732    -0.450       11.811993          0.35500714          8435
      5.309    -0.450       9.3394580          0.29370970          7593
      5.957    -0.450       7.5794312          0.24820503          6811
      6.683    -0.450       5.9401273          0.20168666          5949
      7.499    -0.450       4.9024497          0.18561719          5351
      8.414    -0.450       3.9481415          0.14954194          4739
      9.441    -0.450       2.9992743          0.11262541          4148
      0.106    -0.350       1201.0723           17.787516         36098
      0.119    -0.350       1149.9818           17.228580         37295
      0.133    -0.350       1048.5450           15.843607         37826
      0.150    -0.350       998.55150           14.700644         38976
      0.168    -0.350       901.38321           12.872173         39443
      0.188    -0.350       860.27553           12.692731         39730
      0.211    -0.350       790.15516           11.234505         40279
      0.237    -0.350       737.06605           10.339540         40681
      0.266    -0.350       672.90199           9.7620058         40496
      0.299    -0.350       616.14439           9.2400879         39645
      0.335    -0.350       558.01677           8.0471267         39496
      0.376    -0.350       487.21393           7.2019257         38734
      0.422    -0.350       434.20567           6.4078242         37756
      0.473    -0.350       390.66789           5.7403628         36385
      0.531    -0.350       339.45801           5.0842113         35441
      0.596    -0.350       300.33280           4.7284374         34000
      0.668    -0.350       266.02267           4.0995040         32534
      0.750    -0.350       228.48435           3.5102306         31086
      0.841    -0.350       198.09101           3.2179262         29389
      0.944    -0.350       167.77888           2.7564110         27887
      1.059    -0.350       145.63424           2.4341646         26293
      1.189    -0.350       128.69052           2.2625678         24718
      1.334    -0.350       102.87221           1.9193850         22785
      1.496    -0.350       87.018819           1.6954729         20977
      1.679    -0.350       73.708899           1.4803617         19749
      1.884    -0.350       62.850443           1.3034617         18288
      2.113    -0.350       53.154863           1.1554179         16867
      2.371    -0.350       44.097861           1.0589092         15293
      2.661    -0.350       38.104916          0.91975493         14231
      2.985    -0.350       29.422966          0.74830278         12730
      3.350    -0.350       23.535121          0.62671091         11758
      3.758    -0.350       19.636839          0.53793743         10565
      4.217    -0.350       15.993299          0.45888233          9764
      4.732    -0.350       12.615186          0.36268793          8565
      5.309    -0.350       10.071313          0.31161000          7787
      5.957    -0.350       7.8076637          0.25876145          6753
      6.683    -0.350       6.3748322          0.22086850          6144
      7.499    -0.350       5.0974853          0.17218115          5462
      8.414    -0.350       4.1836463          0.15521695          4977
      9.441    -0.350       3.3638060          0.13003779          4229
      0.106    -0.250       1714.1448           25.340023         32755
      0.119    -0.250       1649.7060           24.610993         33545
      0.133    -0.250       1497.5788           22.309028         34319
      0.150    -0.250       1344.4742           19.957877         34764
      0.168    -0.250       1244.6658           18.370859         35329
      0.188    -0.250       1155.1621           16.764520         35631
      0.211    -0.250       1063.5250           16.052184         35792
      0.237    -0.250       961.30849           14.353797         35625
      0.266    -0.250       864.62545           13.158150         35531
      0.299    -0.250       773.26618           11.662269         35056
      0.335    -0.250       691.70869           10.745008         34925
      0.376    -0.250       626.66740           9.8115944         34119
      0.422    -0.250       542.29770           8.9845825         33337
      0.473    -0.250       476.07197           7.7146703         32474
      0.531    -0.250       414.30173           7.0043782         31369
      0.596    -0.250       361.41930           6.0489823         30462
      0.668    -0.250       314.24854           5.2901044         29020
      0.750    -0.250       266.76052           4.7455480         27724
      0.841    -0.250       231.14936           4.1868554         26373
      0.944    -0.250       196.78485           3.6195044         25267
      1.059    -0.250       167.03400           3.1552669         23696
      1.189    -0.250       144.36325           2.8078169         22417
      1.334    -0.250       116.20970           2.2797907         21260
      1.496    -0.250       97.271579           2.0000608         19428
      1.679    -0.250       83.538953           1.8363451         18261
      1.884    -0.250       66.736594           1.4470679         17036
      2.113    -0.250       58.531658           1.4013488         16042
      2.371    -0.250       50.020646           1.2090120         14634
      2.661    -0.250       38.844499          0.92779228         13354
      2.985    -0.250       32.602110          0.84819793         12232
      3.350    -0.250       25.456228          0.71012505         11224
      3.758    -0.250       21.492793          0.59609919         10150
      4.217    -0.250       16.760821          0.46191204          9248
      4.732    -0.250       13.199617          0.39642895          8096
      5.309    -0.250       11.811366          0.38546271          7694
      5.957    -0.250       8.5995384          0.27967342          6772
      6.683    -0.250       7.4701783          0.26023639          6142
      7.499    -0.250       6.0814459          0.22424833          5422
      8.414    -0.250       4.5977515          0.16690940          4708
      9.441    -0.250       4.0265544          0.15461863          4401
      0.106    -0.150       2758.0915           43.254753         27198
      0.119    -0.150       2495.6393           39.454989         27712
      0.133    -0.150       2235.7952           36.081116         27870
      0.150    -0.150       2082.7060           33.924315         28093
      0.168    -0.150       1880.3334           31.884717         27976
      0.188    -0.150       1667.7145           28.080588         28103
      0.211    -0.150       1546.6314           26.264444         28032
      0.237    -0.150       1368.7572           23.933792         27891
      0.266    -0.150       1228.9697           22.195161         27426
      0.299    -0.150       1073.0653           19.562513         27302
      0.335    -0.150       923.13079           17.183839         26630
      0.376    -0.150       800.63893           15.158963         25986
      0.422    -0.150       697.02297           13.865661         25445
      0.473    -0.150       601.18803           11.947151         24589
      0.531    -0.150       490.28125           9.3230284         23892
      0.596    -0.150       426.64741           8.6319103         23157
      0.668    -0.150       360.82072           7.3997149         22272
      0.750    -0.150       313.13164           6.8238709         21266
      0.841    -0.150       255.71444           5.3310289         20388
      0.944    -0.150       214.56335           4.4765667         19363
      1.059    -0.150       191.41632           4.3245211         18681
      1.189    -0.150       153.65325           3.4037100         17509
      1.334    -0.150       129.52102           2.9715533         16539
      1.496    -0.150       107.28489           2.6928377         15371
      1.679    -0.150       88.668683           2.1600673         14786
      1.884    -0.150       73.291638           1.8688740         13604
      2.113    -0.150       62.802232           1.6686322         12905
      2.371    -0.150       48.726618           1.2835862         11739
      2.661    -0.150       43.092710           1.1903307         10909
      2.985    -0.150       33.496327          0.92543639         10076
      3.350    -0.150       28.972215          0.87018107          9302
      3.758    -0.150       23.438801          0.74450867          8612
      4.217    -0.150       18.552162          0.56908412          7879
      4.732    -0.150       15.602056          0.50779737          7079
      5.309    -0.150       12.802804          0.44665183          6319
      5.957    -0.150       10.169778          0.38259419          5890
      6.683    -0.150       8.4975822          0.30980941          5289
      7.499    -0.150       6.7704748          0.27403019          4709
      8.414    -0.150       5.2363750          0.21214510          4115
      9.441    -0.150       4.4713703          0.19290008          3725
      0.106    -0.050       4747.7863           126.79492         13810
      0.119    -0.050       4240.5191           123.85839         13668
      0.133    -0.050       3707.4307           105.67936         13639
      0.150    -0.050       3364.0689           100.17520         13383
      0.168    -0.050       3144.8820           105.75055         13388
      0.188    -0.050       2557.5255           77.948806         13172
      0.211    -0.050       2355.2453           76.727929         13128
      0.237    -0.050       2135.8512           72.257524         12872
      0.266    -0.050       1849.5320           63.481731         12423
      0.299    -0.050       1532.9498           51.610059         12180
      0.335    -0.050       1369.5232           50.334690         11984
      0.376    -0.050       1111.9568           42.294780         11274
      0.422    -0.050       919.59558           32.238904         11259
      0.473    -0.050       760.97917           33.646294         10462
      0.531    -0.050       665.15409           27.408730         10095
      0.596    -0.050       518.08657           19.724087          9688
      0.668    -0.050       433.23986           17.781030          9329
      0.750    -0.050       368.70258           16.184508          8956
      0.841    -0.050       295.20226           12.320374          8404
      0.944    -0.050       261.92475           16.988012          7891
      1.059    -0.050       205.96013           8.9127934          7648
      1.189    -0.050       171.17301           7.2030854          7330
      1.334    -0.050       149.80632           7.4638733          6928
      1.496    -0.050       114.17435           4.8675586          6395
      1.679    -0.050       99.818137           4.5046312          6150
      1.884    -0.050       88.087968           5.1809535          5730
      2.113    -0.050       68.675656           3.4344311          5342
      2.371    -0.050       56.514206           3.2350509          4946
      2.661    -0.050       51.732568           2.8178459          4661
      2.985    -0.050       35.432909           1.6769272          4395
      3.350    -0.050       29.151127           1.6487767          3976
      3.758    -0.050       22.712331           1.2617014          3661
      4.217    -0.050       20.528563           1.2179873          3420
      4.732    -0.050       14.979868          0.73352529          3156
      5.309    -0.050       12.510757          0.67368884          2896
      5.957    -0.050       10.522084          0.89354102          2544
      6.683    -0.050       9.6018381          0.71478731          2422
      7.499    -0.050       7.3019817          0.42513325          2142
      8.414    -0.050       5.9305706          0.37817074          1945
      9.441    -0.050       4.8348232          0.37872197          1705
      0.106     0.050       4927.8674           130.39234         13570
      0.119     0.050       4396.1445           124.48541         13646
      0.133     0.050       3690.9988           108.09344         13626
      0.150     0.050       3535.9865           98.252761         13458
      0.168     0.050       3118.2536           101.04561         13144
      0.188     0.050       2687.4473           75.902411         13376
      0.211     0.050       2356.3603           74.575782         12816
      0.237     0.050       1958.5212           65.056527         12696
      0.266     0.050       1768.3421           59.649475         12413
      0.299     0.050       1560.1663           54.973778         12305
      0.335     0.050       1269.8594           42.802341         11749
      0.376     0.050       1133.5642           43.478538         11425
      0.422     0.050       887.65045           35.952440         10848
      0.473     0.050       749.10131           34.125177         10355
      0.531     0.050       671.50904           30.081562         10061
      0.596     0.050       522.92956           20.380549          9609
      0.668     0.050       444.85989           17.211454          9331
      0.750     0.050       366.57366           16.578952          8824
      0.841     0.050       303.12627           12.748570          8504
      0.944     0.050       254.08286           11.960724          7998
      1.059     0.050       209.97412           9.4755793          7651
      1.189     0.050       159.13817           7.1972488          7145
      1.334     0.050       144.32041           7.4734870          6832
      1.496     0.050       115.91148           5.2016954          6451
      1.679     0.050       90.445125           4.2561260          5985
      1.884     0.050       81.971170           4.7859666          5578
      2.113     0.050       66.748374           3.6648736          5122
      2.371     0.050       56.504626           3.0686668          4899
      2.661     0.050       51.025385           2.8184777          4624
      2.985     0.050       37.628679           1.8709251          4361
      3.350     0.050       28.613515           1.4954467          3983
      3.758     0.050       23.749737           1.3268181          3642
      4.217     0.050       20.236057           1.1740791          3281
      4.732     0.050       16.362159          0.88421608          3031
      5.309     0.050       13.748203          0.82753850          2910
      5.957     0.050       11.594001          0.93489357          2634
      6.683     0.050       9.8210384          0.73314087          2326
      7.499     0.050       6.4071867          0.32307801          2132
      8.414     0.050       5.6544977          0.36347790          1865
      9.441     0.050       4.6484930          0.33844952          1772
      0.106     0.150       3145.2630           48.707654         27872
      0.119     0.150       3005.0375           47.388174         28121
      0.133     0.150       2752.3908           45.470775         28253
      0.150     0.150       2362.3124           39.747353         28379
      0.168     0.150       2144.1384           35.414603         28315
      0.188     0.150       1920.6038           33.010886         28554
      0.211     0.150       1722.4825           29.477144         28339
      0.237     0.150       1464.5639           25.475337         28150
      0.266     0.150       1332.1680           24.417234         27703
      0.299     0.150       1120.4937           20.655042         27111
      0.335     0.150       957.23058           18.416878         26615
      0.376     0.150       794.90311           15.519849         25829
      0.422     0.150       695.23600           13.715666         25261
      0.473     0.150       593.57377           12.168055         24596
      0.531     0.150       514.78772           10.664708         24057
      0.596     0.150       435.14162           8.8472150         23064
      0.668     0.150       380.19047           8.0012207         22236
      0.750     0.150       311.70678           6.5231295         21153
      0.841     0.150       255.81026           5.6850916         19974
      0.944     0.150       205.37215           4.4081582         19109
      1.059     0.150       182.02609           3.9009808         18275
      1.189     0.150       142.48568           3.2216662         17189
      1.334     0.150       130.04489           3.0861869         16260
      1.496     0.150       103.81853           2.5291663         15245
      1.679     0.150       85.028366           2.0150450         14501
      1.884     0.150       72.696925           1.8706001         13374
      2.113     0.150       62.216203           1.6375853         12593
      2.371     0.150       50.646887           1.3840107         11892
      2.661     0.150       43.649334           1.2496488         10754
      2.985     0.150       36.678745           1.0607317         10179
      3.350     0.150       28.304056          0.86312542          9025
      3.758     0.150       23.684487          0.69312410          8429
      4.217     0.150       18.935905          0.57393364          7724
      4.732     0.150       15.204893          0.48329237          6987
      5.309     0.150       12.379269          0.41651663          6189
      5.957     0.150       10.260311          0.36860460          5776
      6.683     0.150       7.7511940          0.28131319          5027
      7.499     0.150       6.3841296          0.24855032          4614
      8.414     0.150       5.6263098          0.20787193          4237
      9.441     0.150       4.3543696          0.18143318          3734
      0.106     0.250       2514.2086           34.443739         35360
      0.119     0.250       2376.1624           33.106670         36339
      0.133     0.250       2107.6753           29.894567         36406
      0.150     0.250       1876.3393           26.853993         36663
      0.168     0.250       1728.7154           25.463745         36994
      0.188     0.250       1492.9028           21.920179         36847
      0.211     0.250       1389.4249           21.055359         36899
      0.237     0.250       1218.9545           18.357624         36815
      0.266     0.250       1112.5347           17.581064         36689
      0.299     0.250       956.59284           15.427382         36092
      0.335     0.250       834.67408           13.422955         35458
      0.376     0.250       716.52045           11.729789         34496
      0.422     0.250       624.38449           10.011081         33827
      0.473     0.250       531.13359           9.0123866         32994
      0.531     0.250       447.78809           7.7386052         31550
      0.596     0.250       389.24986           7.1027318         30439
      0.668     0.250       335.85509           5.8860819         29484
      0.750     0.250       281.82138           5.3005269         27828
      0.841     0.250       233.18436           4.2608590         26524
      0.944     0.250       209.33415           3.9387893         24818
      1.059     0.250       171.81352           3.2660211         23709
      1.189     0.250       138.99144           2.7034144         22185
      1.334     0.250       121.72274           2.4746395         20874
      1.496     0.250       103.65906           2.1593336         19544
      1.679     0.250       83.761391           1.8314423         18248
      1.884     0.250       67.752676           1.4844403         16930
      2.113     0.250       57.818102           1.3921400         15493
      2.371     0.250       48.116379           1.1976141         14322
      2.661     0.250       38.939998          0.98573600         13034
      2.985     0.250       31.570864          0.82562359         11920
      3.350     0.250       25.193989          0.69280611         10913
      3.758     0.250       21.493553          0.62794831          9689
      4.217     0.250       17.473367          0.48059270          9073
      4.732     0.250       13.829473          0.43830638          8107
      5.309     0.250       11.952889          0.38152144          7419
      5.957     0.250       9.3546792          0.31292183          6599
      6.683     0.250       7.1888414          0.22759320          5911
      7.499     0.250       6.1176373          0.22634781          5158
      8.414     0.250       4.9094173          0.19450029          4617
      9.441     0.250       3.5759521          0.13432468          4108
      0.106     0.350       2252.7660           28.527235         40987
      0.119     0.350       2031.5605           26.010010         41841
      0.133     0.350       1826.7095           23.590879         42480
      0.150     0.350       1703.7801           22.637063         42963
      0.168     0.350       1561.2573           20.663948         43550
      0.188     0.350       1389.6092           18.667750         43534
      0.211     0.350       1250.2242           17.224580         43683
      0.237     0.350       1123.4687           15.293448         43302
      0.266     0.350       982.52361           13.425395         43035
      0.299     0.350       873.70786           12.050513         42582
      0.335     0.350       774.19837           11.345495         41413
      0.376     0.350       657.41972           9.6387434         40245
      0.422     0.350       591.61027           8.7680444         39245
      0.473     0.350       507.80404           7.8515760         37821
      0.531     0.350       438.09719           7.0235241         36442
      0.596     0.350       376.62236           5.9800486         34772
      0.668     0.350       319.38166           5.0511740         33423
      0.750     0.350       272.15784           4.5451084         31792
      0.841     0.350       228.13220           3.7947799         29659
      0.944     0.350       201.49824           3.5286804         28312
      1.059     0.350       166.69059           2.9476111         26732
      1.189     0.350       136.52160           2.5542172         24760
      1.334     0.350       114.89946           2.2099527         23180
      1.496     0.350       99.481770           1.9637527         21736
      1.679     0.350       80.052505           1.6960446         19638
      1.884     0.350       62.972401           1.3935016         18159
      2.113     0.350       54.684290           1.2505717         16838
      2.371     0.350       45.106218           1.0759982         15327
      2.661     0.350       37.224902          0.91366161         14183
      2.985     0.350       28.919208          0.73990512         12886
      3.350     0.350       24.269162          0.63340179         11739
      3.758     0.350       20.038616          0.55850858         10631
      4.217     0.350       16.276017          0.47127365          9514
      4.732     0.350       12.975680          0.39232946          8539
      5.309     0.350       10.331023          0.31376393          7747
      5.957     0.350       8.3597967          0.27054148          6842
      6.683     0.350       6.2230776          0.20616695          6052
      7.499     0.350       5.4251577          0.19879860          5427
      8.414     0.350       4.4733764          0.17299163          4834
      9.441     0.350       3.7468458          0.15790446          4352
      0.106     0.450       2021.0422           24.051745         45731
      0.119     0.450       1909.3884           22.982578         46921
      0.133     0.450       1770.8732           21.607810         47434
      0.150     0.450       1577.5651           19.333108         48173
      0.168     0.450       1411.4280           17.550216         48210
      0.188     0.450       1308.0441           16.583717         48619
      0.211     0.450       1184.8010           15.026872         48385
      0.237     0.450       1064.5430           13.600039         48058
      0.266     0.450       940.78433           12.289927         47333
      0.299     0.450       846.63017           11.058152         46835
      0.335     0.450       731.72382           10.053772         45458
      0.376     0.450       641.96405           9.1075368         44010
      0.422     0.450       574.42464           7.9156502         42630
      0.473     0.450       473.32061           6.7935563         40718
      0.531     0.450       424.05961           6.3985305         39603
      0.596     0.450       365.05768           5.3514013         37620
      0.668     0.450       307.10219           4.6360867         35639
      0.750     0.450       258.91031           4.0627244         33310
      0.841     0.450       217.89871           3.4636444         31322
      0.944     0.450       183.50648           3.0165716         29643
      1.059     0.450       157.70075           2.6918110         27802
      1.189     0.450       131.85797           2.4021155         25433
      1.334     0.450       109.38290           2.0101057         24029
      1.496     0.450       92.088715           1.8176762         21976
      1.679     0.450       75.785782           1.5673645         20275
      1.884     0.450       60.306124           1.2960559         18752
      2.113     0.450       52.307786           1.1698000         17207
      2.371     0.450       41.175006          0.96816568         15519
      2.661     0.450       34.282023          0.84608169         14128
      2.985     0.450       28.829187          0.72365297         12897
      3.350     0.450       23.708314          0.63611467         11679
      3.758     0.450       18.008164          0.48563266         10436
      4.217     0.450       14.699816          0.42844451          9473
      4.732     0.450       11.135793          0.33343983          8481
      5.309     0.450       9.7157234          0.30289577          7643
      5.957     0.450       7.6498368          0.26168664          6937
      6.683     0.450       6.0201409          0.21160881          6005
      7.499     0.450       4.7961139          0.18048346          5270
      8.414     0.450       3.8006245          0.13522948          4754
      9.441     0.450       3.2571306          0.13524551          4198
      0.106     0.550       1927.2452           22.036684         49785
      0.119     0.550       1870.5471           21.200572         51430
      0.133     0.550       1682.9758           19.384327         51677
      0.150     0.550       1510.0099           17.813071         51987
      0.168     0.550       1377.8069           16.174605         51961
      0.188     0.550       1260.6821           15.127858         52256
      0.211     0.550       1152.1879           13.939371         52496
      0.237     0.550       1019.3286           12.621193         51418
      0.266     0.550       922.88433           11.288340         50447
      0.299     0.550       819.92096           10.466078         49226
      0.335     0.550       716.53025           9.2122038         47875
      0.376     0.550       615.20407           8.1800349         46404
      0.422     0.550       552.45184           7.4440921         44796
      0.473     0.550       485.76158           6.6829048         42929
      0.531     0.550       410.93391           5.6929212         40781
      0.596     0.550       354.90118           5.1655117         38298
      0.668     0.550       297.93657           4.4044516         36240
      0.750     0.550       248.00806           3.8553479         34120
      0.841     0.550       211.22895           3.3629375         32139
      0.944     0.550       176.61184           2.9677997         29837
      1.059     0.550       151.63302           2.6202991         27755
      1.189     0.550       126.39797           2.3015196         25910
      1.334     0.550       103.58445           1.9387064         23990
      1.496     0.550       85.530104           1.6767723         21924
      1.679     0.550       71.725873           1.4712965         20334
      1.884     0.550       58.851125           1.3015591         18726
      2.113     0.550       47.219430           1.0373665         16978
      2.371     0.550       38.622984          0.94621564         15258
      2.661     0.550       34.166536          0.87900599         14135
      2.985     0.550       25.086122          0.65157808         12802
      3.350     0.550       20.255552          0.55696199         11274
      3.758     0.550       16.870891          0.45516824         10273
      4.217     0.550       14.915951          0.45502299          9278
      4.732     0.550       10.925991          0.33668139          8223
      5.309     0.550       8.9786620          0.28997797          7594
      5.957     0.550       7.0988251          0.23458665          6592
      6.683     0.550       5.7614568          0.20837268          5773
      7.499     0.550       4.5833639          0.16447057          5307
      8.414     0.550       3.4464013          0.13646933          4625
      9.441     0.550       3.0194175          0.12401165          3995
      0.106     0.650       1913.1889           20.655612         53733
      0.119     0.650       1772.6714           19.403044         54107
      0.133     0.650       1638.3870           18.246428         54704
      0.150     0.650       1460.2341           16.479290         54813
      0.168     0.650       1345.5286           15.440763         54821
      0.188     0.650       1242.8345           14.376112         55057
      0.211     0.650       1119.6217           13.061595         54347
      0.237     0.650       1006.1467           11.991469         53435
      0.266     0.650       881.01252           10.564439         52016
      0.299     0.650       819.28585           10.050450         51353
      0.335     0.650       702.65465           8.9433492         49609
      0.376     0.650       608.14361           7.8297539         47675
      0.422     0.650       537.60575           7.2784443         45562
      0.473     0.650       449.36503           6.0621919         43126
      0.531     0.650       396.03034           5.6287181         41448
      0.596     0.650       340.74182           4.8616154         39483
      0.668     0.650       290.20368           4.2546672         37032
      0.750     0.650       239.87132           3.6817685         34419
      0.841     0.650       210.25146           3.3103196         32630
      0.944     0.650       173.92402           2.8628743         30026
      1.059     0.650       149.72571           2.5487377         28173
      1.189     0.650       120.74179           2.1748962         25897
      1.334     0.650       101.95075           1.9422344         23987
      1.496     0.650       85.076725           1.7209924         21949
      1.679     0.650       68.324889           1.4588775         20161
      1.884     0.650       54.277393           1.1769288         18425
      2.113     0.650       47.662863           1.1127112         16833
      2.371     0.650       36.094847          0.89808028         15266
      2.661     0.650       29.781302          0.73343851         13775
      2.985     0.650       24.685378          0.64856302         12747
      3.350     0.650       19.692997          0.54641163         11388
      3.758     0.650       16.013598          0.48129628         10087
      4.217     0.650       13.676185          0.43626161          9149
      4.732     0.650       10.566266          0.33722750          8130
      5.309     0.650       8.5230648          0.26924968          7260
      5.957     0.650       6.5083084          0.21886702          6363
      6.683     0.650       5.6268693          0.20994788          5710
      7.499     0.650       4.3251424          0.14591141          5110
      8.414     0.650       3.5698622          0.13608493          4425
      9.441     0.650       2.8146957          0.11008444          4190
      0.106     0.750       1834.4584           19.440366         55884
      0.119     0.750       1709.7937           18.287491         56485
      0.133     0.750       1594.3239           17.292593         57206
      0.150     0.750       1409.5534           15.420998         56786
      0.168     0.750       1319.1776           14.831324         56352
      0.188     0.750       1179.6607           13.347745         56363
      0.211     0.750       1103.6225           12.686183         55986
      0.237     0.750       950.17247           11.093533         54962
      0.266     0.750       890.06938           10.518056         53635
      0.299     0.750       783.93866           9.6268088         52066
      0.335     0.750       687.46377           8.5657046         50310
      0.376     0.750       596.64273           7.7696549         48411
      0.422     0.750       512.62146           6.7968469         46352
      0.473     0.750       450.77186           6.0446847         44337
      0.531     0.750       386.00467           5.3299888         41345
      0.596     0.750       321.34634           4.6184264         39156
      0.668     0.750       274.04766           4.1028644         36886
      0.750     0.750       232.13021           3.6922600         34232
      0.841     0.750       199.03810           3.1878259         31966
      0.944     0.750       165.90574           2.7629745         29821
      1.059     0.750       142.26335           2.4980126         27651
      1.189     0.750       114.96255           2.1103312         25440
      1.334     0.750       99.053511           1.9153693         23437
      1.496     0.750       78.258444           1.5886926         21400
      1.679     0.750       65.978070           1.4239704         19664
      1.884     0.750       55.566884           1.2370187         18460
      2.113     0.750       43.574297          0.99944293         16565
      2.371     0.750       35.159225          0.87787577         14891
      2.661     0.750       28.791210          0.74218839         13453
      2.985     0.750       24.304448          0.68542846         12137
      3.350     0.750       19.098956          0.51986595         11003
      3.758     0.750       15.706287          0.46605193          9884
      4.217     0.750       11.950939          0.35864318          8735
      4.732     0.750       9.4718145          0.30517886          7916
      5.309     0.750       7.5929688          0.26208354          7007
      5.957     0.750       6.7100725          0.23425174          6408
      6.683     0.750       5.2573988          0.18064674          5646
      7.499     0.750       4.1491593          0.15703819          4936
      8.414     0.750       3.2712332          0.13519276          4298
      9.441     0.750       2.4112669          0.10156919          3658
      0.106     0.850       1806.7112           18.661253         57876
      0.119     0.850       1693.1018           17.667444         58235
      0.133     0.850       1590.6985           16.933350         58748
      0.150     0.850       1396.9346           15.075726         58242
      0.168     0.850       1303.7352           14.255380         58299
      0.188     0.850       1185.0826           13.165250         58176
      0.211     0.850       1057.4094           12.011626         56990
      0.237     0.850       978.63749           11.330524         56271
      0.266     0.850       848.14587           9.8000586         54022
      0.299     0.850       761.05614           9.1765351         52739
      0.335     0.850       663.97162           8.1310707         51009
      0.376     0.850       577.31109           7.3900787         48354
      0.422     0.850       502.36622           6.6039350         46556
      0.473     0.850       430.73575           5.7540073         44471
      0.531     0.850       373.46274           5.1792209         41775
      0.596     0.850       322.13026           4.6964313         39451
      0.668     0.850       275.58862           4.0986286         36824
      0.750     0.850       229.16984           3.5019140         34622
      0.841     0.850       190.99062           3.1361541         32294
      0.944     0.850       160.62480           2.6999320         29793
      1.059     0.850       137.14338           2.4311075         27694
      1.189     0.850       109.31543           2.0745094         25546
      1.334     0.850       93.740126           1.8652459         23597
      1.496     0.850       76.442651           1.5871694         21568
      1.679     0.850       61.462785           1.2914557         19704
      1.884     0.850       52.336132           1.1540976         18066
      2.113     0.850       42.239279           1.0216051         16383
      2.371     0.850       35.343951          0.89604031         15157
      2.661     0.850       27.367889          0.70799364         13750
      2.985     0.850       22.889868          0.63333636         12158
      3.350     0.850       18.755666          0.52527723         11080
      3.758     0.850       14.024932          0.42649682          9967
      4.217     0.850       12.323022          0.37206686          8813
      4.732     0.850       9.2765317          0.29352090          7823
      5.309     0.850       7.1357918          0.24343264          6977
      5.957     0.850       6.4671262          0.22848111          6227
      6.683     0.850       5.1556186          0.20087001          5542
      7.499     0.850       4.0986658          0.14938613          4912
      8.414     0.850       3.0778424          0.12612823          4287
      9.441     0.850       2.5002695          0.11245646          3689
      0.106     0.950       1777.3232           18.031857         59030
      0.119     0.950       1662.1806           17.093946         59766
      0.133     0.950       1553.0737           16.304732         59913
      0.150     0.950       1392.7180           14.856140         59469
      0.168     0.950       1274.4636           13.915490         59188
      0.188     0.950       1155.9626           12.592350         58644
      0.211     0.950       1049.8118           11.792292         57270
      0.237     0.950       943.85292           10.648539         56351
      0.266     0.950       838.39664           9.8496941         54629
      0.299     0.950       740.65982           8.8184228         52964
      0.335     0.950       648.46898           7.9551394         50844
      0.376     0.950       578.43941           7.3228691         48788
      0.422     0.950       496.65639           6.4792579         46417
      0.473     0.950       426.74109           5.6933189         43825
      0.531     0.950       372.02419           5.2267504         41557
      0.596     0.950       322.49313           4.6234789         39510
      0.668     0.950       263.44992           3.9694672         36327
      0.750     0.950       232.57801           3.6004891         34311
      0.841     0.950       188.10336           3.0964468         31455
      0.944     0.950       155.71214           2.6658969         29334
      1.059     0.950       134.80480           2.3547747         27257
      1.189     0.950       108.82286           1.9733267         25005
      1.334     0.950       91.226886           1.7523431         23148
      1.496     0.950       73.058991           1.5138930         21238
      1.679     0.950       59.502979           1.2940885         19173
      1.884     0.950       50.394346           1.1255467         17759
      2.113     0.950       39.196770          0.92090535         15915
      2.371     0.950       31.977815          0.81420234         14462
      2.661     0.950       26.229353          0.70034777         13185
      2.985     0.950       22.400808          0.60938825         11753
      3.350     0.950       18.401026          0.53739069         10673
      3.758     0.950       13.607313          0.41533664          9384
      4.217     0.950       11.659268          0.38199037          8445
      4.732     0.950       8.8125424          0.27464914          7523
      5.309     0.950       7.3072215          0.24168359          6754
      5.957     0.950       5.7657779          0.20410712          5959
      6.683     0.950       4.6365296          0.17185460          5292
      7.499     0.950       3.8279369          0.14697035          4665
      8.414     0.950       3.0709818          0.13173040          4109
      9.441     0.950       2.3697658          0.93101379E-01      3551
