 # fmin10_0311z.kam_nbe   
      0.112    -0.950       319.80019           3.6652861         49857
      0.141    -0.950       311.75214           3.5792770         50800
      0.178    -0.950       272.51353           3.1628583         49442
      0.224    -0.950       246.20047           2.8882176         47217
      0.282    -0.950       203.30563           2.4306874         44077
      0.355    -0.950       169.72229           2.1624474         39671
      0.447    -0.950       136.63793           1.8275008         34875
      0.562    -0.950       104.70480           1.5503434         30141
      0.708    -0.950       76.450801           1.2598022         25551
      0.891    -0.950       55.807646           1.0088353         21079
      1.122    -0.950       38.342601          0.79872663         16685
      1.413    -0.950       27.000485          0.65434117         13310
      1.778    -0.950       17.645005          0.46476910         10496
      2.239    -0.950       10.790917          0.34429482          7902
      2.818    -0.950       6.8550383          0.25470590          5947
      3.548    -0.950       4.1983333          0.17994878          4389
      4.467    -0.950       2.6321954          0.12505748          3262
      5.623    -0.950       1.4319039          0.80970454E-01      2234
      7.079    -0.950      0.83131810          0.57696722E-01      1534
      8.913    -0.950      0.51614702          0.38362791E-01      1172
      0.112    -0.850       349.30579           4.3740847         48902
      0.141    -0.850       325.74939           3.9857206         50261
      0.178    -0.850       294.09519           3.5303074         49614
      0.224    -0.850       253.68612           3.0849108         48007
      0.282    -0.850       216.54711           2.6994781         44721
      0.355    -0.850       178.25754           2.2994140         40797
      0.447    -0.850       141.29146           1.9182173         36371
      0.562    -0.850       110.42224           1.6200590         31707
      0.708    -0.850       82.345829           1.3103991         26709
      0.891    -0.850       57.919402           1.0423027         21965
      1.122    -0.850       41.541275          0.81997953         18153
      1.413    -0.850       28.189189          0.64321702         14270
      1.778    -0.850       18.717326          0.48739941         11286
      2.239    -0.850       11.708614          0.34890524          8709
      2.818    -0.850       7.3341473          0.24901957          6590
      3.548    -0.850       4.4474628          0.18475669          4786
      4.467    -0.850       2.7789574          0.12956748          3512
      5.623    -0.850       1.5678281          0.82886488E-01      2483
      7.079    -0.850      0.94097007          0.51223265E-01      1892
      8.913    -0.850      0.57615447          0.42895144E-01      1288
      0.112    -0.750       393.98713           4.9253624         48376
      0.141    -0.750       364.60660           4.3459728         49411
      0.178    -0.750       325.43115           4.0154454         49593
      0.224    -0.750       275.78268           3.3316987         47946
      0.282    -0.750       233.72997           2.9164662         45386
      0.355    -0.750       192.33800           2.5410944         41959
      0.447    -0.750       152.67031           2.0961675         37407
      0.562    -0.750       117.62584           1.7126167         32667
      0.708    -0.750       85.073116           1.3666647         28031
      0.891    -0.750       63.545482           1.1119366         23618
      1.122    -0.750       45.026271          0.89739318         19256
      1.413    -0.750       30.165581          0.68042679         15365
      1.778    -0.750       19.816875          0.50728115         12036
      2.239    -0.750       12.854132          0.37784092          9391
      2.818    -0.750       8.4813117          0.29323680          7083
      3.548    -0.750       5.0509101          0.19597659          5290
      4.467    -0.750       3.2091073          0.13871424          3968
      5.623    -0.750       1.8027619          0.93824657E-01      2801
      7.079    -0.750       1.0994621          0.64855526E-01      2075
      8.913    -0.750      0.68761582          0.50008820E-01      1512
      0.112    -0.650       398.31144           5.1392810         45653
      0.141    -0.650       369.04692           4.6905747         47747
      0.178    -0.650       333.64257           4.2353799         47711
      0.224    -0.650       291.51683           3.7752677         47399
      0.282    -0.650       241.20418           3.0768639         45142
      0.355    -0.650       191.44672           2.5170982         41756
      0.447    -0.650       159.88672           2.2532861         38107
      0.562    -0.650       119.02419           1.7540802         33479
      0.708    -0.650       89.690855           1.4616622         28678
      0.891    -0.650       69.517220           1.1691007         24983
      1.122    -0.650       46.571885          0.87764652         20366
      1.413    -0.650       33.637423          0.73698707         16399
      1.778    -0.650       21.649922          0.54724028         13031
      2.239    -0.650       14.194859          0.38522071         10373
      2.818    -0.650       9.0184596          0.28789926          7755
      3.548    -0.650       5.6173057          0.19856878          5837
      4.467    -0.650       3.4523939          0.14274949          4377
      5.623    -0.650       2.0317725          0.97845052E-01      3183
      7.079    -0.650       1.2904110          0.72158010E-01      2346
      8.913    -0.650      0.78300489          0.51407006E-01      1625
      0.112    -0.550       369.13980           5.1429998         42306
      0.141    -0.550       336.93805           4.6460077         44413
      0.178    -0.550       312.48160           4.2304222         45637
      0.224    -0.550       263.59360           3.4405130         44890
      0.282    -0.550       220.54794           2.9554940         43122
      0.355    -0.550       183.81259           2.5045833         41061
      0.447    -0.550       151.16936           2.1570653         37948
      0.562    -0.550       120.46014           1.7296092         34163
      0.708    -0.550       91.569515           1.4481053         29892
      0.891    -0.550       68.263711           1.1862172         25544
      1.122    -0.550       48.636660          0.87477148         21343
      1.413    -0.550       33.488261          0.69084935         17472
      1.778    -0.550       23.000675          0.52550464         14178
      2.239    -0.550       15.183400          0.39438125         10964
      2.818    -0.550       10.318309          0.30476492          8746
      3.548    -0.550       6.3002889          0.20713015          6410
      4.467    -0.550       3.8838896          0.15055952          4872
      5.623    -0.550       2.3789704          0.10665336          3570
      7.079    -0.550       1.5797659          0.82963262E-01      2573
      8.913    -0.550      0.87950626          0.49438810E-01      1887
      0.112    -0.450       349.13244           5.4307564         37942
      0.141    -0.450       337.60738           5.2114725         40276
      0.178    -0.450       289.19946           4.2622355         41523
      0.224    -0.450       253.47341           3.7481091         41486
      0.282    -0.450       211.27636           3.0300039         40955
      0.355    -0.450       180.42430           2.6516327         39336
      0.447    -0.450       144.34543           2.1246797         36560
      0.562    -0.450       113.61439           1.7493185         33148
      0.708    -0.450       88.483667           1.3846334         30089
      0.891    -0.450       66.468811           1.1439691         26001
      1.122    -0.450       49.299391          0.90706839         22338
      1.413    -0.450       35.570218          0.69905013         18704
      1.778    -0.450       25.954813          0.56034561         15380
      2.239    -0.450       16.960090          0.41245818         12183
      2.818    -0.450       10.761690          0.29337729          9397
      3.548    -0.450       7.0348428          0.22725413          7299
      4.467    -0.450       4.5640444          0.15908544          5675
      5.623    -0.450       2.7523031          0.11256794          4138
      7.079    -0.450       1.6905562          0.79903992E-01      2972
      8.913    -0.450      0.95745027          0.48549094E-01      2079
      0.112    -0.350       368.68689           6.0909357         33530
      0.141    -0.350       340.82249           5.5862301         35456
      0.178    -0.350       303.07465           4.8891856         36942
      0.224    -0.350       254.87912           4.1358284         37379
      0.282    -0.350       220.51531           3.5618792         37199
      0.355    -0.350       179.32080           2.8032945         36515
      0.447    -0.350       143.27609           2.3030995         34459
      0.562    -0.350       116.24360           1.8636099         32067
      0.708    -0.350       91.338650           1.5014668         29229
      0.891    -0.350       67.679418           1.1853241         25895
      1.122    -0.350       51.499237          0.95524439         22818
      1.413    -0.350       37.040714          0.72689689         19301
      1.778    -0.350       25.759338          0.55552510         16165
      2.239    -0.350       18.185496          0.42609692         13193
      2.818    -0.350       12.427855          0.32994421         10337
      3.548    -0.350       8.2455595          0.25506809          8201
      4.467    -0.350       5.1891848          0.17150403          6344
      5.623    -0.350       3.3563516          0.12727534          4711
      7.079    -0.350       2.0097035          0.80173146E-01      3619
      8.913    -0.350       1.1631704          0.55639970E-01      2600
      0.112    -0.250       405.45512           7.1742171         28443
      0.141    -0.250       362.45134           6.2815047         29914
      0.178    -0.250       314.77434           5.4766055         30827
      0.224    -0.250       274.39749           4.7535011         31542
      0.282    -0.250       234.63540           4.2599590         31438
      0.355    -0.250       191.13504           3.2959193         31152
      0.447    -0.250       152.04466           2.6106293         29892
      0.562    -0.250       119.60647           2.1805430         27777
      0.708    -0.250       90.942233           1.5746298         26094
      0.891    -0.250       70.712184           1.3460161         23731
      1.122    -0.250       52.499685          0.99918321         21251
      1.413    -0.250       39.955385          0.81538927         18413
      1.778    -0.250       28.052434          0.59136395         15988
      2.239    -0.250       20.482882          0.50793123         13458
      2.818    -0.250       13.546677          0.35985375         11012
      3.548    -0.250       9.0273722          0.24290201          8828
      4.467    -0.250       6.0232084          0.18537433          6911
      5.623    -0.250       3.9614461          0.14763871          5242
      7.079    -0.250       2.5224642          0.10718664          3996
      8.913    -0.250       1.5446898          0.67135014E-01      3018
      0.112    -0.150       412.17372           7.6271444         21491
      0.141    -0.150       372.54926           6.9950831         22362
      0.178    -0.150       329.86717           6.0493878         23229
      0.224    -0.150       285.47833           5.3778641         23393
      0.282    -0.150       250.08900           4.8499736         23346
      0.355    -0.150       196.34929           3.7129119         22922
      0.447    -0.150       162.83537           3.3591689         22213
      0.562    -0.150       121.98806           2.5409273         21109
      0.708    -0.150       92.083225           1.9174782         19650
      0.891    -0.150       71.989223           1.6493762         18358
      1.122    -0.150       56.593043           1.3234732         16745
      1.413    -0.150       41.834191          0.95768052         14925
      1.778    -0.150       30.165782          0.75519080         13174
      2.239    -0.150       21.869215          0.58463091         11311
      2.818    -0.150       15.950390          0.44274522          9839
      3.548    -0.150       10.378605          0.29404096          8210
      4.467    -0.150       7.1593690          0.21913291          6493
      5.623    -0.150       4.8166944          0.17304972          5318
      7.079    -0.150       3.1582167          0.12885702          4063
      8.913    -0.150       1.9220691          0.88208353E-01      3095
      0.112    -0.050       498.97943           15.160763         10231
      0.141    -0.050       446.77974           14.252942         10398
      0.178    -0.050       375.72204           11.172023         10480
      0.224    -0.050       362.15135           12.705389         10439
      0.282    -0.050       310.76382           11.421029         10193
      0.355    -0.050       228.73382           7.8972602         10174
      0.447    -0.050       194.56061           7.1858520          9552
      0.562    -0.050       138.98117           5.3187388          8897
      0.708    -0.050       105.74270           3.7794298          8391
      0.891    -0.050       86.269589           3.7119434          7763
      1.122    -0.050       62.564930           2.6898481          6798
      1.413    -0.050       45.413854           2.1762333          6286
      1.778    -0.050       33.325002           1.5425469          5581
      2.239    -0.050       25.759170           1.5223388          4975
      2.818    -0.050       16.827585          0.84837945          4124
      3.548    -0.050       12.040029          0.62681148          3598
      4.467    -0.050       8.5865164          0.41149517          3205
      5.623    -0.050       5.3070660          0.29774139          2522
      7.079    -0.050       3.6754592          0.22551754          2077
      8.913    -0.050       2.0957741          0.16329443          1636
      0.112     0.050       466.27584           14.772178         10252
      0.141     0.050       424.32314           13.546090         10484
      0.178     0.050       370.35123           11.100461         10570
      0.224     0.050       364.15653           12.305532         10563
      0.282     0.050       291.81245           10.108665         10469
      0.355     0.050       226.87318           8.1273406          9955
      0.447     0.050       184.16494           6.5387527          9485
      0.562     0.050       145.90196           5.3836341          9019
      0.708     0.050       105.77546           3.7711621          8333
      0.891     0.050       81.068257           3.2321695          7800
      1.122     0.050       61.684554           2.4679790          7005
      1.413     0.050       44.893040           1.9097996          6327
      1.778     0.050       33.642719           1.5563503          5529
      2.239     0.050       23.301850           1.4528570          4838
      2.818     0.050       15.003853          0.81673128          4069
      3.548     0.050       11.934239          0.66357402          3578
      4.467     0.050       8.2768770          0.45624597          3008
      5.623     0.050       5.5955354          0.31942943          2567
      7.079     0.050       3.4086033          0.21768046          1976
      8.913     0.050       2.2823130          0.17576684          1608
      0.112     0.150       312.96237           4.9943975         21558
      0.141     0.150       284.96394           4.5450443         21885
      0.178     0.150       277.28783           4.4338615         23437
      0.224     0.150       240.71630           3.9134867         23238
      0.282     0.150       207.04517           3.4718410         23193
      0.355     0.150       183.55058           3.2273884         22921
      0.447     0.150       149.05437           2.7114521         22381
      0.562     0.150       120.08405           2.2379058         21006
      0.708     0.150       96.691903           1.8762492         19936
      0.891     0.150       74.804319           1.5239291         18376
      1.122     0.150       56.427287           1.2219380         16458
      1.413     0.150       42.658590          0.96138513         15011
      1.778     0.150       30.958300          0.76054940         13146
      2.239     0.150       22.205268          0.60291896         11337
      2.818     0.150       15.629414          0.44231436          9610
      3.548     0.150       10.943767          0.33691797          8070
      4.467     0.150       7.4747960          0.24463531          6674
      5.623     0.150       4.9655356          0.17557711          5193
      7.079     0.150       3.2621958          0.13244729          4080
      8.913     0.150       2.2503788          0.10360265          3116
      0.112     0.250       242.63573           3.3515545         27132
      0.141     0.250       232.96039           3.1939060         28999
      0.178     0.250       224.39509           3.0639794         30178
      0.224     0.250       200.10443           2.7704038         30681
      0.282     0.250       184.33945           2.5744876         31040
      0.355     0.250       154.65289           2.2035699         30547
      0.447     0.250       134.19741           1.9969972         29656
      0.562     0.250       112.07344           1.7525459         28079
      0.708     0.250       88.838468           1.4735990         26027
      0.891     0.250       68.835316           1.1960994         24045
      1.122     0.250       51.426109          0.94063459         21445
      1.413     0.250       38.914621          0.78218599         18258
      1.778     0.250       29.076486          0.63579063         16081
      2.239     0.250       20.373839          0.47836980         13428
      2.818     0.250       14.408398          0.39266370         10734
      3.548     0.250       9.2397836          0.27555809          8945
      4.467     0.250       6.2350716          0.20442099          6910
      5.623     0.250       4.0299372          0.15618628          5279
      7.079     0.250       2.6007471          0.10686971          3967
      8.913     0.250       1.5636372          0.70033769E-01      3015
      0.112     0.350       218.23467           2.6742096         32337
      0.141     0.350       209.39707           2.5952928         34133
      0.178     0.350       202.47088           2.4883607         35860
      0.224     0.350       184.92764           2.3161735         36282
      0.282     0.350       166.49354           2.0924877         36312
      0.355     0.350       150.34636           1.9571548         35560
      0.447     0.350       128.87041           1.7621278         33957
      0.562     0.350       109.25090           1.5377783         31868
      0.708     0.350       83.391928           1.2653117         28662
      0.891     0.350       67.121035           1.0695974         25788
      1.122     0.350       50.543945          0.87740325         22727
      1.413     0.350       37.552130          0.70819349         19270
      1.778     0.350       26.963838          0.58039141         16116
      2.239     0.350       18.315062          0.43233617         13260
      2.818     0.350       12.593460          0.32967836         10462
      3.548     0.350       8.4195181          0.25121663          8233
      4.467     0.350       5.3753750          0.18822386          6366
      5.623     0.350       3.4153902          0.13215822          4794
      7.079     0.350       2.1048574          0.92606584E-01      3613
      8.913     0.350       1.1859036          0.57429355E-01      2483
      0.112     0.450       203.11165           2.3301861         36251
      0.141     0.450       199.02675           2.2591099         38626
      0.178     0.450       194.85909           2.1956865         40051
      0.224     0.450       180.34047           2.0542368         40558
      0.282     0.450       163.75705           1.9126155         39833
      0.355     0.450       145.52767           1.7666435         38694
      0.447     0.450       125.42881           1.6026155         36395
      0.562     0.450       101.64294           1.3739501         33079
      0.708     0.450       81.938716           1.1673754         29810
      0.891     0.450       65.401594           1.0306425         26078
      1.122     0.450       45.822071          0.78608806         22161
      1.413     0.450       35.885274          0.69909046         18562
      1.778     0.450       25.361301          0.54908141         15219
      2.239     0.450       16.987113          0.42191452         12149
      2.818     0.450       10.951478          0.30044698          9540
      3.548     0.450       7.1322626          0.22117142          7349
      4.467     0.450       4.5331753          0.17298270          5608
      5.623     0.450       2.7597138          0.12116328          4039
      7.079     0.450       1.7664496          0.82798503E-01      3114
      8.913     0.450      0.94579177          0.48189221E-01      2144
      0.112     0.550       190.51271           2.0888572         38981
      0.141     0.550       196.24883           2.1145670         41715
      0.178     0.550       190.74710           2.0436691         43071
      0.224     0.550       177.34612           1.9134537         43045
      0.282     0.550       161.88036           1.8156209         42132
      0.355     0.550       143.42739           1.6533053         40562
      0.447     0.550       123.28859           1.5099870         37303
      0.562     0.550       101.23399           1.3245129         33750
      0.708     0.550       81.254318           1.1443003         29502
      0.891     0.550       61.298178          0.95701107         25482
      1.122     0.550       45.931761          0.80234898         21311
      1.413     0.550       31.982572          0.61811928         17544
      1.778     0.550       23.349116          0.50895221         14197
      2.239     0.550       14.923937          0.37169048         10895
      2.818     0.550       9.4413521          0.29144696          8446
      3.548     0.550       6.4553599          0.20843086          6615
      4.467     0.550       4.0532080          0.16152717          4845
      5.623     0.550       2.4914898          0.11024059          3605
      7.079     0.550       1.3552524          0.67199120E-01      2614
      8.913     0.550      0.92600962          0.60384470E-01      1918
      0.112     0.650       191.56854           1.9851134         42303
      0.141     0.650       194.69362           1.9738181         44857
      0.178     0.650       192.39533           1.9575032         45598
      0.224     0.650       174.02820           1.8227282         44514
      0.282     0.650       160.90431           1.7331319         43489
      0.355     0.650       138.71062           1.5705894         40688
      0.447     0.650       118.95514           1.4371459         37223
      0.562     0.650       98.158067           1.2860509         32903
      0.708     0.650       76.570387           1.0802441         28761
      0.891     0.650       57.615110          0.90932585         24433
      1.122     0.650       42.426441          0.74218999         20336
      1.413     0.650       30.165272          0.59698610         16474
      1.778     0.650       22.107996          0.50078130         13032
      2.239     0.650       13.575498          0.35692983         10189
      2.818     0.650       8.6182119          0.26316640          7753
      3.548     0.650       5.5996761          0.20120627          5966
      4.467     0.650       3.7735346          0.15728980          4356
      5.623     0.650       2.1391152          0.99032171E-01      3162
      7.079     0.650       1.2801372          0.75994971E-01      2297
      8.913     0.650      0.71805717          0.45978998E-01      1574
      0.112     0.750       190.69772           1.9098664         44464
      0.141     0.750       190.59848           1.8668706         46526
      0.178     0.750       184.26568           1.8245414         46623
      0.224     0.750       172.81560           1.7534855         45886
      0.282     0.750       159.18757           1.6774954         43964
      0.355     0.750       137.22220           1.5373108         40320
      0.447     0.750       114.75145           1.3694682         36380
      0.562     0.750       95.224942           1.2382017         32079
      0.708     0.750       73.838239           1.0593140         27604
      0.891     0.750       54.513913          0.87026536         23122
      1.122     0.750       40.552539          0.74918260         18737
      1.413     0.750       28.729891          0.60364535         15208
      1.778     0.750       19.095575          0.45083031         11978
      2.239     0.750       12.777329          0.34758551          9304
      2.818     0.750       8.3902350          0.27725368          6925
      3.548     0.750       5.0113831          0.19998415          5280
      4.467     0.750       2.8633505          0.12377793          3791
      5.623     0.750       1.9082289          0.98393091E-01      2913
      7.079     0.750       1.1029163          0.64394019E-01      1958
      8.913     0.750      0.65285138          0.41270566E-01      1509
      0.112     0.850       188.51548           1.8300243         46061
      0.141     0.850       188.03370           1.8135299         47395
      0.178     0.850       180.30156           1.7606774         47358
      0.224     0.850       172.88797           1.7190582         46228
      0.282     0.850       155.53307           1.6270341         43770
      0.355     0.850       133.82626           1.4856832         39604
      0.447     0.850       113.14098           1.3602903         35568
      0.562     0.850       89.141175           1.1697321         30728
      0.708     0.850       68.011877          0.98781696         26495
      0.891     0.850       51.380681          0.85001025         21956
      1.122     0.850       37.222423          0.70161780         17633
      1.413     0.850       26.828479          0.56836777         14524
      1.778     0.850       18.009274          0.45676046         10915
      2.239     0.850       11.941317          0.34928272          8646
      2.818     0.850       7.2747629          0.25566934          6384
      3.548     0.850       4.3501735          0.17222912          4795
      4.467     0.850       2.6951317          0.11788402          3579
      5.623     0.850       1.6184361          0.85099574E-01      2605
      7.079     0.850      0.99743861          0.57004499E-01      1863
      8.913     0.850      0.53047512          0.35383510E-01      1272
      0.112     0.950       186.61713           1.7713127         46966
      0.141     0.950       185.69070           1.7532497         48241
      0.178     0.950       180.81375           1.7355429         47807
      0.224     0.950       167.05677           1.6526450         46250
      0.282     0.950       150.63057           1.5721780         42963
      0.355     0.950       131.09361           1.4523888         39205
      0.447     0.950       107.77139           1.2954212         34450
      0.562     0.950       86.777692           1.1483059         30018
      0.708     0.950       67.782794           1.0007043         25176
      0.891     0.950       48.308713          0.81294228         20509
      1.122     0.950       35.635924          0.68557690         16651
      1.413     0.950       24.670892          0.54900710         13160
      1.778     0.950       16.643191          0.43128841         10504
      2.239     0.950       10.165867          0.29420719          7962
      2.818     0.950       7.1424163          0.25019246          6131
      3.548     0.950       4.1512817          0.17595771          4453
      4.467     0.950       2.3876079          0.12831326          3183
      5.623     0.950       1.4770769          0.82984089E-01      2329
      7.079     0.950      0.79533406          0.54732735E-01      1583
      8.913     0.950      0.57232024          0.43653872E-01      1190
