 # fmin20_0311z.kam_nue   
      0.106    -0.950       374.85003           6.5790314         25088
      0.119    -0.950       354.65344           6.0943594         25160
      0.133    -0.950       358.95121           6.3326215         25589
      0.150    -0.950       351.85212           6.0187074         25503
      0.168    -0.950       337.29178           5.9922529         25483
      0.188    -0.950       316.08070           5.4390220         24774
      0.211    -0.950       297.03717           5.1174740         24442
      0.237    -0.950       271.13934           4.7039496         24027
      0.266    -0.950       251.34563           4.3826032         23061
      0.299    -0.950       226.78180           4.0806926         22008
      0.335    -0.950       213.32822           3.9152662         20953
      0.376    -0.950       191.77609           3.5981093         19614
      0.422    -0.950       169.57469           3.1604393         18759
      0.473    -0.950       154.73173           3.0336963         17258
      0.531    -0.950       133.09000           2.6987411         16183
      0.596    -0.950       120.56443           2.5627951         14926
      0.668    -0.950       104.48093           2.3354763         13714
      0.750    -0.950       88.663745           2.1165822         12432
      0.841    -0.950       73.399340           1.8051023         11133
      0.944    -0.950       63.796654           1.6514108         10259
      1.059    -0.950       52.875460           1.4529685          9304
      1.189    -0.950       43.134386           1.2419667          8350
      1.334    -0.950       36.010129           1.1048984          7312
      1.496    -0.950       28.697656          0.97756961          6319
      1.679    -0.950       24.396521          0.86845551          5623
      1.884    -0.950       20.269108          0.79997470          5087
      2.113    -0.950       14.364151          0.60118892          4276
      2.371    -0.950       12.430559          0.55606691          3820
      2.661    -0.950       9.7659993          0.48185713          3334
      2.985    -0.950       7.9497511          0.42367023          2934
      3.350    -0.950       6.9539441          0.38534568          2548
      3.758    -0.950       4.8402990          0.31457447          2082
      4.217    -0.950       4.2140837          0.28238901          1870
      4.732    -0.950       2.6848563          0.18143773          1547
      5.309    -0.950       2.1092647          0.16874472          1293
      5.957    -0.950       1.4855091          0.12273056          1107
      6.683    -0.950       1.3313033          0.11782238           980
      7.499    -0.950       1.0329421          0.96142624E-01       820
      8.414    -0.950      0.87069627          0.85245059E-01       749
      9.441    -0.950      0.54195500          0.56341185E-01       550
      0.106    -0.850       405.37760           7.5893515         24205
      0.119    -0.850       391.72122           7.4501110         24660
      0.133    -0.850       382.53494           7.1679861         25125
      0.150    -0.850       370.97548           6.8674850         25360
      0.168    -0.850       349.62494           6.5522319         25290
      0.188    -0.850       339.21440           6.3242642         25132
      0.211    -0.850       305.18220           5.5763847         24749
      0.237    -0.850       281.74350           5.3125196         23892
      0.266    -0.850       271.40066           5.0474030         23534
      0.299    -0.850       249.93872           4.7451569         22404
      0.335    -0.850       221.71869           4.2229149         21525
      0.376    -0.850       198.71373           3.9075619         20521
      0.422    -0.850       176.55603           3.4998171         19232
      0.473    -0.850       160.46903           3.2031725         18229
      0.531    -0.850       136.08960           2.8219868         16699
      0.596    -0.850       120.77445           2.6181794         15396
      0.668    -0.850       109.39361           2.3950678         14535
      0.750    -0.850       90.046432           2.1197919         12991
      0.841    -0.850       78.783004           1.8516766         12072
      0.944    -0.850       66.648698           1.6749864         10939
      1.059    -0.850       54.947607           1.4788796          9805
      1.189    -0.850       45.560493           1.2852853          8821
      1.334    -0.850       38.367811           1.1944515          7836
      1.496    -0.850       30.926012          0.95425366          6899
      1.679    -0.850       26.965343          0.91915069          6352
      1.884    -0.850       20.772046          0.76842724          5423
      2.113    -0.850       17.427261          0.70505452          4743
      2.371    -0.850       12.508057          0.54276859          4164
      2.661    -0.850       10.514285          0.47298801          3547
      2.985    -0.850       8.7389931          0.42457080          3266
      3.350    -0.850       6.7998670          0.35705749          2722
      3.758    -0.850       5.3845745          0.30222259          2264
      4.217    -0.850       4.4618947          0.26691028          2046
      4.732    -0.850       3.1868182          0.21054452          1728
      5.309    -0.850       2.4481697          0.16682584          1488
      5.957    -0.850       1.7100870          0.13900160          1243
      6.683    -0.850       1.3949231          0.11140008          1044
      7.499    -0.850      0.99416239          0.78465759E-01       907
      8.414    -0.850      0.88188369          0.84882698E-01       776
      9.441    -0.850      0.69744964          0.78467421E-01       660
      0.106    -0.750       460.95624           8.5193768         24175
      0.119    -0.750       469.09911           8.7574654         24747
      0.133    -0.750       434.45554           7.8974264         25036
      0.150    -0.750       422.90728           7.8323666         25260
      0.168    -0.750       389.70512           7.1046990         25090
      0.188    -0.750       366.34718           6.5506053         25176
      0.211    -0.750       341.01683           6.1246651         24788
      0.237    -0.750       331.37048           5.8967261         24693
      0.266    -0.750       299.43334           5.4794856         23759
      0.299    -0.750       274.85439           5.3004386         22796
      0.335    -0.750       244.64818           4.5617272         22030
      0.376    -0.750       220.18028           4.2011991         20933
      0.422    -0.750       198.23836           3.9091509         19920
      0.473    -0.750       177.16065           3.5755162         18573
      0.531    -0.750       149.80744           3.0644701         17470
      0.596    -0.750       129.29433           2.7598121         16224
      0.668    -0.750       110.86869           2.3634140         15224
      0.750    -0.750       101.43018           2.3220536         13999
      0.841    -0.750       86.536848           2.1101866         12603
      0.944    -0.750       71.446154           1.8036569         11463
      1.059    -0.750       59.625221           1.6057347         10444
      1.189    -0.750       48.963034           1.3736265          9296
      1.334    -0.750       39.843061           1.1820254          8364
      1.496    -0.750       33.866046           1.0596655          7436
      1.679    -0.750       27.471715          0.93403959          6701
      1.884    -0.750       22.080488          0.78220909          5827
      2.113    -0.750       19.266009          0.74219595          5155
      2.371    -0.750       14.138945          0.56998141          4522
      2.661    -0.750       11.936135          0.54909397          3981
      2.985    -0.750       9.3433182          0.45276511          3486
      3.350    -0.750       7.2575872          0.38101025          2930
      3.758    -0.750       5.3443585          0.27755893          2527
      4.217    -0.750       4.7425248          0.29612264          2099
      4.732    -0.750       3.8052424          0.21145136          1952
      5.309    -0.750       2.7403904          0.19120715          1612
      5.957    -0.750       1.9323291          0.12709892          1433
      6.683    -0.750       1.8727305          0.14508558          1251
      7.499    -0.750       1.1968642          0.92452742E-01      1009
      8.414    -0.750      0.92225699          0.91888136E-01       815
      9.441    -0.750      0.75612294          0.72130094E-01       700
      0.106    -0.650       480.26092           9.2120307         23100
      0.119    -0.650       467.14727           8.6696831         23627
      0.133    -0.650       468.51033           8.9929801         24320
      0.150    -0.650       449.85962           8.5679264         24373
      0.168    -0.650       395.44608           7.5098577         24311
      0.188    -0.650       371.77685           7.0151566         24472
      0.211    -0.650       352.20459           6.5206203         24202
      0.237    -0.650       327.14716           5.8973040         24124
      0.266    -0.650       312.35088           5.8830041         23699
      0.299    -0.650       280.37591           5.4190523         22947
      0.335    -0.650       255.31624           4.9457037         22040
      0.376    -0.650       220.57772           4.3190782         20756
      0.422    -0.650       196.52767           3.9267750         19960
      0.473    -0.650       180.36000           3.6600815         19201
      0.531    -0.650       162.57252           3.4756266         17808
      0.596    -0.650       142.92482           3.0810885         16910
      0.668    -0.650       118.34733           2.6674316         15353
      0.750    -0.650       107.17593           2.4397574         14588
      0.841    -0.650       89.223040           2.0584192         13208
      0.944    -0.650       77.767680           1.9264968         12130
      1.059    -0.650       62.830187           1.6018845         11071
      1.189    -0.650       53.975264           1.4649110         10017
      1.334    -0.650       45.736120           1.3620826          9081
      1.496    -0.650       38.134390           1.1970911          8285
      1.679    -0.650       30.452292          0.95493161          7344
      1.884    -0.650       25.482607          0.89020235          6417
      2.113    -0.650       18.634405          0.65529286          5554
      2.371    -0.650       15.540437          0.60237221          4921
      2.661    -0.650       12.694317          0.53862648          4321
      2.985    -0.650       9.4207784          0.41402511          3746
      3.350    -0.650       8.1781908          0.39634898          3300
      3.758    -0.650       6.1415353          0.31264938          2869
      4.217    -0.650       4.8154287          0.26233243          2459
      4.732    -0.650       3.9775016          0.22369717          2095
      5.309    -0.650       3.3064252          0.20738199          1857
      5.957    -0.650       2.3107406          0.14767354          1553
      6.683    -0.650       1.6416501          0.12297105          1239
      7.499    -0.650       1.6481710          0.13613487          1136
      8.414    -0.650       1.0895320          0.88237863E-01       937
      9.441    -0.650      0.82776828          0.81090027E-01       817
      0.106    -0.550       420.90885           8.9333993         21165
      0.119    -0.550       433.98354           9.0690107         21710
      0.133    -0.550       406.69890           8.4313260         22187
      0.150    -0.550       374.36025           7.4339543         22436
      0.168    -0.550       371.24475           7.6972779         22736
      0.188    -0.550       344.94639           7.0252320         22951
      0.211    -0.550       329.91682           6.4497990         23218
      0.237    -0.550       308.74915           6.2463313         23025
      0.266    -0.550       285.71682           5.7776542         22497
      0.299    -0.550       259.79905           5.3319723         21998
      0.335    -0.550       237.32626           4.6879935         21435
      0.376    -0.550       209.69266           4.2032053         20541
      0.422    -0.550       190.58094           4.0202571         19613
      0.473    -0.550       169.71550           3.5157481         19111
      0.531    -0.550       153.42536           3.2838504         18093
      0.596    -0.550       133.72198           2.9008111         17031
      0.668    -0.550       115.29319           2.4892103         16089
      0.750    -0.550       100.12385           2.2361839         14859
      0.841    -0.550       88.723405           2.1026108         13798
      0.944    -0.550       77.853528           1.9005501         12693
      1.059    -0.550       65.777699           1.6861840         11679
      1.189    -0.550       56.334540           1.5500074         10538
      1.334    -0.550       44.104113           1.2215423          9545
      1.496    -0.550       39.823563           1.2237143          8695
      1.679    -0.550       32.564750          0.99234990          7830
      1.884    -0.550       26.947031          0.88957974          6776
      2.113    -0.550       20.764852          0.72249163          5976
      2.371    -0.550       17.623636          0.66895096          5381
      2.661    -0.550       14.716316          0.55816062          4788
      2.985    -0.550       11.982642          0.52650126          4216
      3.350    -0.550       8.6329882          0.39485490          3676
      3.758    -0.550       7.5574728          0.34596688          3249
      4.217    -0.550       5.4421783          0.28721583          2704
      4.732    -0.550       4.9616651          0.26630429          2346
      5.309    -0.550       3.4596405          0.20731157          2047
      5.957    -0.550       2.6792593          0.17779886          1729
      6.683    -0.550       1.7990795          0.11462240          1446
      7.499    -0.550       1.5218504          0.11039073          1185
      8.414    -0.550       1.1348230          0.87819460E-01      1045
      9.441    -0.550       1.0443547          0.86415020E-01       869
      0.106    -0.450       396.07608           9.1801137         18659
      0.119    -0.450       406.16451           9.5280764         19159
      0.133    -0.450       408.71272           9.3982963         20340
      0.150    -0.450       373.01242           8.2528016         20537
      0.168    -0.450       351.77897           7.9349461         20701
      0.188    -0.450       337.17224           7.5677916         21117
      0.211    -0.450       294.32023           6.4280090         20882
      0.237    -0.450       296.21505           6.5756564         21420
      0.266    -0.450       256.78858           5.5505513         21069
      0.299    -0.450       244.64966           5.3808247         20665
      0.335    -0.450       223.50818           4.7783972         20603
      0.376    -0.450       205.02469           4.5071310         19910
      0.422    -0.450       181.98599           4.0655625         18919
      0.473    -0.450       169.64659           3.9816456         18509
      0.531    -0.450       150.90291           3.4066533         17778
      0.596    -0.450       128.70250           2.9372486         16647
      0.668    -0.450       112.73144           2.5332664         15987
      0.750    -0.450       99.441574           2.2618423         15166
      0.841    -0.450       86.459237           2.0426618         13729
      0.944    -0.450       78.373784           1.8554903         13155
      1.059    -0.450       62.321089           1.5987187         12089
      1.189    -0.450       53.181290           1.3710171         10987
      1.334    -0.450       49.646232           1.3662329         10156
      1.496    -0.450       41.381248           1.1792799          9062
      1.679    -0.450       33.330444           1.0096230          8258
      1.884    -0.450       28.173574          0.87739949          7376
      2.113    -0.450       24.395816          0.82759715          6629
      2.371    -0.450       18.778710          0.66852813          6021
      2.661    -0.450       16.494551          0.59520420          5367
      2.985    -0.450       12.371035          0.50162604          4525
      3.350    -0.450       9.5956647          0.41175741          4079
      3.758    -0.450       7.6430149          0.36094035          3508
      4.217    -0.450       6.3615902          0.30878027          3088
      4.732    -0.450       5.2961630          0.27613176          2661
      5.309    -0.450       3.8110671          0.20972881          2254
      5.957    -0.450       3.0664533          0.16901859          1996
      6.683    -0.450       2.3467645          0.15717349          1683
      7.499    -0.450       1.9515338          0.12537422          1393
      8.414    -0.450       1.4665206          0.10429252          1256
      9.441    -0.450       1.4007299          0.11202841          1028
      0.106    -0.350       449.37982           11.251091         16771
      0.119    -0.350       435.14842           11.022597         17152
      0.133    -0.350       409.34081           9.6601051         17860
      0.150    -0.350       399.21289           9.6286683         18441
      0.168    -0.350       364.17743           8.5721275         18594
      0.188    -0.350       346.60897           8.4981842         18835
      0.211    -0.350       323.07545           8.1009765         19071
      0.237    -0.350       297.43242           7.0233596         19036
      0.266    -0.350       263.86646           5.9906832         18859
      0.299    -0.350       249.85830           5.7110956         18939
      0.335    -0.350       224.83793           5.1061798         18940
      0.376    -0.350       197.37087           4.5910861         18062
      0.422    -0.350       183.19267           4.2066522         17590
      0.473    -0.350       159.69482           3.7093801         17169
      0.531    -0.350       150.14853           3.4743681         16637
      0.596    -0.350       131.25230           3.2007822         16128
      0.668    -0.350       113.39827           2.6947454         15502
      0.750    -0.350       98.436048           2.4169969         14552
      0.841    -0.350       87.422008           2.1600466         13749
      0.944    -0.350       74.404718           1.7937237         12965
      1.059    -0.350       66.759594           1.7352138         12215
      1.189    -0.350       59.022673           1.6027300         11079
      1.334    -0.350       50.373942           1.3490341         10317
      1.496    -0.350       42.217231           1.2110650          9504
      1.679    -0.350       35.205439           1.0450771          8581
      1.884    -0.350       29.275746          0.93228224          7829
      2.113    -0.350       23.727023          0.76822021          7113
      2.371    -0.350       19.536372          0.63052795          6356
      2.661    -0.350       16.964572          0.60496924          5641
      2.985    -0.350       13.874080          0.51278862          5212
      3.350    -0.350       11.585943          0.47756177          4410
      3.758    -0.350       8.2346157          0.35045401          3889
      4.217    -0.350       7.8115722          0.35340798          3624
      4.732    -0.350       5.7559684          0.27314541          3052
      5.309    -0.350       4.7351170          0.23287579          2727
      5.957    -0.350       3.8293945          0.19970133          2314
      6.683    -0.350       3.2655112          0.19437365          2064
      7.499    -0.350       2.5331166          0.16220023          1714
      8.414    -0.350       1.7927297          0.12186591          1413
      9.441    -0.350       1.2798450          0.95426629E-01      1235
      0.106    -0.250       480.61044           12.259664         14081
      0.119    -0.250       439.47710           11.126288         14682
      0.133    -0.250       420.93604           10.113562         15018
      0.150    -0.250       410.69380           10.610332         15321
      0.168    -0.250       369.71982           8.7368844         15813
      0.188    -0.250       349.22021           8.4812229         15842
      0.211    -0.250       322.99595           8.1368378         16002
      0.237    -0.250       317.67533           7.9316299         16242
      0.266    -0.250       276.48589           7.0250329         15869
      0.299    -0.250       256.20176           6.4573398         15958
      0.335    -0.250       228.16998           5.3857692         15761
      0.376    -0.250       217.64198           5.4793659         15591
      0.422    -0.250       185.22728           4.5506186         15298
      0.473    -0.250       163.41752           3.8976958         15046
      0.531    -0.250       148.42553           3.7814018         14625
      0.596    -0.250       136.30916           3.5808012         14102
      0.668    -0.250       116.90854           2.9090966         13759
      0.750    -0.250       104.73292           2.6838080         13252
      0.841    -0.250       91.473415           2.4863337         12649
      0.944    -0.250       82.708453           2.2441111         12135
      1.059    -0.250       68.491825           1.9303639         11159
      1.189    -0.250       58.319959           1.6206179         10719
      1.334    -0.250       49.917625           1.4317279          9996
      1.496    -0.250       45.799405           1.4267857          9327
      1.679    -0.250       37.580707           1.1425887          8712
      1.884    -0.250       31.718283          0.99681174          7873
      2.113    -0.250       28.294148          0.95564330          7280
      2.371    -0.250       23.285359          0.76512201          6674
      2.661    -0.250       19.364268          0.71040164          5908
      2.985    -0.250       16.069661          0.58399409          5444
      3.350    -0.250       12.534132          0.52736818          4843
      3.758    -0.250       10.919761          0.44303758          4471
      4.217    -0.250       8.2115531          0.35117303          3824
      4.732    -0.250       6.6177149          0.29899590          3365
      5.309    -0.250       5.8764526          0.30482906          2979
      5.957    -0.250       4.0162094          0.19935396          2508
      6.683    -0.250       3.5204089          0.19201704          2234
      7.499    -0.250       2.8404713          0.15544837          1933
      8.414    -0.250       2.0391128          0.12572781          1706
      9.441    -0.250       1.8358997          0.11236146          1500
      0.106    -0.150       434.06628           11.262374         10597
      0.119    -0.150       442.07854           11.402305         10996
      0.133    -0.150       433.44287           11.408873         11355
      0.150    -0.150       402.87675           10.371578         11307
      0.168    -0.150       362.31871           9.5706257         11372
      0.188    -0.150       348.09238           8.9788832         11878
      0.211    -0.150       328.26303           8.4424566         12053
      0.237    -0.150       321.92011           8.5864391         11969
      0.266    -0.150       276.19548           7.2594042         11843
      0.299    -0.150       270.16337           7.5942666         11852
      0.335    -0.150       256.18141           6.9234157         11778
      0.376    -0.150       235.19333           7.3033150         11675
      0.422    -0.150       192.83134           5.6488220         11490
      0.473    -0.150       177.24820           4.9344869         11156
      0.531    -0.150       149.91644           4.4829855         10891
      0.596    -0.150       138.24988           4.2672681         10692
      0.668    -0.150       119.50197           3.5929786         10218
      0.750    -0.150       110.48963           3.3177627         10114
      0.841    -0.150       91.524541           2.9089703          9405
      0.944    -0.150       80.209486           2.5603617          9113
      1.059    -0.150       73.195842           2.3332355          8695
      1.189    -0.150       63.652238           1.9669456          8591
      1.334    -0.150       55.008629           1.8740691          7996
      1.496    -0.150       49.481169           1.8438361          7633
      1.679    -0.150       40.827272           1.5088620          6972
      1.884    -0.150       34.855545           1.3422017          6512
      2.113    -0.150       28.277069           1.1107344          6096
      2.371    -0.150       26.602153           1.0449115          5683
      2.661    -0.150       20.296730          0.85725454          5139
      2.985    -0.150       16.417537          0.64581762          4669
      3.350    -0.150       14.382509          0.55799321          4460
      3.758    -0.150       10.778829          0.43893259          3901
      4.217    -0.150       10.035008          0.44440000          3627
      4.732    -0.150       7.6232002          0.33269060          3260
      5.309    -0.150       6.4831704          0.31818884          2918
      5.957    -0.150       5.4150403          0.28083142          2567
      6.683    -0.150       4.2899285          0.21798984          2360
      7.499    -0.150       3.5115387          0.20705821          1977
      8.414    -0.150       2.7322161          0.15623256          1794
      9.441    -0.150       2.4638582          0.15730870          1579
      0.106    -0.050       490.43947           20.111598          5031
      0.119    -0.050       499.81832           19.834190          5203
      0.133    -0.050       488.79356           21.262144          5328
      0.150    -0.050       462.17277           18.225318          5200
      0.168    -0.050       458.30771           20.661262          5314
      0.188    -0.050       432.08751           18.559563          5368
      0.211    -0.050       383.82605           16.876947          5334
      0.237    -0.050       369.05690           17.555952          5354
      0.266    -0.050       353.84969           16.385619          5336
      0.299    -0.050       319.98335           14.304414          5197
      0.335    -0.050       292.87066           14.252066          5061
      0.376    -0.050       255.43641           11.937396          4931
      0.422    -0.050       228.81233           10.781145          4883
      0.473    -0.050       211.36797           9.5626221          4850
      0.531    -0.050       191.35557           9.8861367          4756
      0.596    -0.050       166.64410           8.1802143          4497
      0.668    -0.050       145.05512           8.2496080          4302
      0.750    -0.050       134.08717           6.6800839          4216
      0.841    -0.050       114.91286           7.1080264          4003
      0.944    -0.050       99.155141           6.0496885          3819
      1.059    -0.050       80.023933           5.4371039          3652
      1.189    -0.050       68.835635           4.6636040          3409
      1.334    -0.050       55.881790           3.7022189          3308
      1.496    -0.050       52.972988           3.8769873          3107
      1.679    -0.050       49.974483           4.0874770          3016
      1.884    -0.050       35.201561           2.3892954          2748
      2.113    -0.050       31.398504           2.1188836          2703
      2.371    -0.050       24.728694           1.6358008          2422
      2.661    -0.050       24.665458           2.1690694          2326
      2.985    -0.050       19.290826           1.3015159          2232
      3.350    -0.050       15.785960           1.2242243          1899
      3.758    -0.050       14.919843           1.6835404          1867
      4.217    -0.050       11.162280           1.0628542          1629
      4.732    -0.050       9.3422251          0.85522832          1468
      5.309    -0.050       7.5862373          0.66395445          1348
      5.957    -0.050       6.5980819          0.63759199          1228
      6.683    -0.050       5.6576481          0.50727966          1156
      7.499    -0.050       4.8635089          0.69220106           965
      8.414    -0.050       3.4521562          0.29134489           909
      9.441    -0.050       3.0274268          0.31330047           842
      0.106     0.050       462.31414           19.246831          4969
      0.119     0.050       465.47531           20.146104          5135
      0.133     0.050       453.66113           19.163097          5142
      0.150     0.050       448.63875           17.891839          5264
      0.168     0.050       425.52579           17.886827          5384
      0.188     0.050       410.68069           17.294640          5346
      0.211     0.050       358.86890           16.123497          5391
      0.237     0.050       361.95169           15.977147          5357
      0.266     0.050       320.57058           14.508376          5367
      0.299     0.050       314.96625           14.489430          5281
      0.335     0.050       274.49426           13.591017          5065
      0.376     0.050       252.69671           12.359933          4837
      0.422     0.050       223.83515           9.9019450          4922
      0.473     0.050       185.95853           8.1344187          4809
      0.531     0.050       194.48702           10.367265          4712
      0.596     0.050       165.49965           8.3455600          4530
      0.668     0.050       148.52834           8.3393328          4445
      0.750     0.050       130.00143           6.6884830          4202
      0.841     0.050       112.76976           7.3789915          3985
      0.944     0.050       97.305243           5.6598557          3893
      1.059     0.050       87.524672           5.8146734          3609
      1.189     0.050       75.683034           5.0549394          3466
      1.334     0.050       61.480580           4.4380683          3296
      1.496     0.050       55.606702           4.3805922          3139
      1.679     0.050       51.509373           4.4020082          3055
      1.884     0.050       35.601745           2.6014615          2735
      2.113     0.050       34.737700           2.8488592          2575
      2.371     0.050       26.611313           1.7088648          2491
      2.661     0.050       25.595480           2.2384908          2298
      2.985     0.050       19.163976           1.3952906          2089
      3.350     0.050       17.368226           1.4361794          2041
      3.758     0.050       14.302304           1.4491334          1800
      4.217     0.050       11.374457           1.0315682          1658
      4.732     0.050       9.7242244          0.84114827          1475
      5.309     0.050       7.5996631          0.65946029          1307
      5.957     0.050       5.6309326          0.58178481          1211
      6.683     0.050       5.2318105          0.47210971          1124
      7.499     0.050       4.7845108          0.67012773           969
      8.414     0.050       3.0714563          0.23095504           905
      9.441     0.050       2.5037183          0.28926029           789
      0.106     0.150       315.09589           7.1779005         10246
      0.119     0.150       318.10921           7.1332806         10800
      0.133     0.150       307.36102           6.9001211         11069
      0.150     0.150       307.66912           7.0480923         11177
      0.168     0.150       297.73773           6.7872323         11413
      0.188     0.150       300.01972           6.7483517         11916
      0.211     0.150       271.40288           6.1461907         11740
      0.237     0.150       257.77127           5.9180464         11946
      0.266     0.150       244.79027           5.6514075         11739
      0.299     0.150       220.28994           5.2546708         11788
      0.335     0.150       218.65087           5.2816848         11764
      0.376     0.150       200.84743           4.8743521         11813
      0.422     0.150       185.51015           4.7987836         11327
      0.473     0.150       169.88683           4.3825456         11247
      0.531     0.150       146.26743           3.8368809         10902
      0.596     0.150       131.59998           3.6570442         10543
      0.668     0.150       121.15325           3.3830012         10226
      0.750     0.150       106.14413           2.9587806         10017
      0.841     0.150       95.634637           2.7885248          9592
      0.944     0.150       85.302382           2.5936026          9251
      1.059     0.150       75.771334           2.3929526          8832
      1.189     0.150       67.146232           2.1380235          8516
      1.334     0.150       54.632553           1.8011936          7914
      1.496     0.150       47.710103           1.6048465          7435
      1.679     0.150       40.484102           1.5617834          6929
      1.884     0.150       35.456640           1.2974458          6602
      2.113     0.150       29.300716           1.1213594          6196
      2.371     0.150       26.469657           1.0754119          5628
      2.661     0.150       21.403144          0.89340191          5163
      2.985     0.150       18.274929          0.80089841          4856
      3.350     0.150       14.319815          0.63870107          4363
      3.758     0.150       12.268942          0.53315380          4048
      4.217     0.150       10.214956          0.49772648          3580
      4.732     0.150       7.8867207          0.39311383          3123
      5.309     0.150       6.7809544          0.33090885          2910
      5.957     0.150       5.3442623          0.26353577          2490
      6.683     0.150       4.6162832          0.28850001          2196
      7.499     0.150       3.4323905          0.19328381          2007
      8.414     0.150       2.7849449          0.17324427          1683
      9.441     0.150       2.2876075          0.14572022          1523
      0.106     0.250       248.80944           4.9397922         13232
      0.119     0.250       246.79491           4.8461559         13881
      0.133     0.250       246.77529           4.6933074         14363
      0.150     0.250       247.58468           4.8141222         14803
      0.168     0.250       245.61913           4.7051271         15249
      0.188     0.250       239.51624           4.5949310         15456
      0.211     0.250       213.29317           4.1664919         15521
      0.237     0.250       207.57934           4.1346495         15856
      0.266     0.250       206.74115           4.0826621         15739
      0.299     0.250       199.25259           3.9954617         15859
      0.335     0.250       188.20424           3.7585696         15796
      0.376     0.250       174.16709           3.5944759         15551
      0.422     0.250       155.04424           3.2583003         15195
      0.473     0.250       145.60960           3.1341803         14963
      0.531     0.250       137.42198           2.9996662         14824
      0.596     0.250       123.87447           2.8001746         14093
      0.668     0.250       113.94561           2.6405910         13872
      0.750     0.250       96.846714           2.3401182         13008
      0.841     0.250       88.309615           2.1478546         12715
      0.944     0.250       78.613718           1.9561005         11796
      1.059     0.250       68.968498           1.8124363         11281
      1.189     0.250       59.219564           1.6160967         10559
      1.334     0.250       48.918483           1.3948771          9810
      1.496     0.250       46.733420           1.3989711          9270
      1.679     0.250       38.283051           1.2134731          8452
      1.884     0.250       35.164025           1.1215480          7994
      2.113     0.250       28.598625          0.97848643          7253
      2.371     0.250       24.067207          0.88961471          6622
      2.661     0.250       18.449608          0.63456934          5993
      2.985     0.250       15.422887          0.61204355          5323
      3.350     0.250       12.506008          0.50460241          4791
      3.758     0.250       11.101200          0.46678141          4421
      4.217     0.250       8.3760162          0.36689474          3852
      4.732     0.250       6.5005328          0.30283037          3377
      5.309     0.250       5.7623666          0.27619529          2966
      5.957     0.250       4.1945752          0.22076210          2517
      6.683     0.250       3.5553826          0.21040163          2189
      7.499     0.250       2.8092883          0.15739072          1850
      8.414     0.250       1.9362803          0.11459653          1636
      9.441     0.250       1.7129589          0.11709719          1506
      0.106     0.350       225.22980           4.0066219         15864
      0.119     0.350       225.55743           3.9927444         16443
      0.133     0.350       225.89283           3.9506378         17063
      0.150     0.350       212.86143           3.6885116         17188
      0.168     0.350       220.64088           3.8521158         17916
      0.188     0.350       211.11985           3.6925610         18136
      0.211     0.350       202.64666           3.5109535         18426
      0.237     0.350       197.17328           3.4601379         18440
      0.266     0.350       189.85299           3.4173694         18306
      0.299     0.350       181.45133           3.2706040         18449
      0.335     0.350       170.57574           3.1757803         18035
      0.376     0.350       161.69102           2.9556746         17927
      0.422     0.350       148.84719           2.8385709         17704
      0.473     0.350       139.41045           2.6550168         17232
      0.531     0.350       122.12079           2.4127254         16577
      0.596     0.350       116.20231           2.4428954         16188
      0.668     0.350       103.18179           2.2077896         15084
      0.750     0.350       93.553601           2.0383484         14477
      0.841     0.350       86.892415           1.9442322         13855
      0.944     0.350       71.421573           1.6405766         12705
      1.059     0.350       64.162667           1.5965993         12175
      1.189     0.350       54.160829           1.4054274         11308
      1.334     0.350       49.306523           1.3327550         10331
      1.496     0.350       40.312762           1.1187354          9556
      1.679     0.350       34.307939          0.99472227          8533
      1.884     0.350       29.786225          0.85926808          8114
      2.113     0.350       24.925002          0.78714931          7287
      2.371     0.350       20.926315          0.69858283          6550
      2.661     0.350       17.208343          0.61991863          5753
      2.985     0.350       13.797957          0.55156342          5173
      3.350     0.350       11.580869          0.46582806          4534
      3.758     0.350       9.4642368          0.40417759          4103
      4.217     0.350       7.6982757          0.35842502          3505
      4.732     0.350       6.3743195          0.31644828          3101
      5.309     0.350       5.1567927          0.27368222          2628
      5.957     0.350       3.7896131          0.20396096          2364
      6.683     0.350       3.1730975          0.18588693          2114
      7.499     0.350       2.3276299          0.13826150          1693
      8.414     0.350       1.8401581          0.11334388          1479
      9.441     0.350       1.3288824          0.94320042E-01      1314
      0.106     0.450       208.43479           3.4761757         17767
      0.119     0.450       209.09516           3.4214666         18537
      0.133     0.450       207.31040           3.3483819         19251
      0.150     0.450       212.80364           3.4019911         19608
      0.168     0.450       205.32534           3.2966210         20018
      0.188     0.450       200.14169           3.1754645         20470
      0.211     0.450       198.35509           3.2206019         20539
      0.237     0.450       188.04846           3.0511986         20497
      0.266     0.450       179.31190           2.9741341         20521
      0.299     0.450       172.70664           2.8691915         20080
      0.335     0.450       165.96674           2.8125199         19824
      0.376     0.450       158.51018           2.7666539         19512
      0.422     0.450       144.37065           2.5524802         18799
      0.473     0.450       132.45940           2.4284808         18064
      0.531     0.450       121.13099           2.2799595         17375
      0.596     0.450       112.23193           2.1999523         16491
      0.668     0.450       98.772113           1.9937260         15679
      0.750     0.450       90.504797           1.9099446         14770
      0.841     0.450       79.147863           1.7224220         13713
      0.944     0.450       71.157430           1.6296069         12708
      1.059     0.450       62.828021           1.5243650         11754
      1.189     0.450       53.893109           1.3867076         10993
      1.334     0.450       46.306811           1.1995447         10288
      1.496     0.450       42.009259           1.1591861          9188
      1.679     0.450       32.997180          0.96267295          8307
      1.884     0.450       26.856669          0.83355264          7337
      2.113     0.450       22.748978          0.72672559          6564
      2.371     0.450       19.969830          0.67015714          6030
      2.661     0.450       16.420286          0.63953660          5249
      2.985     0.450       13.197596          0.54863659          4734
      3.350     0.450       10.461881          0.44210958          4034
      3.758     0.450       7.5212425          0.32914893          3544
      4.217     0.450       6.8464628          0.33608197          3075
      4.732     0.450       5.3558240          0.29495845          2648
      5.309     0.450       4.1450269          0.23992339          2279
      5.957     0.450       3.1057567          0.18310671          2009
      6.683     0.450       2.6624842          0.17587120          1744
      7.499     0.450       2.2955432          0.17802355          1516
      8.414     0.450       1.3046018          0.86683865E-01      1256
      9.441     0.450       1.2308216          0.10978223          1073
      0.106     0.550       201.46927           3.1409135         19584
      0.119     0.550       200.75368           3.0943401         20204
      0.133     0.550       203.65670           3.1017607         20911
      0.150     0.550       201.94714           3.0908017         21307
      0.168     0.550       196.32580           3.0055679         21516
      0.188     0.550       193.41855           2.9718307         21924
      0.211     0.550       187.13206           2.8764278         21904
      0.237     0.550       178.40337           2.7492725         21499
      0.266     0.550       178.34001           2.7743776         21775
      0.299     0.550       172.37517           2.7269962         21556
      0.335     0.550       158.92566           2.5566206         20530
      0.376     0.550       145.77669           2.3944676         20008
      0.422     0.550       140.64708           2.3680259         19266
      0.473     0.550       128.41240           2.2728646         18188
      0.531     0.550       118.51109           2.1427229         17628
      0.596     0.550       108.00832           2.0148607         16665
      0.668     0.550       98.720144           1.9324386         15636
      0.750     0.550       85.387040           1.7513163         14443
      0.841     0.550       78.780437           1.7124007         13462
      0.944     0.550       68.708979           1.5476146         12624
      1.059     0.550       57.849646           1.3876745         11477
      1.189     0.550       48.938371           1.2499855         10429
      1.334     0.550       43.071033           1.1493411          9445
      1.496     0.550       36.205424           1.0316883          8448
      1.679     0.550       31.614668          0.94355012          7675
      1.884     0.550       25.455233          0.78493249          6820
      2.113     0.550       20.764027          0.68351797          6154
      2.371     0.550       16.771569          0.62950370          5274
      2.661     0.550       14.974763          0.59189386          4604
      2.985     0.550       12.106692          0.49174196          4159
      3.350     0.550       8.5084691          0.37520019          3590
      3.758     0.550       6.8142546          0.32215404          3173
      4.217     0.550       5.7619906          0.31121129          2731
      4.732     0.550       4.3247425          0.24950434          2355
      5.309     0.550       3.3763390          0.21454209          2019
      5.957     0.550       2.6880882          0.16647652          1752
      6.683     0.550       2.1798324          0.15026653          1485
      7.499     0.550       1.4407022          0.10762061          1211
      8.414     0.550       1.2247630          0.95295182E-01      1092
      9.441     0.550      0.87414482          0.70801989E-01       892
      0.106     0.650       192.23879           2.8650599         20674
      0.119     0.650       201.52492           2.9299202         21615
      0.133     0.650       200.39583           2.9445228         21919
      0.150     0.650       200.91780           2.9166001         22464
      0.168     0.650       196.13343           2.8787464         22743
      0.188     0.650       189.80785           2.7643777         22825
      0.211     0.650       185.67107           2.7188570         22829
      0.237     0.650       182.35198           2.7158094         22562
      0.266     0.650       174.62309           2.6310888         22317
      0.299     0.650       170.86998           2.6434122         21653
      0.335     0.650       157.65621           2.4560112         21105
      0.376     0.650       143.99016           2.3125089         20541
      0.422     0.650       136.10987           2.2560787         19254
      0.473     0.650       123.25577           2.1393685         18310
      0.531     0.650       111.78609           2.0099762         17263
      0.596     0.650       104.14776           1.9276171         16320
      0.668     0.650       93.282810           1.7987062         14982
      0.750     0.650       81.886708           1.6596972         14215
      0.841     0.650       71.355141           1.5430999         12848
      0.944     0.650       64.263959           1.4490412         11950
      1.059     0.650       53.433484           1.2812081         10882
      1.189     0.650       47.653223           1.2058492          9892
      1.334     0.650       40.432839           1.0527034          8962
      1.496     0.650       32.318195          0.95856592          7871
      1.679     0.650       27.598230          0.84928694          7115
      1.884     0.650       23.367885          0.77350171          6419
      2.113     0.650       19.187336          0.68985159          5528
      2.371     0.650       16.214268          0.61032754          4904
      2.661     0.650       12.358051          0.47194430          4386
      2.985     0.650       10.164707          0.45826570          3700
      3.350     0.650       7.5495363          0.36455382          3218
      3.758     0.650       6.6923321          0.35239844          2806
      4.217     0.650       5.1596830          0.28164376          2504
      4.732     0.650       4.3639127          0.25875663          2145
      5.309     0.650       2.9398814          0.17093805          1806
      5.957     0.650       2.1497694          0.14635027          1495
      6.683     0.650       1.8323557          0.13651215          1350
      7.499     0.650       1.4859533          0.11303025          1119
      8.414     0.650       1.1543900          0.97961950E-01       916
      9.441     0.650      0.81465378          0.74598803E-01       816
      0.106     0.750       187.02935           2.6886273         21939
      0.119     0.750       192.72233           2.7179890         22743
      0.133     0.750       186.48782           2.6614372         22872
      0.150     0.750       190.61199           2.6881161         23456
      0.168     0.750       193.35254           2.7355950         23345
      0.188     0.750       192.95837           2.7442647         23470
      0.211     0.750       182.18824           2.6246673         23316
      0.237     0.750       172.68301           2.5222559         22701
      0.266     0.750       168.95916           2.5042050         22392
      0.299     0.750       160.65608           2.4457476         21563
      0.335     0.750       152.58733           2.3720952         20664
      0.376     0.750       139.71325           2.2434065         19806
      0.422     0.750       133.70232           2.1783964         19235
      0.473     0.750       123.21680           2.1123701         18138
      0.531     0.750       110.59640           1.9495261         16906
      0.596     0.750       93.727158           1.7436172         15672
      0.668     0.750       86.621620           1.7044869         14696
      0.750     0.750       79.230623           1.6151823         13683
      0.841     0.750       69.348577           1.4890698         12308
      0.944     0.750       57.846430           1.3360537         11255
      1.059     0.750       51.282446           1.2402424         10186
      1.189     0.750       45.083322           1.1701830          9111
      1.334     0.750       37.542396           1.0449358          8161
      1.496     0.750       32.475027          0.97730832          7475
      1.679     0.750       25.716057          0.81142404          6490
      1.884     0.750       21.629302          0.74381397          5837
      2.113     0.750       17.319278          0.62388519          5081
      2.371     0.750       13.984376          0.55454354          4474
      2.661     0.750       10.768008          0.45819783          3885
      2.985     0.750       9.1677586          0.43706330          3376
      3.350     0.750       7.3273552          0.35954758          2978
      3.758     0.750       5.7890176          0.32813240          2461
      4.217     0.750       4.2645720          0.24886452          2168
      4.732     0.750       3.1619315          0.20799721          1831
      5.309     0.750       2.4627429          0.16215998          1555
      5.957     0.750       2.1477635          0.15336913          1350
      6.683     0.750       1.8654760          0.15694346          1148
      7.499     0.750       1.1632189          0.90954236E-01       951
      8.414     0.750      0.92817961          0.86968623E-01       830
      9.441     0.750      0.66415194          0.67285883E-01       646
      0.106     0.850       187.79515           2.5859072         22595
      0.119     0.850       190.70398           2.6147739         23408
      0.133     0.850       188.74063           2.5698084         23704
      0.150     0.850       193.11696           2.6618385         23844
      0.168     0.850       186.70075           2.5657656         23604
      0.188     0.850       184.91035           2.5617949         23978
      0.211     0.850       182.06752           2.5548989         23579
      0.237     0.850       169.81964           2.4526912         23072
      0.266     0.850       165.98000           2.3993961         22227
      0.299     0.850       153.39128           2.2999627         21696
      0.335     0.850       149.55253           2.2954019         20857
      0.376     0.850       132.92369           2.1323005         19708
      0.422     0.850       127.06312           2.0981793         18611
      0.473     0.850       118.69770           2.0313486         17570
      0.531     0.850       106.80295           1.8845537         16552
      0.596     0.850       91.666522           1.7220357         15251
      0.668     0.850       83.952790           1.6472503         14123
      0.750     0.850       74.872355           1.5298592         13081
      0.841     0.850       63.470429           1.3952255         11664
      0.944     0.850       57.462751           1.3396206         10942
      1.059     0.850       50.718667           1.2577212          9761
      1.189     0.850       41.459869           1.1050497          8699
      1.334     0.850       34.542139          0.97679029          7903
      1.496     0.850       28.401765          0.89239172          6863
      1.679     0.850       24.194950          0.80889437          6065
      1.884     0.850       19.036135          0.66667019          5511
      2.113     0.850       16.040793          0.61986216          4646
      2.371     0.850       12.718052          0.52208921          4142
      2.661     0.850       10.272629          0.47082925          3574
      2.985     0.850       8.7443016          0.43066224          3288
      3.350     0.850       6.9318165          0.35943701          2763
      3.758     0.850       4.9207782          0.28694023          2257
      4.217     0.850       3.8433779          0.22989309          2030
      4.732     0.850       3.2153097          0.21629251          1708
      5.309     0.850       2.3002848          0.16455250          1429
      5.957     0.850       1.6692022          0.13770516          1119
      6.683     0.850       1.4306882          0.11249315          1048
      7.499     0.850       1.1483429          0.10177034           899
      8.414     0.850      0.85367341          0.83252772E-01       769
      9.441     0.850      0.66146418          0.76312433E-01       645
      0.106     0.950       185.63859           2.5246900         23311
      0.119     0.950       185.19531           2.5093250         23639
      0.133     0.950       191.87229           2.5384870         24114
      0.150     0.950       189.68174           2.5431967         24155
      0.168     0.950       186.82420           2.5246128         24013
      0.188     0.950       181.27189           2.4609676         23982
      0.211     0.950       178.77132           2.4431555         23398
      0.237     0.950       171.02699           2.3857684         23030
      0.266     0.950       164.44607           2.3620481         22204
      0.299     0.950       153.86637           2.2554287         21560
      0.335     0.950       142.68879           2.1644850         20564
      0.376     0.950       132.30189           2.0921363         19320
      0.422     0.950       121.86413           2.0134820         17973
      0.473     0.950       111.07393           1.8931528         17133
      0.531     0.950       103.29957           1.8367265         16010
      0.596     0.950       90.844674           1.7221879         14717
      0.668     0.950       82.428268           1.6533825         13495
      0.750     0.950       71.057163           1.4809419         12375
      0.841     0.950       62.110320           1.4115681         11089
      0.944     0.950       51.937753           1.2712677          9984
      1.059     0.950       47.222836           1.2041741          9248
      1.189     0.950       38.393617           1.0761423          8095
      1.334     0.950       31.231419          0.92816337          7244
      1.496     0.950       27.814781          0.88929666          6460
      1.679     0.950       22.471124          0.76815950          5792
      1.884     0.950       19.522914          0.70105521          5160
      2.113     0.950       15.001786          0.60757036          4317
      2.371     0.950       12.827410          0.56298296          3821
      2.661     0.950       9.7458132          0.44915692          3390
      2.985     0.950       7.2200435          0.36557686          2898
      3.350     0.950       5.7315131          0.31859960          2452
      3.758     0.950       4.5082453          0.27124697          2164
      4.217     0.950       3.4143951          0.21817149          1768
      4.732     0.950       2.7288839          0.18733058          1549
      5.309     0.950       2.0489911          0.14379042          1252
      5.957     0.950       1.9488021          0.15500271          1137
      6.683     0.950       1.3037112          0.11819952           935
      7.499     0.950      0.93775182          0.89751412E-01       801
      8.414     0.950      0.71106782          0.71678177E-01       670
      9.441     0.950      0.43688871          0.43591825E-01       538
