 # fmin10_0311z.kam_num   
      0.112    -0.950       762.52932           6.3581123        103737
      0.141    -0.950       709.47164           5.7393352        107760
      0.178    -0.950       648.39415           5.2131659        109025
      0.224    -0.950       572.28661           4.6268684        106844
      0.282    -0.950       504.49131           4.1041047        103528
      0.355    -0.950       415.29105           3.5100250         95872
      0.447    -0.950       335.71681           2.9651799         88004
      0.562    -0.950       267.31772           2.5111684         79189
      0.708    -0.950       202.00585           2.0398897         70526
      0.891    -0.950       151.91060           1.6553581         60966
      1.122    -0.950       114.68026           1.3661665         52933
      1.413    -0.950       80.311631           1.0767078         44518
      1.778    -0.950       55.380521          0.82272211         37136
      2.239    -0.950       38.413084          0.61835035         31187
      2.818    -0.950       27.045827          0.49079481         25743
      3.548    -0.950       18.391713          0.36886392         20964
      4.467    -0.950       11.799715          0.25903489         16634
      5.623    -0.950       8.0614140          0.20445218         13221
      7.079    -0.950       5.0495139          0.13804025         10346
      8.913    -0.950       3.4698970          0.10804330          8024
      0.112    -0.850       813.94154           7.2877414        100560
      0.141    -0.850       743.63150           6.4202045        104865
      0.178    -0.850       667.94788           5.6363192        106571
      0.224    -0.850       599.38515           5.0327162        105019
      0.282    -0.850       512.25261           4.3611290        101869
      0.355    -0.850       416.58355           3.6145444         95407
      0.447    -0.850       336.53917           3.0001667         88105
      0.562    -0.850       269.68141           2.5390541         79743
      0.708    -0.850       204.74144           2.0688998         70540
      0.891    -0.850       153.08298           1.6773322         61821
      1.122    -0.850       115.90637           1.3794311         53404
      1.413    -0.850       81.347070           1.0824416         44998
      1.778    -0.850       57.666599          0.83954640         38099
      2.239    -0.850       40.669088          0.66213382         31353
      2.818    -0.850       27.410603          0.49724264         26236
      3.548    -0.850       18.492824          0.35925622         21265
      4.467    -0.850       12.116025          0.27124553         17091
      5.623    -0.850       8.0394447          0.20286837         13501
      7.079    -0.850       5.3415380          0.13969695         10756
      8.913    -0.850       3.6383729          0.10581095          8358
      0.112    -0.750       929.45368           8.0995273         98569
      0.141    -0.750       827.42663           7.1854245        102300
      0.178    -0.750       724.30881           6.1613724        103596
      0.224    -0.750       649.26779           5.5725866        103418
      0.282    -0.750       557.82760           4.8208123        100277
      0.355    -0.750       453.85519           3.9678114         94784
      0.447    -0.750       362.27647           3.3346952         87575
      0.562    -0.750       284.37343           2.7248104         78923
      0.708    -0.750       214.96250           2.2222253         70342
      0.891    -0.750       162.44151           1.8301499         61905
      1.122    -0.750       118.43305           1.4395207         53542
      1.413    -0.750       84.298727           1.1025977         45964
      1.778    -0.750       59.459777          0.86043335         38466
      2.239    -0.750       40.349557          0.63633481         31921
      2.818    -0.750       28.153636          0.50024973         26281
      3.548    -0.750       18.975771          0.37458942         21639
      4.467    -0.750       12.683785          0.27250139         17466
      5.623    -0.750       8.2485283          0.18970229         14005
      7.079    -0.750       5.3653234          0.14443407         10667
      8.913    -0.750       3.5550863          0.10138734          8602
      0.112    -0.650       957.09433           8.7428541         93306
      0.141    -0.650       842.84639           7.6743658         96127
      0.178    -0.650       750.95577           6.6909930         99183
      0.224    -0.650       653.16505           5.7665101         99507
      0.282    -0.650       559.72052           5.0162577         96817
      0.355    -0.650       455.70739           4.1447656         91965
      0.447    -0.650       361.46140           3.3382750         85759
      0.562    -0.650       287.90868           2.7833260         78559
      0.708    -0.650       218.72645           2.2653224         69871
      0.891    -0.650       164.65935           1.8274237         61263
      1.122    -0.650       120.20685           1.4314894         53323
      1.413    -0.650       86.630415           1.1168226         46201
      1.778    -0.650       60.206791          0.86066132         38503
      2.239    -0.650       41.482628          0.65766874         32103
      2.818    -0.650       28.979668          0.49674371         26597
      3.548    -0.650       19.547745          0.37692420         21673
      4.467    -0.650       13.462288          0.29739653         17480
      5.623    -0.650       8.6591845          0.20747743         13979
      7.079    -0.650       5.8919252          0.15544744         11026
      8.913    -0.650       3.7038505          0.10498280          8635
      0.112    -0.550       841.90250           8.4096959         84571
      0.141    -0.550       765.36840           7.3806340         89297
      0.178    -0.550       690.69869           6.4875538         92313
      0.224    -0.550       599.10099           5.5645963         92772
      0.282    -0.550       505.98983           4.7421615         91545
      0.355    -0.550       424.47460           4.0278851         87611
      0.447    -0.550       349.57410           3.3623618         82744
      0.562    -0.550       270.80359           2.6937051         75974
      0.708    -0.550       215.32548           2.2412556         68576
      0.891    -0.550       162.15691           1.8227108         60577
      1.122    -0.550       118.17925           1.3980230         53019
      1.413    -0.550       85.368808           1.1088863         45605
      1.778    -0.550       61.581987          0.86584872         38540
      2.239    -0.550       42.019063          0.66555900         32001
      2.818    -0.550       29.204135          0.50196253         26586
      3.548    -0.550       20.120966          0.37359699         21883
      4.467    -0.550       13.635139          0.29104677         17471
      5.623    -0.550       9.1051377          0.21223840         14004
      7.079    -0.550       6.3130097          0.16859424         11538
      8.913    -0.550       3.8577495          0.10601144          8765
      0.112    -0.450       810.93044           8.9079257         76116
      0.141    -0.450       725.69682           7.7810208         80065
      0.178    -0.450       642.40096           6.6874945         83627
      0.224    -0.450       559.40662           5.7677670         84787
      0.282    -0.450       477.75219           4.7949613         83911
      0.355    -0.450       398.58851           4.0500936         81861
      0.447    -0.450       324.21851           3.2800024         77856
      0.562    -0.450       254.34495           2.6033437         72296
      0.708    -0.450       202.37813           2.1561681         66173
      0.891    -0.450       155.85923           1.7463402         59503
      1.122    -0.450       115.33151           1.3821279         52138
      1.413    -0.450       86.180375           1.0952468         44884
      1.778    -0.450       62.231248          0.86003664         38600
      2.239    -0.450       43.419279          0.66271413         32335
      2.818    -0.450       30.824503          0.50825928         27130
      3.548    -0.450       20.879792          0.38871162         21999
      4.467    -0.450       13.940097          0.27566228         17914
      5.623    -0.450       9.4895772          0.20840818         14393
      7.079    -0.450       6.0291850          0.14488187         11406
      8.913    -0.450       4.0689478          0.10840230          9009
      0.112    -0.350       861.19980           10.213031         67387
      0.141    -0.350       777.09427           9.0012639         71326
      0.178    -0.350       662.22899           7.4435902         73794
      0.224    -0.350       584.27050           6.6051736         75910
      0.282    -0.350       484.27619           5.4091781         75773
      0.355    -0.350       390.39983           4.3173285         73686
      0.447    -0.350       318.52937           3.5826282         70686
      0.562    -0.350       252.86468           2.8250939         67011
      0.708    -0.350       196.29704           2.2436151         61554
      0.891    -0.350       152.17955           1.7930819         55854
      1.122    -0.350       114.87193           1.4179301         49824
      1.413    -0.350       86.091842           1.1392059         43683
      1.778    -0.350       63.299856          0.89977173         37988
      2.239    -0.350       45.283573          0.68547080         32280
      2.818    -0.350       31.553448          0.52947767         26978
      3.548    -0.350       21.766661          0.40096312         22404
      4.467    -0.350       14.926409          0.30529862         18321
      5.623    -0.350       9.8334738          0.21321156         14574
      7.079    -0.350       6.6612259          0.16427324         11650
      8.913    -0.350       4.4244988          0.11702646          9315
      0.112    -0.250       919.33017           11.445186         57121
      0.141    -0.250       786.71657           9.6770232         59842
      0.178    -0.250       691.33564           8.4308630         61860
      0.224    -0.250       602.77428           7.2964460         63961
      0.282    -0.250       500.93341           6.0810858         64043
      0.355    -0.250       407.59550           4.9040897         62988
      0.447    -0.250       324.71789           3.9945381         60453
      0.562    -0.250       254.47986           3.1074876         57378
      0.708    -0.250       199.42917           2.4785257         54171
      0.891    -0.250       152.79469           1.9850852         49560
      1.122    -0.250       118.52170           1.5553255         44969
      1.413    -0.250       85.190186           1.1965832         39894
      1.778    -0.250       62.983341          0.94438237         34824
      2.239    -0.250       47.028315          0.74527478         30381
      2.818    -0.250       32.591168          0.55561437         25244
      3.548    -0.250       22.700772          0.42764882         21266
      4.467    -0.250       15.691682          0.30729711         17761
      5.623    -0.250       10.455481          0.23130938         14364
      7.079    -0.250       7.5040204          0.17980995         11741
      8.913    -0.250       4.6322605          0.12257574          9059
      0.112    -0.150       914.91221           11.662496         43461
      0.141    -0.150       826.01421           10.549915         45467
      0.178    -0.150       741.71184           9.6746463         47409
      0.224    -0.150       629.14719           8.3253694         47806
      0.282    -0.150       535.12095           7.1667971         47495
      0.355    -0.150       430.78241           5.8480796         46874
      0.447    -0.150       348.09660           4.8952683         45393
      0.562    -0.150       271.63209           3.9514869         43038
      0.708    -0.150       205.68738           3.0626820         40313
      0.891    -0.150       158.11473           2.3422545         37338
      1.122    -0.150       119.35765           1.8822113         34145
      1.413    -0.150       90.365225           1.4793082         31000
      1.778    -0.150       65.237823           1.1115193         27447
      2.239    -0.150       47.043165          0.88800943         23864
      2.818    -0.150       34.801461          0.66350875         20724
      3.548    -0.150       24.401414          0.47768732         18020
      4.467    -0.150       17.076487          0.37772202         14915
      5.623    -0.150       11.797590          0.28123766         12384
      7.079    -0.150       7.8190042          0.20520834          9893
      8.913    -0.150       5.2659830          0.14739550          8195
      0.112    -0.050       1048.4853           21.197253         20675
      0.141    -0.050       950.70103           19.667465         21189
      0.178    -0.050       869.09943           18.509069         21632
      0.224    -0.050       751.20791           17.317339         21425
      0.282    -0.050       625.10206           14.467920         20863
      0.355    -0.050       523.27011           12.011222         20535
      0.447    -0.050       375.70049           9.4805490         19146
      0.562    -0.050       304.74734           8.2666548         18028
      0.708    -0.050       231.98235           6.2505273         16675
      0.891    -0.050       178.23790           5.7490324         15531
      1.122    -0.050       127.78658           3.8233225         14204
      1.413    -0.050       95.502306           3.3289223         12990
      1.778    -0.050       76.128754           2.8521019         11342
      2.239    -0.050       53.043227           2.2299331         10119
      2.818    -0.050       34.246701           1.2493585          8800
      3.548    -0.050       26.493290          0.99241928          7532
      4.467    -0.050       18.045207          0.68354225          6515
      5.623    -0.050       13.095312          0.64117037          5480
      7.079    -0.050       9.0996200          0.52305475          4448
      8.913    -0.050       5.9202144          0.31630012          3663
      0.112     0.050       982.64718           19.672176         20551
      0.141     0.050       889.25279           18.410394         21128
      0.178     0.050       804.11598           16.802188         21471
      0.224     0.050       731.16391           16.666971         21438
      0.282     0.050       607.69612           13.954944         21013
      0.355     0.050       497.62371           11.250087         20116
      0.447     0.050       380.24187           9.4043257         19120
      0.562     0.050       302.90474           7.8740273         18327
      0.708     0.050       225.89030           6.3581653         16737
      0.891     0.050       177.11713           5.7919403         15478
      1.122     0.050       131.04832           3.8882820         14167
      1.413     0.050       101.00039           3.5644657         12963
      1.778     0.050       76.833176           2.9002500         11445
      2.239     0.050       49.927651           2.1032877          9882
      2.818     0.050       35.063330           1.1326762          8674
      3.548     0.050       26.933818           1.0872316          7520
      4.467     0.050       18.185363          0.73585826          6364
      5.623     0.050       12.324174          0.60546342          5382
      7.079     0.050       8.6953614          0.51422622          4368
      8.913     0.050       5.9275241          0.31406049          3691
      0.112     0.150       650.21823           7.2503553         42202
      0.141     0.150       632.35072           6.9960834         45003
      0.178     0.150       571.56626           6.3541635         46275
      0.224     0.150       524.40165           5.8796582         47365
      0.282     0.150       450.54369           5.2664591         47233
      0.355     0.150       384.94166           4.6500828         46731
      0.447     0.150       319.41722           4.0283531         45146
      0.562     0.150       252.94139           3.3327179         42784
      0.708     0.150       203.48600           2.8145540         40501
      0.891     0.150       154.96192           2.2143017         37434
      1.122     0.150       121.22210           1.8977055         34235
      1.413     0.150       89.340872           1.4415265         30471
      1.778     0.150       65.041600           1.0978848         27530
      2.239     0.150       48.196354          0.88653684         23745
      2.818     0.150       33.884995          0.64154120         20646
      3.548     0.150       23.947907          0.50545101         17345
      4.467     0.150       16.869910          0.36088538         14782
      5.623     0.150       11.669993          0.26885531         12178
      7.079     0.150       7.8860082          0.20348092          9969
      8.913     0.150       5.2757423          0.15500492          8032
      0.112     0.250       515.59130           4.9173881         54215
      0.141     0.250       502.44526           4.8134779         57784
      0.178     0.250       466.56761           4.4075676         60749
      0.224     0.250       443.12896           4.2710246         62367
      0.282     0.250       392.13915           3.8117504         63079
      0.355     0.250       342.58734           3.4388315         62331
      0.447     0.250       289.13938           3.0457701         60703
      0.562     0.250       238.01382           2.5823579         57540
      0.708     0.250       189.43103           2.1613348         53727
      0.891     0.250       150.59499           1.8290548         49459
      1.122     0.250       116.93465           1.5217187         44917
      1.413     0.250       87.722250           1.2435771         40076
      1.778     0.250       63.361843          0.95748650         34810
      2.239     0.250       46.754136          0.72531602         30091
      2.818     0.250       33.849302          0.57587437         25856
      3.548     0.250       23.579503          0.44035513         21494
      4.467     0.250       15.910434          0.33087699         17645
      5.623     0.250       10.729829          0.24067065         14358
      7.079     0.250       7.1250325          0.17243053         11554
      8.913     0.250       5.0418047          0.14298633          9317
      0.112     0.350       462.81951           4.0155869         63542
      0.141     0.350       452.80539           3.8826726         67965
      0.178     0.350       428.38430           3.6862231         71644
      0.224     0.350       406.52779           3.5056035         73801
      0.282     0.350       370.10491           3.2686309         74047
      0.355     0.350       324.31244           2.9362631         73284
      0.447     0.350       276.42356           2.5970531         70009
      0.562     0.350       227.19795           2.2394483         65802
      0.708     0.350       191.78470           1.9858581         62184
      0.891     0.350       150.57432           1.6569534         55540
      1.122     0.350       113.44565           1.3499153         49736
      1.413     0.350       84.974834           1.0801547         44034
      1.778     0.350       62.349543          0.85271638         37801
      2.239     0.350       44.644725          0.67718405         32202
      2.818     0.350       32.269851          0.55226094         26929
      3.548     0.350       21.583595          0.40275935         22148
      4.467     0.350       14.409783          0.28130401         18271
      5.623     0.350       10.128696          0.22316987         14710
      7.079     0.350       6.8943544          0.16853724         11842
      8.913     0.350       4.6103900          0.13408185          9509
      0.112     0.450       437.57893           3.5010638         72467
      0.141     0.450       428.42185           3.4115676         77024
      0.178     0.450       416.92031           3.2761482         80718
      0.224     0.450       388.89456           3.1094376         82346
      0.282     0.450       366.77022           2.9862305         82686
      0.355     0.450       318.01695           2.6675967         80822
      0.447     0.450       273.73158           2.3995910         77140
      0.562     0.450       234.79366           2.1701431         72169
      0.708     0.450       185.87104           1.8467271         65470
      0.891     0.450       147.63565           1.5603008         58770
      1.122     0.450       113.36813           1.3038502         51974
      1.413     0.450       87.070643           1.0931624         45350
      1.778     0.450       62.725973          0.87755085         38781
      2.239     0.450       43.561872          0.66413722         32584
      2.818     0.450       30.911853          0.52313551         27047
      3.548     0.450       20.814935          0.40017966         22168
      4.467     0.450       14.438941          0.30690181         18159
      5.623     0.450       9.6904334          0.22024206         14802
      7.079     0.450       6.3479491          0.15993572         11696
      8.913     0.450       4.2764548          0.11846929          9185
      0.112     0.550       420.15297           3.1729344         79081
      0.141     0.550       412.61953           3.0990948         83746
      0.178     0.550       400.99364           2.9875046         87138
      0.224     0.550       390.72554           2.9339635         89524
      0.282     0.550       355.06302           2.7010426         88951
      0.355     0.550       317.75699           2.5255294         85422
      0.447     0.550       277.19393           2.3291705         80575
      0.562     0.550       230.01444           2.0450628         74765
      0.708     0.550       186.45702           1.7825890         67570
      0.891     0.550       146.38786           1.5088480         60463
      1.122     0.550       112.21507           1.2699395         52838
      1.413     0.550       83.854754           1.0474743         45375
      1.778     0.550       59.010890          0.82151592         38414
      2.239     0.550       43.617315          0.66638223         32427
      2.818     0.550       30.500011          0.51874426         26801
      3.548     0.550       20.548316          0.38526113         21852
      4.467     0.550       13.605271          0.27122418         17859
      5.623     0.550       9.0070284          0.21395438         14110
      7.079     0.550       6.0843768          0.16144100         11465
      8.913     0.550       3.8737658          0.10573958          8978
      0.112     0.650       417.85682           2.9837661         85454
      0.141     0.650       408.52298           2.9063659         89721
      0.178     0.650       403.34826           2.8762383         93258
      0.224     0.650       384.79058           2.7584100         93920
      0.282     0.650       347.39622           2.5755012         92649
      0.355     0.650       316.52413           2.4414610         89360
      0.447     0.650       272.38183           2.2174194         83362
      0.562     0.650       228.68750           1.9789349         77157
      0.708     0.650       187.30559           1.7406237         69469
      0.891     0.650       143.96634           1.4762265         61190
      1.122     0.650       107.74497           1.2172482         52756
      1.413     0.650       81.309440           1.0047128         45926
      1.778     0.650       58.940577          0.80708873         39078
      2.239     0.650       40.741627          0.61416300         32375
      2.818     0.650       28.313040          0.49043823         26393
      3.548     0.650       19.143663          0.36185521         21656
      4.467     0.650       13.052166          0.27748413         17463
      5.623     0.650       9.0420700          0.21899978         14011
      7.079     0.650       5.8581796          0.15565002         11175
      8.913     0.650       3.9258220          0.11518418          8787
      0.112     0.750       405.43846           2.8106883         89737
      0.141     0.750       403.90209           2.7721483         94383
      0.178     0.750       402.91182           2.7482504         98278
      0.224     0.750       383.15564           2.6692246         98552
      0.282     0.750       351.98459           2.5430557         95719
      0.355     0.750       310.09355           2.3261976         91213
      0.447     0.750       268.48360           2.1478094         85098
      0.562     0.750       225.28048           1.9240899         77868
      0.708     0.750       180.79403           1.6708506         69606
      0.891     0.750       143.71087           1.4554174         61460
      1.122     0.750       107.81667           1.2171609         52631
      1.413     0.750       78.192376          0.98461606         45403
      1.778     0.750       57.720032          0.80334203         38264
      2.239     0.750       39.817914          0.61710072         31618
      2.818     0.750       27.635349          0.47370403         26214
      3.548     0.750       19.283464          0.38134084         21177
      4.467     0.750       12.811414          0.27594773         17196
      5.623     0.750       8.7733879          0.21874115         13653
      7.079     0.750       5.6062558          0.15098902         10867
      8.913     0.750       3.7861988          0.11147101          8444
      0.112     0.850       404.03254           2.7016251         93716
      0.141     0.850       406.42380           2.7001234         98921
      0.178     0.850       398.69512           2.6740923        101237
      0.224     0.850       377.43530           2.5651291        101567
      0.282     0.850       347.45141           2.4432603         97791
      0.355     0.850       308.10894           2.2850004         93293
      0.447     0.850       267.16688           2.0929952         86888
      0.562     0.850       220.23021           1.8616891         78725
      0.708     0.850       176.04914           1.6304993         70245
      0.891     0.850       139.95587           1.4251599         61805
      1.122     0.850       104.88889           1.1777864         53526
      1.413     0.850       76.470095          0.96057246         45559
      1.778     0.850       56.162401          0.79267964         38099
      2.239     0.850       38.849893          0.61115770         31730
      2.818     0.850       27.437223          0.48521573         26547
      3.548     0.850       17.619785          0.34019557         21229
      4.467     0.850       12.037600          0.26598743         17178
      5.623     0.850       8.1634872          0.20291102         13708
      7.079     0.850       5.6980749          0.15378127         10901
      8.913     0.850       3.4979207          0.10280517          8305
      0.112     0.950       401.18598           2.6174127         97483
      0.141     0.950       401.30861           2.6043453        102091
      0.178     0.950       396.17208           2.5854202        104371
      0.224     0.950       379.23167           2.5267577        103851
      0.282     0.950       346.13860           2.3867895        100343
      0.355     0.950       306.53436           2.2475381         94676
      0.447     0.950       266.33531           2.0722336         87862
      0.562     0.950       221.12780           1.8560132         79290
      0.708     0.950       175.02107           1.6197160         70315
      0.891     0.950       136.66144           1.3919174         61780
      1.122     0.950       103.87314           1.1804473         53210
      1.413     0.950       76.175253          0.97707611         45077
      1.778     0.950       56.142656          0.79367089         37953
      2.239     0.950       37.933555          0.60674008         31462
      2.818     0.950       26.922485          0.47617856         26226
      3.548     0.950       18.914682          0.38092923         21324
      4.467     0.950       11.580897          0.25203842         16918
      5.623     0.950       8.0314189          0.20201019         13563
      7.079     0.950       5.0816809          0.13850157         10506
      8.913     0.950       3.4243384          0.10168522          8266
